21701 4496 0 0
21819 4482 0 0
21772 4458 2 2
23042 3397 1 1
25886 362 1 1
25927 170 0 0
25591 750 0 0
25761 242 2 2
25878 227 2 2
26045 189 0 0
26512 72 0 0
26135 187 2 2
26102 137 0 0
25892 268 0 0
25985 251 0 0
26132 85 0 0
25976 172 1 1
25997 125 0 0
25965 260 1 1
26250 278 4 4
26078 84 0 0
26069 183 0 0
26150 153 0 0
26331 224 1 1
25935 265 0 0
26092 250 1 1
26051 197 0 0
26063 166 0 0
26024 213 1 1
26177 150 1 1
26232 102 0 0
26155 97 0 0
26093 163 1 1
26016 168 1 1
26054 109 0 0
26040 227 0 0
26139 169 0 0
26032 250 1 1
26094 199 0 0
25972 171 0 0
26301 209 0 0
26155 87 0 0
26059 85 0 0
26170 64 0 0
26137 98 0 0
25815 319 0 0
26307 129 1 1
26089 76 1 1
26215 90 0 0
25958 195 1 1
26150 58 2 2
26182 133 0 0
25951 306 0 0
26250 144 0 0
26126 192 0 0
26018 210 0 0
25873 317 0 0
26468 56 0 0
25970 281 1 1
25861 367 0 0
26080 137 0 0
26016 217 1 1
25945 196 1 1
26163 111 1 1
25846 238 1 1
25946 213 1 1
26184 137 0 0
25702 430 2 2
26284 98 0 0
26171 89 0 0
26468 164 0 0
25866 259 0 0
25998 223 0 0
26081 228 0 0
25902 331 0 0
25988 184 0 0
25998 125 0 0
26123 160 0 0
25894 345 1 1
25914 442 1 1
25845 480 1 1
25906 199 0 0
26085 165 0 0
26329 73 1 1
25921 372 0 0
25876 277 0 0
25968 370 1 1
26140 188 0 0
25797 600 2 2
26035 209 0 0
25940 125 1 1
26010 272 0 0
25951 267 0 0
25945 253 1 1
26045 160 0 0
26185 45 0 0
25868 216 0 0
26189 222 1 1
26100 103 1 1
25952 241 2 2
26319 137 0 0
26199 117 0 0
26000 190 1 1
26155 148 0 0
26043 134 0 0
25911 314 0 0
26086 155 1 1
26200 54 0 0
26034 240 0 0
26093 217 1 1
26114 120 0 0
26006 195 1 1
26077 133 0 0
25856 360 0 0
26033 124 0 0
26059 123 1 1
26125 104 0 0
26119 166 0 0
26012 271 0 0
26079 194 0 0
26083 249 0 0
26349 159 2 2
26149 110 1 1
26087 260 0 0
25835 347 1 1
25978 221 1 1
26279 207 1 1
26114 98 0 0
26068 105 1 1
26073 172 0 0
25828 389 3 3
26074 300 1 1
26084 97 1 1
26145 115 0 0
26193 138 0 0
26053 153 0 0
25871 220 0 0
26121 218 0 0
26385 144 0 0
26010 125 0 0
26149 127 1 1
26019 192 1 1
26048 100 2 2
26187 110 2 2
26351 68 0 0
25798 314 0 0
25838 239 0 0
26053 282 1 1
26233 73 1 1
26219 58 0 0
26010 171 0 0
25942 95 0 0
26194 165 0 0
26107 132 0 0
26048 153 0 0
26106 119 1 1
26016 93 0 0
26036 166 0 0
26161 100 1 1
26005 198 1 1
26269 104 1 1
26103 102 1 1
26118 201 1 1
26091 228 1 1
26097 119 0 0
26215 126 0 0
26064 210 0 0
25960 168 0 0
26212 134 0 0
26185 59 0 0
25867 163 0 0
26042 104 1 1
26119 113 2 2
26217 155 0 0
26089 148 0 0
25989 234 0 0
26059 180 0 0
26494 88 0 0
26049 181 0 0
26004 175 0 0
26059 216 5 5
26047 105 0 0
26068 147 0 0
25925 190 0 0
26076 417 0 0
26103 104 0 0
26301 219 0 0
26064 126 0 0
25979 226 0 0
26011 300 0 0
26385 173 0 0
26016 109 1 1
26025 183 1 1
26132 96 0 0
25956 120 0 0
26172 133 0 0
25979 261 1 1
25934 155 1 1
26125 222 1 1
26498 95 1 1
26116 110 0 0
25768 409 0 0
25883 295 1 1
26218 165 0 0
26101 190 0 0
25952 223 1 1
25999 122 0 0
25905 301 0 0
25721 430 0 0
25778 417 0 0
25853 452 0 0
26147 101 0 0
25943 232 1 1
25978 129 0 0
25783 296 0 0
26018 265 0 0
26074 355 0 0
25928 265 0 0
26127 75 0 0
25948 223 0 0
25984 197 0 0
26137 83 0 0
25850 308 0 0
26107 76 1 1
26980 75 1 1
26081 103 0 0
26047 104 0 0
26084 178 2 2
25873 381 1 1
25968 494 0 0
26070 167 0 0
26080 163 0 0
25704 340 0 0
26134 107 0 0
26173 194 0 0
25888 228 0 0
25984 224 0 0
26031 146 1 1
26148 180 4 4
26148 47 0 0
26091 137 1 1
25910 261 1 1
25824 588 0 0
26014 216 0 0
25971 280 5 5
26071 94 0 0
26460 108 0 0
25828 319 0 0
26094 179 2 2
26035 115 1 1
26181 106 0 0
25964 95 0 0
26474 130 0 0
26139 200 0 0
26128 80 0 0
26258 76 4 4
25979 185 0 0
25656 562 1 1
26139 138 0 0
26263 92 0 0
26184 44 0 0
25960 297 0 0
25791 390 1 1
25988 157 0 0
26127 130 0 0
26044 217 0 0
26239 51 0 0
25859 221 0 0
26165 71 0 0
26163 110 0 0
26142 63 0 0
26103 113 1 1
26115 234 0 0
25973 110 0 0
26024 332 0 0
25849 142 0 0
26203 119 0 0
26145 62 0 0
26122 149 0 0
26144 50 1 1
26097 89 0 0
26020 153 0 0
25979 146 1 1
26033 162 0 0
26086 182 0 0
26280 176 7 7
26158 195 0 0
26113 170 0 0
25910 208 0 0
26382 79 0 0
25865 212 0 0
26196 147 1 1
26152 171 2 2
26128 104 0 0
26119 169 0 0
26135 78 0 0
25953 141 0 0
26143 111 1 1
25959 169 0 0
26080 182 1 1
26073 165 0 0
25993 204 0 0
26250 66 0 0
25940 213 0 0
25999 166 0 0
25999 271 2 2
26114 87 1 1
26109 107 0 0
26109 68 1 1
27205 110 0 0
26139 88 1 1
26073 92 0 0
26198 125 0 0
25925 233 0 0
26050 172 0 0
26053 90 2 2
26172 111 1 1
26212 58 1 1
26146 104 0 0
26123 193 0 0
25819 288 0 0
25333 796 2 2
26121 147 1 1
26196 226 0 0
26195 162 0 0
25893 290 0 0
26083 129 0 0
26065 133 0 0
26099 149 0 0
26112 135 1 1
26282 89 0 0
26222 137 0 0
25755 475 0 0
26103 153 0 0
25976 106 0 0
26081 108 0 0
26244 114 0 0
26234 131 2 2
26120 204 2 2
26158 154 2 2
26240 178 0 0
26033 148 1 1
26146 89 1 1
25861 140 0 0
26389 87 0 0
26116 197 0 0
26005 239 1 1
26042 113 1 1
26201 64 1 1
26074 124 0 0
26151 41 2 2
26044 171 0 0
26036 141 0 0
26081 161 0 0
26037 148 0 0
26128 38 0 0
26194 119 1 1
26274 139 1 1
26098 130 0 0
26033 174 0 0
26019 102 0 0
26148 158 0 0
26034 180 0 0
26154 123 0 0
26107 147 0 0
26175 101 0 0
26028 169 0 0
25981 166 0 0
25891 276 0 0
26126 109 0 0
26290 78 1 1
26060 109 0 0
26021 253 0 0
25987 193 0 0
26182 289 0 0
26045 146 0 0
26051 221 1 1
25887 324 0 0
26018 288 2 2
26037 304 0 0
26238 213 1 1
26090 156 1 1
26182 121 0 0
25997 234 2 2
26067 220 0 0
25826 280 3 3
25975 136 1 1
26111 294 0 0
26000 207 0 0
26037 160 0 0
26234 86 0 0
26025 232 0 0
26002 221 0 0
25900 254 0 0
26031 234 0 0
26336 91 0 0
26274 48 0 0
26250 94 0 0
25513 731 1 1
26501 216 1 1
26189 84 2 2
26187 179 0 0
26152 100 0 0
26094 125 0 0
25805 394 0 0
26077 221 0 0
25867 212 0 0
26023 178 0 0
26304 105 0 0
26380 77 0 0
26116 92 0 0
26130 112 1 1
25776 656 1 1
26171 226 1 1
26058 93 0 0
26146 87 0 0
25877 303 0 0
26312 118 4 4
26167 95 1 1
25908 222 0 0
25822 341 1 1
26161 103 0 0
25988 193 0 0
26200 213 0 0
26071 182 0 0
26201 111 0 0
26059 175 0 0
26246 196 0 0
26209 99 0 0
26280 94 1 1
26188 140 0 0
26024 178 0 0
26098 124 0 0
26272 279 0 0
26059 133 0 0
26074 74 0 0
26074 217 1 1
26229 113 1 1
26169 154 0 0
26073 70 1 1
25997 209 0 0
25888 297 0 0
26226 73 0 0
26054 41 1 1
26051 208 0 0
26071 151 0 0
26176 146 1 1
25899 133 0 0
25922 187 0 0
26111 172 0 0
25823 380 0 0
25813 318 0 0
25817 238 1 1
26220 137 0 0
26288 68 0 0
26238 163 1 1
26223 117 0 0
26078 202 0 0
26072 137 2 2
26021 199 2 2
26012 188 0 0
26115 78 0 0
26201 107 0 0
26045 172 1 1
25975 266 1 1
25816 389 0 0
26104 110 0 0
26026 82 0 0
26508 99 0 0
26094 118 0 0
26175 177 0 0
26018 144 1 1
26263 274 1 1
26122 90 0 0
26042 154 0 0
25928 313 0 0
26112 133 0 0
26011 273 0 0
26064 130 0 0
25928 195 0 0
26229 86 0 0
26266 90 0 0
26150 167 0 0
26047 193 2 2
26169 140 1 1
26234 160 0 0
26004 87 0 0
26191 100 1 1
26055 119 0 0
26121 253 0 0
25947 241 0 0
25911 302 1 1
26181 167 0 0
26219 132 1 1
26016 193 0 0
26273 47 1 1
25765 461 0 0
25842 267 4 4
26053 162 0 0
26072 209 0 0
26039 207 0 0
25760 159 0 0
26135 82 0 0
25956 284 0 0
26132 230 0 0
26055 179 0 0
26587 77 1 1
26110 158 0 0
26164 197 1 1
26172 153 0 0
25906 433 0 0
26298 101 1 1
26073 191 0 0
26068 114 0 0
26325 92 0 0
26062 139 1 1
26134 109 0 0
26112 155 1 1
26037 197 0 0
26221 107 0 0
26162 207 1 1
26275 87 0 0
26022 273 0 0
26149 160 0 0
26413 175 2 2
25833 262 0 0
26111 198 0 0
26150 183 0 0
26199 148 0 0
26000 237 0 0
26065 190 0 0
26487 87 0 0
26165 172 1 1
26032 171 0 0
26112 59 0 0
25879 357 0 0
25953 240 0 0
25877 311 0 0
25935 379 1 1
26020 110 1 1
26269 146 0 0
25927 305 2 2
26038 293 0 0
25889 315 2 2
26635 101 1 1
26054 75 0 0
26060 146 0 0
26081 72 1 1
26236 70 1 1
26191 86 1 1
26022 181 1 1
25899 291 1 1
25916 368 0 0
26125 147 2 2
26029 211 0 0
25970 144 0 0
25907 208 0 0
26256 196 0 0
26105 95 1 1
26164 85 1 1
26068 93 0 0
26102 74 0 0
26215 205 0 0
26037 266 0 0
26004 167 0 0
26120 171 0 0
25940 325 0 0
25869 395 0 0
26013 233 9 9
25961 197 1 1
25946 184 0 0
26167 109 1 1
26000 113 0 0
26023 143 0 0
26376 111 0 0
26119 143 2 2
26092 182 1 1
26055 65 0 0
26163 236 1 1
26212 157 0 0
26010 194 0 0
26086 136 2 2
26189 123 2 2
25900 317 0 0
26195 131 0 0
26186 79 0 0
26199 109 0 0
26224 53 0 0
26137 107 0 0
25970 232 0 0
26029 196 0 0
26158 120 1 1
26137 64 0 0
25956 246 2 2
26096 209 0 0
26047 323 2 2
26157 171 0 0
26120 87 0 0
26064 102 0 0
26282 63 9 9
26115 291 2 2
25953 357 1 1
25910 263 0 0
26000 217 0 0
26205 87 0 0
26197 77 1 1
26080 134 1 1
26031 169 0 0
26279 122 0 0
26085 173 2 2
26116 126 1 1
26016 182 0 0
26440 89 1 1
26134 130 0 0
26049 85 0 0
26468 71 1 1
26275 141 0 0
26237 99 1 1
26002 218 0 0
25869 305 1 1
26040 216 0 0
26248 154 0 0
26177 149 1 1
26096 118 1 1
25914 242 1 1
26395 150 0 0
25934 258 0 0
26536 121 0 0
26152 107 0 0
26178 105 0 0
26111 120 0 0
26117 193 1 1
25746 350 1 1
26383 211 0 0
25951 242 0 0
26260 64 0 0
26325 183 0 0
26135 121 1 1
26117 118 0 0
25977 262 0 0
25945 286 0 0
25934 499 0 0
26049 122 2 2
25934 251 1 1
26239 64 2 2
26089 85 2 2
26216 103 0 0
26179 118 2 2
26126 369 0 0
26140 167 1 1
26153 120 0 0
26191 199 0 0
26053 247 0 0
26081 143 2 2
26206 297 0 0
26153 410 1 1
25969 185 0 0
26135 158 0 0
26187 228 0 0
26121 93 1 1
26121 184 0 0
26063 185 0 0
26193 59 0 0
26200 155 0 0
26174 91 0 0
26208 156 0 0
26070 113 0 0
26170 191 0 0
26116 199 0 0
26039 205 0 0
26152 87 0 0
26393 106 1 1
26185 123 0 0
26317 129 0 0
26171 137 0 0
26176 118 1 1
25996 248 1 1
26121 146 0 0
25998 118 0 0
26112 135 1 1
26027 161 2 2
26107 179 2 2
26237 150 1 1
26059 189 0 0
26145 78 1 1
26209 99 0 0
26263 286 0 0
25973 191 0 0
26169 64 1 1
26198 70 2 2
26113 81 0 0
26024 135 0 0
26258 248 0 0
26164 91 0 0
26018 114 0 0
26024 106 0 0
26393 206 0 0
26009 108 0 0
26203 123 0 0
26231 87 1 1
26141 133 0 0
26321 139 0 0
26170 120 2 2
26079 92 0 0
26265 91 0 0
26153 131 0 0
26012 203 0 0
26131 224 0 0
26066 157 0 0
26266 119 1 1
26044 133 1 1
26176 146 1 1
26189 127 0 0
26305 230 0 0
26173 105 0 0
25920 253 0 0
26183 122 1 1
26309 126 5 5
26010 296 0 0
27269 377 0 0
26087 196 2 2
26089 178 0 0
26045 179 1 1
26191 217 0 0
26032 292 1 1
26149 250 0 0
25892 258 0 0
25909 194 0 0
26190 173 0 0
26434 119 1 1
26059 139 2 2
25712 538 0 0
25808 549 1 1
26233 421 0 0
26014 192 0 0
25888 386 0 0
26134 199 1 1
26032 165 2 2
25853 364 0 0
25865 394 2 2
25949 295 2 2
25955 242 0 0
25986 277 1 1
26074 177 0 0
26011 354 2 2
25918 289 0 0
26311 184 2 2
26199 238 0 0
26093 140 2 2
26061 158 0 0
26521 55 1 1
26211 130 2 2
26147 223 0 0
25993 346 0 0
26284 237 1 1
26071 206 0 0
25926 181 0 0
26125 108 1 1
26125 163 0 0
25917 198 0 0
26041 231 1 1
26266 75 0 0
26244 154 0 0
26128 98 0 0
25888 310 0 0
26023 101 0 0
26087 122 0 0
26414 135 1 1
26226 40 0 0
26160 162 0 0
26256 113 0 0
26061 264 0 0
26236 176 0 0
26139 263 0 0
26116 181 0 0
26267 193 0 0
26220 124 2 2
26334 58 0 0
25888 267 0 0
26178 74 1 1
26257 85 1 1
26105 107 0 0
26124 181 0 0
26052 72 0 0
26074 88 0 0
26135 201 0 0
26053 181 7 7
26131 197 0 0
26418 126 0 0
26198 57 6 6
26055 273 0 0
25978 296 2 2
25758 476 0 0
26086 400 1 1
26104 79 1 1
26134 196 2 2
25934 283 3 3
25980 230 1 1
25842 409 0 0
26232 238 0 0
26111 162 0 0
25934 172 1 1
25803 283 0 0
25974 369 0 0
25923 220 1 1
26174 263 1 1
25977 156 0 0
26020 249 0 0
26017 232 0 0
26523 48 1 1
26116 82 0 0
26198 78 0 0
26152 159 1 1
26108 109 2 2
26096 84 7 7
26211 150 0 0
26106 175 2 2
25954 230 1 1
27565 113 1 1
25934 288 0 0
26117 152 0 0
26232 228 0 0
25909 322 0 0
26080 148 0 0
26257 103 1 1
25866 367 0 0
26026 220 0 0
25870 354 0 0
26242 35 0 0
26228 54 0 0
25999 158 1 1
26016 225 0 0
26100 198 0 0
26064 93 0 0
26252 71 0 0
26066 158 0 0
26279 78 8 8
26164 91 0 0
26395 188 0 0
25994 284 0 0
26037 101 1 1
26165 86 0 0
26047 155 0 0
26062 177 0 0
26067 322 0 0
26043 95 0 0
26260 144 0 0
26134 130 1 1
26008 230 0 0
26347 67 1 1
26137 107 0 0
25784 299 1 1
26165 135 0 0
26031 232 0 0
26141 221 0 0
26187 188 0 0
26199 171 0 0
25959 196 0 0
26264 98 1 1
26413 106 0 0
26032 61 0 0
26366 110 0 0
26142 108 0 0
26069 232 0 0
26223 123 0 0
26247 151 2 2
26016 113 0 0
26159 57 10 10
25118 1161 0 0
26080 157 2 2
26016 209 1 1
25911 261 1 1
26134 181 3 3
26186 120 0 0
26066 153 0 0
26217 122 0 0
26353 239 1 1
25754 417 0 0
26013 269 1 1
26069 182 2 2
26319 172 0 0
26182 161 1 1
25865 242 0 0
25931 317 0 0
26044 169 0 0
26259 97 0 0
26139 85 7 7
25950 132 0 0
26159 112 0 0
26028 305 0 0
26058 191 0 0
25856 303 0 0
26262 132 1 1
26144 100 1 1
26249 155 0 0
25768 505 0 0
25733 417 2 2
25743 456 0 0
26170 94 0 0
26133 184 2 2
26159 137 1 1
26379 164 2 2
25873 320 0 0
26062 178 0 0
26163 114 1 1
26121 503 1 1
26199 127 0 0
26052 167 0 0
26143 132 0 0
25966 187 0 0
25968 246 1 1
26070 128 0 0
25867 272 0 0
26238 66 0 0
26051 266 2 2
25811 311 0 0
25804 344 1 1
26884 155 0 0
26222 170 0 0
25948 249 0 0
26247 120 0 0
25797 361 1 1
26351 350 0 0
25820 366 0 0
25957 252 0 0
25921 200 1 1
26082 207 0 0
25939 242 1 1
26002 204 0 0
25820 304 0 0
26124 155 1 1
26302 132 0 0
26136 225 1 1
26038 282 0 0
26048 148 3 3
26141 240 0 0
26078 116 0 0
25895 321 0 0
25828 285 1 1
26298 109 2 2
26008 146 0 0
26038 299 0 0
25788 330 0 0
25970 200 0 0
25993 230 0 0
26240 110 0 0
25997 160 0 0
26131 119 0 0
26125 128 0 0
25866 242 0 0
26093 146 0 0
26222 109 0 0
26163 377 0 0
25844 240 0 0
25910 260 0 0
26083 76 0 0
26177 171 1 1
25977 167 1 1
26007 306 0 0
25959 214 1 1
26171 122 0 0
25964 138 0 0
26100 130 1 1
26068 189 0 0
26214 181 0 0
26220 104 0 0
25980 186 0 0
25884 292 0 0
26067 292 1 1
26242 99 0 0
26169 192 0 0
25840 229 0 0
26058 79 0 0
25924 272 0 0
25718 457 0 0
26121 213 1 1
26036 218 1 1
26054 210 1 1
25837 349 1 1
26151 191 0 0
25986 144 0 0
26154 122 1 1
26238 154 0 0
26005 210 0 0
26248 111 0 0
26164 145 1 1
26035 464 1 1
25991 285 0 0
25911 331 1 1
26184 110 1 1
26020 261 1 1
26016 226 0 0
26107 190 0 0
25829 385 0 0
25921 269 0 0
25792 570 0 0
26069 209 0 0
26135 208 0 0
26230 123 1 1
25746 482 0 0
