22042 4562 8 8
22183 4470 0 0
22261 4447 1 1
23354 3455 1 1
26205 374 0 0
26311 142 5 5
25943 749 0 0
26139 268 8 8
26293 203 9 9
26420 159 0 0
26790 93 0 0
26534 220 1 1
26393 128 0 0
26298 251 8 8
26397 236 0 0
26578 79 10 10
26409 141 1 1
26398 112 0 0
26249 280 1 1
26654 204 9 9
26415 95 8 8
26440 188 0 0
26429 155 0 0
26733 229 0 0
26377 171 14 14
26357 259 0 0
26418 200 11 11
26368 184 11 11
26403 220 14 14
26640 165 1 1
26484 124 0 0
26423 86 0 0
26572 146 9 9
26432 158 0 0
26411 114 0 0
26297 193 0 0
26555 194 0 0
26365 330 2 2
26382 235 0 0
26270 188 0 0
26725 198 0 0
26571 73 0 0
26462 76 10 10
26534 56 0 0
26612 114 15 15
26186 276 0 0
26632 125 0 0
26529 83 0 0
26619 75 0 0
26357 203 0 0
26484 63 0 0
26620 123 0 0
26231 324 0 0
26711 145 0 0
26375 181 6 6
26439 197 0 0
26194 303 0 0
26702 78 0 0
26323 259 0 0
26261 305 0 0
26353 171 0 0
26410 244 0 0
26254 204 0 0
26448 120 0 0
26268 255 0 0
26372 204 12 12
26548 120 0 0
26087 408 0 0
26594 121 10 10
26431 121 0 0
26735 157 0 0
26194 260 0 0
26309 225 0 0
26393 330 2 2
26310 341 0 0
26381 173 0 0
26420 81 0 0
26513 134 0 0
26287 335 14 14
26321 391 0 0
26204 441 0 0
26236 188 0 0
26391 176 6 6
26675 91 0 0
26244 382 0 0
26223 283 0 0
26291 400 2 2
26507 148 0 0
26216 580 0 0
26272 387 5 5
26325 133 7 7
26253 299 0 0
26240 281 0 0
26292 225 0 0
26436 186 0 0
26537 54 9 9
26243 207 0 0
26573 193 0 0
26476 99 3 3
26305 273 0 0
26665 169 0 0
26533 112 0 0
26402 204 4 4
26533 174 0 0
26552 125 0 0
26325 299 0 0
26495 135 8 8
26542 69 0 0
26441 208 0 0
26361 223 0 0
26517 96 10 10
26399 168 6 6
26431 151 0 0
26318 342 0 0
26442 130 7 7
26386 129 0 0
26533 108 0 0
26487 172 0 0
26353 251 1 1
26396 212 0 0
26389 252 0 0
26788 130 6 6
26571 97 12 12
26421 251 0 0
26201 297 0 0
26248 252 0 0
26681 192 0 0
26474 95 0 0
26368 142 0 0
26392 170 0 0
26436 386 6 6
26323 263 0 0
26468 82 0 0
26464 104 0 0
26531 139 0 0
26822 134 0 0
26247 241 1 1
26544 181 7 7
26701 127 11 11
26305 143 0 0
26509 125 0 0
26297 198 0 0
26417 90 2 2
26663 94 6 6
26737 57 0 0
26111 300 0 0
26223 222 0 0
26455 268 13 13
26497 88 0 0
26528 151 5 5
26374 139 0 0
26227 135 0 0
26637 123 14 14
26444 116 1 1
26370 129 0 0
26368 223 6 6
26419 99 0 0
26308 250 2 2
26554 94 7 7
26344 178 1 1
26607 136 0 0
26402 97 0 0
26371 178 0 0
26425 209 0 0
26403 97 0 0
26506 211 2 2
26537 177 9 9
26261 137 0 0
26685 113 0 0
26632 49 0 0
26201 168 0 0
26424 103 8 8
26519 128 9 9
26603 174 12 12
26504 117 0 0
26257 246 0 0
26406 203 0 0
26877 96 0 0
26412 177 9 9
26415 168 0 0
26330 242 0 0
26397 111 0 0
26561 175 0 0
26323 185 6 6
26224 380 2 2
26457 101 0 0
26671 300 5 5
26421 107 0 0
26127 337 0 0
26357 319 0 0
26775 163 0 0
26396 106 0 0
26495 123 8 8
26456 103 13 13
26389 142 0 0
26438 200 7 7
26258 261 0 0
26249 217 0 0
26492 205 0 0
26853 102 0 0
26432 127 0 0
26088 414 0 0
26182 347 0 0
26539 221 1 1
26422 201 0 0
26301 278 0 0
26284 209 0 0
26157 336 0 0
25900 702 0 0
26169 387 0 0
26240 436 0 0
26454 124 0 0
26315 344 4 4
26298 115 0 0
26122 286 0 0
26422 245 8 8
26451 328 0 0
26160 320 0 0
26393 88 0 0
26313 202 0 0
26450 172 0 0
26422 93 0 0
26244 248 0 0
26518 65 1 1
27400 62 0 0
26488 114 7 7
26412 98 0 0
26392 214 0 0
26159 420 0 0
26276 486 0 0
26337 158 0 0
26459 145 4 4
26052 292 0 0
26485 77 1 1
26538 218 0 0
26182 217 0 0
26388 270 0 0
26447 156 0 0
26587 199 1 1
26564 49 8 8
26472 120 11 11
26281 253 0 0
26232 599 0 0
26387 186 0 0
26339 313 1 1
26475 91 0 0
26760 87 0 0
26210 334 12 12
26496 165 0 0
26354 146 7 7
26504 105 0 0
26432 104 7 7
26490 120 0 0
26546 172 3 3
26465 98 6 6
26548 81 8 8
26333 174 0 0
26000 552 0 0
26493 152 1 1
26564 88 0 0
26491 43 0 0
26281 295 0 0
26163 402 4 4
26334 150 0 0
26458 146 0 0
26343 309 7 7
26589 115 2 2
26154 212 0 0
26531 83 0 0
26523 103 4 4
26486 61 0 0
26505 94 0 0
26529 239 0 0
26318 102 0 0
26349 337 0 0
26221 160 5 5
26687 112 0 0
26569 66 6 6
26467 156 0 0
26388 146 1 1
26362 159 0 0
26506 222 1 1
26373 170 9 9
26398 169 3 3
26477 187 0 0
26607 167 0 0
26507 205 0 0
26430 165 0 0
26298 207 9 9
26757 85 2 2
26297 215 6 6
26582 145 0 0
26475 227 4 4
26553 111 2 2
26381 185 0 0
26571 68 1 1
26322 149 0 0
26449 118 0 0
26399 192 0 0
26492 172 1 1
26455 143 0 0
26284 216 0 0
26598 111 3 3
26208 258 0 0
26337 173 12 12
26389 213 0 0
26539 73 0 0
26591 95 1 1
26436 53 0 0
27766 96 0 0
26470 118 2 2
26458 126 11 11
26479 120 0 0
26209 252 0 0
26399 161 8 8
26426 80 0 0
26496 85 1 1
26615 57 1 1
26601 124 0 0
26493 162 0 0
26244 297 6 6
25750 790 7 7
26612 121 1 1
26616 214 0 0
26501 154 0 0
26123 287 0 0
26465 139 11 11
26485 104 0 0
26515 136 9 9
26533 107 4 4
26578 176 2 2
26558 129 0 0
26178 464 0 0
26531 121 0 0
26291 165 0 0
26495 137 0 0
26641 119 0 0
26393 127 11 11
26603 189 1 1
26550 166 0 0
26565 197 0 0
26443 152 12 12
26534 99 5 5
26208 250 0 0
26678 103 13 13
26524 183 0 0
26373 222 0 0
26376 122 0 0
26506 70 7 7
26378 194 2 2
26573 47 0 0
26391 108 0 0
26366 153 0 0
26417 178 0 0
26458 143 2 2
26511 43 0 0
26582 105 7 7
26525 193 0 0
26470 122 0 0
26348 158 0 0
26350 100 0 0
26474 135 0 0
26305 177 0 0
26697 140 7 7
26420 105 0 0
26574 98 8 8
26354 144 0 0
26337 163 0 0
26223 276 0 0
26475 73 0 0
26746 70 10 10
26359 109 0 0
26321 279 0 0
26355 201 0 0
26539 273 0 0
26379 163 8 8
26385 192 0 0
26305 305 0 0
26402 303 4 4
26373 300 0 0
26589 204 0 0
26446 130 0 0
26448 135 0 0
26536 193 4 4
26324 244 0 0
26174 290 11 11
26445 150 0 0
26530 223 1 1
26307 202 0 0
26360 155 0 0
26597 83 0 0
26542 200 0 0
26228 271 0 0
26242 256 0 0
26432 216 0 0
26697 102 1 1
26595 57 1 1
26705 83 0 0
25867 727 10 10
26843 204 0 0
26389 88 0 0
26560 156 0 0
26568 92 0 0
26464 80 9 9
26214 391 0 0
26416 244 0 0
26198 212 0 0
26348 162 0 0
26710 107 0 0
26649 109 0 0
26434 83 0 0
26483 118 0 0
26124 648 0 0
26539 281 3 3
26349 98 0 0
26485 64 0 0
26201 315 0 0
26659 142 8 8
26622 82 1 1
26234 236 0 0
26253 357 1 1
26725 101 0 0
26353 203 0 0
26535 204 0 0
26435 194 10 10
26548 114 0 0
26543 150 0 0
26507 269 2 2
26659 89 1 1
26677 84 6 6
26597 87 12 12
26276 196 0 0
26523 115 0 0
26757 266 0 0
26329 135 0 0
26292 85 0 0
26451 249 6 6
26500 155 7 7
26608 188 3 3
26512 67 0 0
26417 190 0 0
26266 262 12 12
26563 78 0 0
26457 59 0 0
26366 245 4 4
26369 191 0 0
26526 138 0 0
26248 145 3 3
26344 173 0 0
26394 285 3 3
26261 349 0 0
26246 307 0 0
26147 256 0 0
26496 129 0 0
26575 81 0 0
26635 145 0 0
26546 151 0 0
26352 224 0 0
26488 140 0 0
26524 171 12 12
26361 167 0 0
26472 65 0 0
26455 103 7 7
26350 179 0 0
26513 293 1 1
26158 446 1 1
26512 137 0 0
26424 63 1 1
26743 168 5 5
26525 123 0 0
26516 198 4 4
26360 148 8 8
26656 277 0 0
26469 99 0 0
26468 145 0 0
26239 309 0 0
26336 190 0 0
26344 254 0 0
26411 210 0 0
26246 198 0 0
26590 75 0 0
26678 183 3 3
26412 190 1 1
26472 156 0 0
26538 167 7 7
26627 164 11 11
26429 102 2 2
26533 97 7 7
26393 125 0 0
26424 233 0 0
26304 207 0 0
26307 295 0 0
26571 168 0 0
26597 125 0 0
26480 164 0 0
26578 54 1 1
26114 430 0 0
26239 271 0 0
26443 150 5 5
26518 180 0 0
26368 178 0 0
26211 292 0 0
26531 86 0 0
26301 273 0 0
26437 195 0 0
26422 175 5 5
26892 94 9 9
26768 161 1 1
26483 290 3 3
26572 145 0 0
26284 441 5 5
26660 85 5 5
26435 176 7 7
26406 122 0 0
26683 71 0 0
26406 130 8 8
26564 78 8 8
26465 133 0 0
26408 179 0 0
26789 113 3 3
26630 145 0 0
26667 83 0 0
26477 252 0 0
26492 177 0 0
26810 166 6 6
26246 247 8 8
26464 181 0 0
26498 207 0 0
26538 131 0 0
26325 289 1 1
26409 204 0 0
26720 90 0 0
26544 168 0 0
26321 217 0 0
26568 34 0 0
26106 365 0 0
26394 263 0 0
26172 319 0 0
26283 373 0 0
26409 111 7 7
26583 147 0 0
26277 311 0 0
26400 297 1 1
26303 322 0 0
26890 95 0 0
26364 112 0 0
26483 137 0 0
26475 63 0 0
26562 76 12 12
26554 113 0 0
26471 183 0 0
26213 372 2 2
26207 451 3 3
26596 160 1 1
26478 196 0 0
26327 155 0 0
26238 220 0 0
26551 179 0 0
26481 91 8 8
26569 108 0 0
26388 91 0 0
26328 119 0 0
26642 222 0 0
26429 261 0 0
26388 164 0 0
26457 155 0 0
26132 413 0 0
26172 373 0 0
26385 225 5 5
26365 162 0 0
26366 186 0 0
26506 147 7 7
26362 125 0 0
26480 101 7 7
26757 63 0 0
26503 152 9 9
26399 188 0 0
26474 57 8 8
26432 222 0 0
26564 137 0 0
26363 228 6 6
26402 165 4 4
26554 121 0 0
26226 277 0 0
26482 154 0 0
26553 71 11 11
26512 110 0 0
26738 48 9 9
26483 133 0 0
26321 237 0 0
26357 177 0 0
26631 97 12 12
26559 63 0 0
26268 337 3 3
26498 224 0 0
26385 295 0 0
26625 189 0 0
26401 100 1 1
26360 95 0 0
26676 52 2 2
26554 252 0 0
26264 333 0 0
26340 210 0 0
26345 206 0 0
26733 88 0 0
26571 55 11 11
26398 143 1 1
26349 250 2 2
26634 146 0 0
26459 142 0 0
26498 106 8 8
26345 250 0 0
26760 117 0 0
26583 101 0 0
26485 90 6 6
26824 92 0 0
26449 167 0 0
26576 114 5 5
26326 220 0 0
26344 294 1 1
26460 224 0 0
26614 159 7 7
26572 134 0 0
26502 100 0 0
26228 223 0 0
26826 129 0 0
26227 250 0 0
26840 122 0 0
26560 107 0 0
26539 60 0 0
26469 128 7 7
26570 137 4 4
26111 371 0 0
26663 218 0 0
26336 249 0 0
26674 51 10 10
26631 178 0 0
26577 129 1 1
26430 116 0 0
26388 254 0 0
26355 287 0 0
26289 514 0 0
26520 122 0 0
26333 262 9 9
26547 57 0 0
26528 96 0 0
26738 74 0 0
26528 158 7 7
26313 327 0 0
26581 167 1 1
26621 104 0 0
26453 209 0 0
26460 197 0 0
26528 115 0 0
26487 379 1 1
26447 540 1 1
26294 190 1 1
26522 167 4 4
26647 208 1 1
26514 98 10 10
26470 202 7 7
26469 211 1 1
26569 64 0 0
26553 148 7 7
26560 103 0 0
26506 191 0 0
26376 124 0 0
26636 146 0 0
26466 189 1 1
26475 227 0 0
26436 81 0 0
26775 99 7 7
26549 101 0 0
26659 105 0 0
26464 126 0 0
26553 134 4 4
26444 236 1 1
26390 175 0 0
26273 87 0 0
26507 152 1 1
26408 167 0 0
26489 160 9 9
26620 131 3 3
26440 197 0 0
26580 80 0 0
26477 103 0 0
26352 388 4 4
26326 189 0 0
26690 69 8 8
26622 69 0 0
26477 119 0 0
26439 128 7 7
26553 224 0 0
26432 187 5 5
26444 77 0 0
26399 104 0 0
26734 211 0 0
26420 101 0 0
26733 92 0 0
26626 96 8 8
26460 151 0 0
26749 132 0 0
26579 106 9 9
26469 94 0 0
26588 68 0 0
26508 139 0 0
26487 178 0 0
26420 224 0 0
26489 113 0 0
26802 96 0 0
26373 156 0 0
26564 127 0 0
26492 124 0 0
26638 190 0 0
26421 131 0 0
26318 276 0 0
26554 145 9 9
26523 289 5 5
26566 309 7 7
27707 435 0 0
26396 264 6 6
26516 189 0 0
26450 172 0 0
26536 205 6 6
26398 300 6 6
26671 250 6 6
26216 247 0 0
26328 199 0 0
26462 218 0 0
26761 103 10 10
26415 147 5 5
26098 565 11 11
26182 599 2 2
26625 434 1 1
26397 183 5 5
26368 337 0 0
26601 176 0 0
26407 186 2 2
26251 365 8 8
26351 362 1 1
26303 318 7 7
26297 235 0 0
26303 284 0 0
26420 187 0 0
26332 341 0 0
26360 234 3 3
26672 167 0 0
26300 224 0 0
26522 103 0 0
26421 158 0 0
26872 72 0 0
26538 166 10 10
26453 227 0 0
26356 337 0 0
26604 242 0 0
26387 208 0 0
26353 183 0 0
26478 157 6 6
26510 180 6 6
26313 214 8 8
26465 242 1 1
26594 152 7 7
26630 132 0 0
26582 86 0 0
26206 300 0 0
26462 109 0 0
26358 135 0 0
26751 144 0 0
26603 32 0 0
26518 138 0 0
26634 89 4 4
26374 331 1 1
26502 148 0 0
26390 286 0 0
26526 156 0 0
26576 288 4 4
26647 93 7 7
26628 106 3 3
26203 258 0 0
26507 155 2 2
26673 75 7 7
26516 118 0 0
26461 245 3 3
26298 183 0 0
26546 99 0 0
26550 198 0 0
26396 163 7 7
26549 169 0 0
26829 79 0 0
26524 66 11 11
26342 261 0 0
26363 304 1 1
26062 501 1 1
26536 392 0 0
26421 133 1 1
26498 185 0 0
26426 265 1 1
26341 242 0 0
26239 399 9 9
26619 245 0 0
26479 149 0 0
26223 282 1 1
26168 255 0 0
26282 406 0 0
26326 195 0 0
26621 225 9 9
26382 139 1 1
26350 267 0 0
26379 235 0 0
26773 58 0 0
26407 95 0 0
26531 63 0 0
26611 124 11 11
26551 109 1 1
26397 88 6 6
26529 127 0 0
26489 163 0 0
26339 211 0 0
28365 78 0 0
26259 278 0 0
26430 152 9 9
26588 233 9 9
26343 326 0 0
26423 155 0 0
26608 145 0 0
26275 362 1 1
26377 251 0 0
26270 363 0 0
26611 45 0 0
26540 54 0 0
26587 164 1 1
26313 241 1 1
26412 214 1 1
26495 98 1 1
26679 92 9 9
26376 164 0 0
26645 95 1 1
26512 137 3 3
26782 159 0 0
26348 278 0 0
26453 123 1 1
26501 83 0 0
26433 96 9 9
26461 190 0 0
26432 292 0 0
26389 89 0 0
26481 141 0 0
26485 197 4 4
26370 187 0 0
26824 57 0 0
26585 105 0 0
26217 303 0 0
26533 120 0 0
26437 239 0 0
26566 255 7 7
26528 178 0 0
26543 140 0 0
26307 195 0 0
26690 102 9 9
26721 67 0 0
26339 88 0 0
26774 91 0 0
26480 144 3 3
26539 170 0 0
26586 130 0 0
26560 158 1 1
26392 93 0 0
26495 57 0 0
26530 101 13 13
26531 115 1 1
26468 140 0 0
26272 258 0 0
26633 168 17 17
26538 104 0 0
26539 171 0 0
26137 582 4 4
26749 223 5 5
26129 436 0 0
26301 242 0 0
26508 160 0 0
26696 154 0 0
26559 189 4 4
26143 308 0 0
26251 313 0 0
26394 188 0 0
26607 130 15 15
26476 105 0 0
26294 153 0 0
26633 114 2 2
26406 285 3 3
26388 172 0 0
25949 508 0 0
26587 106 4 4
26621 88 0 0
26627 143 0 0
26227 500 8 8
26105 418 0 0
26256 261 0 0
26567 99 0 0
26496 160 0 0
26613 114 13 13
26799 129 7 7
26231 314 0 0
26398 257 1 1
26562 117 12 12
26501 452 0 0
26618 132 0 0
26519 205 1 1
26486 182 0 0
26314 188 0 0
26325 242 0 0
26404 213 1 1
26162 284 0 0
26527 43 0 0
26405 296 7 7
26182 294 0 0
26156 347 0 0
27209 159 0 0
26536 168 0 0
26300 258 12 12
26630 123 0 0
26268 357 0 0
26690 339 0 0
26132 358 0 0
26314 244 0 0
26156 205 0 0
26461 162 0 0
26206 295 0 0
26464 201 0 0
26184 259 0 0
26539 148 0 0
26561 133 0 0
26491 217 0 0
26357 253 0 0
26437 134 0 0
26511 247 0 0
26384 126 0 0
26360 256 0 0
26279 259 16 16
26594 119 13 13
26246 158 0 0
26393 289 1 1
26194 332 0 0
26399 184 5 5
26292 199 0 0
26547 114 0 0
26314 157 0 0
26505 111 0 0
26583 147 7 7
26207 210 0 0
26451 125 6 6
26592 140 5 5
26469 463 1 1
26119 275 0 0
26285 274 1 1
26545 64 1 1
26577 170 0 0
26383 167 6 6
26360 298 0 0
26304 234 0 0
26543 126 7 7
26340 235 0 0
26567 148 1 1
26372 212 0 0
26484 256 4 4
26673 96 0 0
26302 208 0 0
26308 296 0 0
26359 334 0 0
26597 92 0 0
26573 157 5 5
26168 216 0 0
26530 53 0 0
26262 298 0 0
26031 516 0 0
26465 224 9 9
26342 205 0 0
26458 238 0 0
26305 367 0 0
26578 178 2 2
26347 133 0 0
26520 139 3 3
26611 147 0 0
26390 203 8 8
26545 152 0 0
26493 163 1 1
26436 486 0 0
26393 269 1 1
26309 305 0 0
26591 108 0 0
26388 267 10 10
26325 205 0 0
26500 187 6 6
26449 379 4 4
26304 273 9 9
26166 629 0 0
26377 206 0 0
26555 179 3 3
26549 121 0 0
26180 492 0 0
