21009 4481 2 2
21057 4438 2 2
21141 4318 1 1
21996 3569 0 0
25152 381 0 0
25271 161 0 0
24733 726 0 0
25167 222 0 0
25211 190 2 2
25301 233 0 0
25719 77 0 0
25372 209 1 1
25286 136 0 0
25167 268 0 0
25238 266 0 0
25402 59 2 2
25285 134 0 0
25286 141 0 0
25200 256 0 0
25316 221 0 0
25308 112 0 0
25328 195 1 1
25392 159 0 0
25528 237 1 1
25212 184 0 0
25218 228 0 0
25364 196 0 0
25249 205 0 0
25282 228 0 0
25396 148 1 1
25425 99 0 0
25403 86 0 0
25355 179 0 0
25226 194 1 1
25301 112 0 0
25283 190 0 0
25193 176 0 0
25215 268 0 0
25281 179 0 0
25233 178 1 1
25583 190 0 0
25406 74 1 1
25327 88 0 0
25454 43 0 0
25354 122 0 0
25048 299 0 0
25606 97 0 0
25386 72 0 0
25439 64 0 0
25292 181 1 1
25365 53 0 0
25409 149 0 0
25148 311 0 0
25381 135 1 1
25359 172 1 1
25332 184 1 1
25147 304 0 0
25651 62 0 0
25305 229 0 0
25161 334 0 0
25373 127 0 0
25246 211 2 2
25170 161 0 0
25391 92 1 1
25111 239 0 0
25293 148 0 0
25302 119 0 0
24946 404 0 0
25466 112 1 1
25377 111 0 0
25732 167 0 0
25210 236 0 0
25259 185 0 0
25266 202 0 0
25139 334 0 0
25200 190 0 0
25357 100 0 0
25413 146 0 0
25103 351 0 0
24962 426 0 0
25080 441 0 0
25219 169 0 0
25398 137 0 0
25446 80 0 0
25162 360 0 0
25173 261 0 0
25168 325 0 0
25503 160 0 0
25044 578 0 0
25299 171 0 0
25266 121 0 0
25235 238 0 0
25153 286 0 0
25247 182 0 0
25284 155 0 0
25511 36 0 0
25148 208 0 0
25419 172 0 0
25379 113 1 1
25221 237 1 1
25469 117 1 1
25418 112 1 1
25286 183 0 0
25260 144 0 0
25332 142 0 0
25173 297 0 0
25302 151 0 0
25440 54 1 1
25197 258 0 0
25392 203 0 0
25386 91 0 0
25306 182 0 0
25286 135 1 1
25152 316 0 0
25258 131 0 0
25268 137 1 1
25420 86 0 0
25361 169 0 0
25286 244 0 0
25245 227 0 0
25222 258 0 0
25655 111 0 0
25418 143 0 0
25360 213 1 1
25145 258 0 0
25274 185 0 0
25453 201 0 0
25329 108 0 0
25335 114 0 0
25382 128 0 0
25136 362 1 1
25224 285 1 1
25298 131 0 0
25394 84 0 0
25272 87 0 0
25333 143 0 0
25245 205 0 0
25316 199 0 0
25601 143 0 0
25337 144 0 0
25435 77 0 0
25305 185 1 1
25269 109 0 0
25486 73 0 0
25537 58 0 0
25139 305 0 0
25104 253 0 0
25195 271 0 0
25495 85 0 0
25433 47 0 0
25318 145 0 0
25279 113 0 0
25452 123 0 0
25421 99 0 0
25370 129 0 0
25348 139 0 0
25363 63 0 0
25306 162 0 0
25326 81 0 0
25291 170 0 0
25279 139 2 2
25380 92 1 1
25415 138 0 0
25247 191 0 0
25335 125 0 0
25412 117 0 0
25345 207 2 2
25285 133 0 0
25424 103 1 1
25397 61 0 0
25223 188 0 0
25313 120 0 0
25340 166 0 0
25333 151 0 0
25312 145 0 0
25279 203 0 0
25237 224 1 1
25806 78 0 0
25297 182 1 1
25252 185 0 0
25300 168 0 0
25325 82 0 0
25346 134 0 0
25212 181 1 1
25248 391 0 0
25380 75 0 0
25318 189 0 0
25319 70 0 0
25211 222 0 0
25161 267 0 0
25672 159 0 0
25288 128 0 0
25270 134 0 0
25490 87 1 1
25270 104 0 0
25431 132 0 0
25230 280 0 0
25110 252 0 0
25329 262 0 0
25501 93 0 0
25353 101 0 0
25054 404 0 0
25166 292 0 0
25409 183 0 0
25367 170 0 0
25236 180 0 0
25276 134 0 0
25185 292 0 0
24992 406 0 0
25040 397 0 0
25082 453 0 0
25334 120 0 0
25222 184 0 0
25299 107 0 0
25144 177 0 0
25292 261 1 1
25274 323 0 0
25221 261 0 0
25367 120 0 0
25214 202 0 0
25227 188 0 0
25427 90 0 0
25089 297 0 0
25353 70 0 0
25917 75 0 0
25292 110 0 0
25314 96 0 0
25350 161 0 0
25301 232 0 0
25294 482 0 0
25393 137 0 0
25374 134 3 3
25139 222 0 0
25435 88 0 0
25409 161 0 0
25189 209 0 0
25207 211 1 1
25355 123 1 1
25324 155 0 0
25381 58 0 0
25414 62 2 2
25185 244 0 0
24967 602 0 0
25295 177 0 0
25226 271 0 0
25395 89 0 0
25626 79 1 1
25136 327 1 1
25328 177 1 1
25260 154 0 0
25364 114 0 0
25270 92 0 0
25718 117 0 0
25350 189 1 1
25385 72 1 1
25377 66 2 2
25269 169 0 0
24900 524 0 0
25322 182 0 0
25524 102 4 4
25404 53 0 0
25197 287 0 0
25072 338 0 0
25302 157 0 0
25336 145 0 0
25356 174 0 0
25393 74 1 1
25140 210 0 0
25305 80 1 1
25367 110 0 0
25404 48 0 0
25297 143 1 1
25320 204 0 0
25284 110 0 0
25145 341 0 0
25085 177 1 1
25413 115 0 0
25384 67 2 2
25410 138 0 0
25391 73 0 0
25331 121 0 0
25296 81 0 0
25294 125 0 0
25335 153 0 0
25300 172 0 0
25396 176 0 0
25498 136 1 1
25383 139 1 1
25144 213 0 0
25686 82 1 1
25220 174 0 0
25502 133 0 0
25413 134 1 1
25382 120 1 1
25399 158 0 0
25380 50 0 0
25238 155 0 0
25425 162 0 0
25232 167 0 0
25431 72 2 2
25331 186 0 0
25284 204 1 1
25426 68 0 0
25157 230 0 0
25257 166 1 1
25296 199 1 1
25357 76 2 2
25416 95 0 0
25341 104 0 0
25809 102 0 0
25463 105 0 0
25284 114 0 0
25389 69 0 0
25206 254 0 0
25342 133 0 0
25287 89 0 0
25399 99 1 1
25513 39 1 1
25422 95 0 0
25395 170 0 0
25080 298 0 0
24749 786 0 0
25421 99 0 0
25265 214 0 0
25507 141 0 0
25238 198 0 0
25320 137 1 1
25287 132 0 0
25330 126 0 0
25385 110 0 0
25453 92 0 0
25440 120 1 1
25009 471 0 0
25378 148 0 0
25255 96 0 0
25319 131 0 0
25291 124 1 1
25523 125 1 1
25301 177 0 0
25397 141 0 0
25396 164 2 2
25268 173 1 1
25377 144 2 2
25316 125 0 0
25728 135 0 0
25304 176 1 1
25272 196 0 0
25332 109 0 0
25550 93 0 0
25365 104 0 0
25402 59 0 0
25453 102 1 1
25251 160 0 0
25352 162 0 0
25304 171 0 0
25362 59 0 0
25415 112 0 0
25261 161 0 0
25202 186 0 0
25311 160 0 0
25296 106 0 0
25504 122 0 0
25308 182 0 0
25453 134 0 0
25328 147 0 0
25442 62 4 4
25317 130 0 0
25300 157 0 0
25183 268 0 0
25363 109 0 0
25452 131 1 1
25331 112 0 0
25182 274 0 0
25200 208 0 0
25253 250 0 0
25267 138 2 2
25391 156 0 0
25166 317 0 0
25330 298 1 1
25231 295 2 2
25421 212 0 0
25318 116 0 0
25394 131 0 0
25466 45 0 0
25314 253 0 0
25079 279 0 0
25206 121 0 0
25294 255 0 0
25260 204 0 0
25265 154 0 0
25410 108 0 0
25136 188 1 1
25338 228 0 0
25245 210 0 0
25312 199 0 0
25318 84 0 0
25493 42 0 0
25536 72 2 2
24714 773 1 1
25723 194 0 0
25438 91 2 2
25383 179 0 0
25282 134 0 0
25391 101 0 0
25061 427 0 0
25224 218 0 0
25174 202 0 0
25273 169 0 0
25450 108 0 0
25463 67 0 0
25376 84 0 0
25313 121 0 0
24870 652 0 0
25373 190 0 0
25395 69 0 0
25385 65 0 0
25133 337 1 1
25541 141 1 1
25449 58 1 1
25206 213 0 0
25128 292 0 0
25406 94 0 0
25315 158 0 0
25420 183 0 0
25303 174 0 0
25302 122 0 0
25279 119 0 0
25466 155 0 0
25375 88 0 0
25458 94 1 1
25457 100 0 0
25319 175 0 0
25431 61 1 1
25441 285 0 0
25386 108 0 0
25389 77 0 0
25263 174 0 0
25517 64 0 0
25381 177 0 0
25330 71 0 0
25245 213 0 0
25122 302 0 0
25344 80 1 1
25329 51 0 0
25373 150 0 0
25279 158 0 0
25454 159 0 0
25331 115 1 1
25172 180 0 0
25389 141 0 0
25172 354 0 0
25065 290 0 0
25109 253 0 0
25424 139 0 0
25534 62 0 0
25376 135 0 0
25416 93 0 0
25327 173 0 0
25370 123 2 2
25313 194 1 1
25363 161 0 0
25374 66 0 0
25335 118 0 0
25341 161 0 0
25319 200 0 0
25029 435 0 0
25379 123 0 0
25274 86 0 0
25493 80 0 0
25382 101 0 0
25399 194 0 0
25277 151 1 1
25522 278 0 0
25335 99 0 0
25299 151 0 0
25195 272 0 0
25361 148 0 0
25283 246 0 0
25338 123 0 0
25238 167 0 0
25485 85 1 1
25447 103 0 0
25428 144 0 0
25299 172 0 0
25396 172 1 1
25305 156 0 0
25301 73 0 0
25490 86 0 0
25306 96 0 0
25335 271 0 0
25305 211 0 0
25186 301 1 1
25518 143 0 0
25383 117 0 0
25279 195 0 0
25505 53 0 0
25034 443 0 0
25204 247 1 1
25393 118 0 0
25210 230 0 0
25287 204 0 0
25200 183 0 0
25339 104 1 1
25190 282 0 0
25343 238 0 0
25303 182 2 2
25795 116 0 0
25260 176 0 0
25427 158 0 0
25449 148 0 0
25207 404 1 1
25501 97 1 1
25322 197 0 0
25374 76 0 0
25527 59 1 1
25305 132 1 1
25329 121 0 0
25415 111 0 0
25330 177 1 1
25393 110 0 0
25397 166 0 0
25506 85 0 0
25138 240 0 0
25217 167 1 1
25598 167 0 0
25098 272 0 0
25403 155 0 0
25221 172 0 0
25376 154 0 0
25295 219 0 0
25271 205 0 0
25701 63 0 0
25406 142 0 0
25306 182 0 0
25378 44 2 2
25207 339 2 2
25262 220 0 0
25137 323 1 1
25118 364 0 0
25352 99 0 0
25300 145 0 0
25245 328 0 0
25182 315 0 0
25212 328 2 2
25851 117 0 0
25291 126 0 0
25285 113 0 0
25331 87 1 1
25508 51 0 0
25324 102 1 1
25249 174 1 1
25087 309 0 0
25140 369 0 0
25354 170 1 1
25332 172 0 0
25267 127 0 0
25231 165 0 0
25307 162 0 0
25363 89 0 0
25388 99 0 0
25319 129 2 2
25421 78 0 0
25351 234 0 0
25247 248 0 0
25308 164 1 1
25416 161 0 0
25180 313 0 0
25149 331 0 0
25324 254 0 0
25231 166 0 0
25269 147 0 0
25384 132 1 1
25323 90 0 0
25310 112 0 0
25383 84 0 0
25361 136 1 1
25346 160 0 0
25324 54 1 1
25428 191 0 0
25469 165 0 0
25309 170 0 0
25338 159 1 1
25429 111 0 0
25215 264 0 0
25411 139 0 0
25431 71 1 1
25443 109 0 0
25415 54 0 0
25396 120 0 0
25219 198 0 0
25327 172 0 0
25283 112 1 1
25458 65 0 0
25181 251 2 2
25350 225 0 0
25249 365 0 0
25382 165 0 0
25335 84 0 0
25358 107 0 0
25527 40 0 0
25382 258 1 1
25120 347 0 0
25147 261 0 0
25264 186 0 0
25459 70 1 1
25458 84 3 3
25340 124 0 0
25370 126 0 0
25356 93 1 1
25380 168 1 1
25422 91 0 0
25226 168 0 0
25729 96 0 0
25368 103 0 0
25260 81 1 1
25594 74 1 1
25457 154 0 0
25431 128 0 0
25233 213 1 1
25107 298 0 0
25312 205 0 0
25476 113 0 0
25430 123 0 0
25388 108 0 0
25211 235 0 0
25374 116 0 0
25227 221 0 0
25836 115 0 0
25377 118 1 1
25403 65 0 0
25316 150 1 1
25334 153 1 1
25204 178 0 0
25562 209 0 0
25232 218 0 0
25521 53 0 0
25543 149 0 0
25362 104 0 0
25431 85 0 0
25255 245 0 0
25220 271 2 2
25158 459 0 0
25341 117 0 0
25205 187 0 0
25484 62 0 0
25331 100 0 0
25492 91 0 0
25364 123 0 0
25483 331 0 0
25327 148 0 0
25424 105 0 0
25402 196 0 0
25346 219 0 0
25412 113 1 1
25219 276 0 0
25309 419 0 0
25249 203 0 0
25325 158 0 0
25266 189 0 0
25313 123 0 0
25381 163 1 1
25308 202 1 1
25414 70 0 0
25407 121 0 0
25411 89 0 0
25437 170 0 0
25310 114 0 0
25381 176 0 0
25343 198 0 0
25243 242 0 0
25432 90 0 0
25368 94 1 1
25454 97 1 1
25561 97 1 1
25478 126 0 0
25305 141 1 1
25271 227 1 1
25338 129 0 0
25284 114 1 1
25389 158 0 0
25258 179 0 0
25381 149 0 0
25522 141 2 2
25317 175 1 1
25422 67 0 0
25472 99 1 1
25366 291 0 0
25221 208 0 0
25399 80 0 0
25339 81 0 0
25344 105 0 0
25229 140 0 0
25320 224 0 0
25467 72 0 0
25297 85 2 2
25298 143 0 0
25583 208 1 1
25296 88 0 0
25436 88 0 0
25413 89 0 0
25416 149 1 1
25511 123 2 2
25371 140 0 0
25269 88 0 0
25481 84 0 0
25373 136 0 0
25206 176 0 0
25399 214 0 0
25313 146 0 0
25473 77 0 0
25293 140 0 0
25295 157 0 0
25488 139 1 1
25422 145 0 0
25484 132 1 1
25118 300 0 0
25427 136 2 2
25283 137 0 0
25221 316 0 0
25744 365 0 0
25287 205 0 0
25335 194 0 0
25259 184 2 2
25340 244 0 0
25269 306 1 1
25357 238 2 2
25221 207 0 0
25097 241 0 0
25392 213 0 0
25428 88 1 1
25291 197 2 2
24961 500 0 0
25090 556 0 0
25406 440 0 0
25275 187 0 0
25143 338 0 0
25262 205 0 0
25411 81 0 0
25031 418 0 0
25063 378 0 0
25215 309 0 0
25225 213 0 0
25279 282 0 0
25327 174 0 0
25255 333 0 0
25198 220 1 1
25456 158 0 0
25453 252 1 1
25335 117 1 1
25299 173 0 0
25439 69 0 0
25453 125 2 2
25419 192 0 0
25365 319 0 0
25504 195 0 0
25265 179 0 0
25188 138 0 0
25319 133 1 1
25286 177 0 0
25189 209 0 0
25242 233 1 1
25506 73 1 1
25422 151 0 0
25383 92 0 0
25130 307 0 0
25285 113 0 0
25379 111 0 0
25474 140 0 0
25500 31 0 0
25395 128 2 2
25429 117 0 0
25297 232 0 0
25421 130 0 0
25326 251 0 0
25306 142 0 0
25508 153 0 0
25421 106 0 0
25560 52 0 0
25225 248 0 0
25371 100 0 0
25504 92 0 0
25423 92 1 1
25376 143 0 0
25305 73 0 0
25321 134 0 0
25436 155 0 0
25360 152 0 0
25392 130 0 0
25380 112 0 0
25429 55 0 0
25375 226 0 0
25194 306 1 1
25038 441 0 0
25186 450 0 0
25358 96 1 1
25381 152 0 0
25191 136 0 0
25192 239 0 0
25131 389 1 1
25447 233 1 1
25345 128 1 1
25261 166 0 0
25142 233 0 0
25182 343 0 0
25247 183 0 0
25252 230 1 1
25314 95 0 0
25222 258 0 0
25217 236 0 0
25808 52 1 1
25397 83 0 0
25479 58 0 0
25405 129 2 2
25483 98 0 0
25370 93 2 2
25352 139 1 1
25296 189 0 0
25273 184 0 0
26085 84 0 0
25217 274 0 0
25310 131 1 1
25412 210 0 0
25221 242 0 0
25371 116 2 2
25495 118 2 2
25048 358 0 0
25124 201 1 1
25225 322 0 0
25433 39 0 0
25523 39 0 0
25297 156 2 2
25291 190 1 1
25387 154 0 0
25340 105 0 0
25352 61 0 0
25362 125 0 0
25444 88 0 0
25404 90 1 1
25531 172 0 0
25285 249 0 0
25378 89 0 0
25349 101 0 0
25401 101 1 1
25270 191 1 1
25227 315 0 0
25375 89 0 0
25499 122 1 1
25408 128 0 0
25266 195 0 0
25549 57 0 0
25352 85 1 1
25080 316 0 0
25377 148 0 0
25327 197 1 1
25409 171 0 0
25270 164 0 0
25464 143 0 0
25236 176 0 0
25416 97 2 2
25711 83 0 0
25312 71 0 0
25530 101 1 1
25292 149 1 1
25475 202 0 0
25391 119 0 0
25469 150 1 1
25254 123 0 0
25440 38 0 0
25345 203 0 0
25415 110 0 0
25325 133 0 0
25254 207 0 0
25344 217 1 1
25441 109 0 0
25368 118 1 1
25388 119 0 0
25420 205 1 1
24989 425 0 0
25331 260 0 0
25375 142 1 1
25463 142 0 0
25387 169 0 0
25176 221 0 0
25122 334 0 0
25420 136 2 2
25468 131 1 1
25406 83 0 0
25228 141 0 0
25429 80 0 0
25266 232 0 0
25360 153 0 0
25282 195 1 1
25449 119 2 2
25469 79 1 1
25393 144 0 0
25029 417 0 0
24974 404 0 0
25039 449 0 0
25381 97 1 1
25354 180 2 2
25423 138 0 0
25363 137 0 0
25132 296 0 0
25283 162 0 0
25480 122 0 0
25410 404 0 0
25358 136 0 0
25233 192 0 0
25416 119 0 0
25242 204 0 0
25256 222 0 0
25403 114 0 0
25202 228 0 0
25410 34 1 1
25179 275 2 2
25098 281 0 0
25043 378 0 0
26029 168 0 0
25407 77 0 0
25205 258 0 0
25456 120 0 0
25017 348 0 0
25569 338 0 0
25114 363 0 0
25203 230 0 0
25224 209 0 0
25406 181 0 0
25227 182 0 0
25286 201 1 1
25122 293 0 0
25302 147 0 0
25331 140 1 1
25330 217 0 0
25223 272 0 0
25257 163 1 1
25196 254 0 0
25400 96 0 0
25207 283 0 0
25207 173 0 0
25536 135 1 1
25310 120 1 1
25255 256 0 0
25104 306 0 0
25233 211 1 1
25256 192 0 0
25397 128 0 0
25258 153 0 0
25335 133 0 0
25275 158 3 3
25227 210 0 0
25376 144 1 1
25367 130 0 0
25133 365 0 0
25091 282 1 1
25187 254 1 1
25376 92 2 2
25416 186 1 1
25236 165 0 0
25300 210 0 0
25234 214 0 0
25386 133 1 1
25296 170 0 0
25346 128 0 0
25339 179 1 1
25459 170 0 0
25325 101 0 0
25320 156 0 0
25082 307 0 0
25232 305 1 1
25532 103 0 0
25332 170 1 1
25138 207 0 0
25334 63 0 0
25134 304 0 0
25045 428 1 1
25293 251 1 1
25397 182 0 0
25233 253 0 0
25175 380 0 0
25307 186 1 1
25283 120 0 0
25354 142 1 1
25324 147 1 1
25267 223 2 2
25433 121 0 0
25392 172 0 0
25067 468 1 1
25284 281 1 1
25152 318 2 2
25420 89 1 1
25220 268 0 0
25284 206 0 0
25363 177 1 1
25112 319 0 0
25164 275 1 1
24935 543 0 0
25333 225 0 0
25306 237 2 2
25480 121 0 0
25035 474 0 0
