21837 4647 1 1
22068 4465 0 0
22077 4389 0 0
23206 3464 0 0
26173 370 0 0
26157 172 6 6
25894 749 0 0
26103 217 1 1
26122 225 4 4
26273 163 0 0
26793 105 0 0
26390 204 0 0
26258 150 6 6
26103 309 0 0
26205 238 0 0
26372 87 0 0
26216 146 2 2
26242 103 1 1
26196 264 0 0
26442 246 1 1
26288 88 1 1
26246 227 0 0
26277 208 0 0
26600 208 5 5
26189 220 0 0
26267 238 1 1
26236 221 1 1
26240 188 0 0
26254 218 0 0
26423 163 0 0
26375 133 0 0
26281 103 0 0
26364 137 0 0
26210 160 0 0
26347 121 0 0
26294 203 0 0
26375 173 0 0
26267 236 0 0
26346 227 0 0
26204 186 0 0
26557 187 0 0
26404 72 13 13
26303 105 1 1
26382 40 0 0
26464 99 1 1
26141 283 0 0
26554 99 8 8
26326 58 0 0
26480 77 2 2
26155 191 0 0
26365 68 0 0
26421 127 8 8
26201 272 0 0
26566 144 0 0
26427 135 8 8
26213 234 0 0
26099 315 0 0
26613 68 0 0
26294 240 1 1
26143 316 0 0
26287 145 0 0
26289 210 0 0
26184 236 1 1
26395 131 0 0
26067 246 0 0
26200 240 0 0
26382 147 2 2
25911 441 0 0
26461 120 0 0
26308 143 0 0
26668 169 0 0
26155 245 0 0
26225 210 0 0
26278 285 1 1
26110 355 0 0
26288 188 0 0
26221 105 0 0
26353 177 0 0
26129 369 1 1
26258 406 1 1
26089 450 1 1
26202 188 0 0
26245 154 1 1
26641 104 0 0
26167 352 0 0
26164 286 0 0
26206 349 0 0
26381 145 0 0
26035 576 0 0
26208 260 0 0
26121 168 1 1
26158 292 0 0
26164 272 1 1
26175 234 0 0
26271 159 1 1
26402 48 0 0
26169 195 1 1
26428 202 0 0
26358 91 0 0
26136 275 0 0
26533 158 0 0
26446 143 0 0
26259 190 1 1
26395 157 0 0
26395 131 0 0
26141 319 0 0
26300 155 0 0
26397 68 0 0
26270 250 0 0
26324 218 0 0
26361 93 0 0
26219 200 0 0
26312 139 1 1
26214 359 0 0
26318 110 0 0
26285 129 1 1
26373 87 0 0
26375 162 2 2
26270 299 0 0
26320 201 0 0
26296 252 0 0
26653 137 0 0
26471 120 0 0
26386 260 0 0
26096 322 0 0
26182 223 0 0
26526 199 0 0
26290 133 0 0
26251 150 0 0
26316 192 1 1
26323 389 4 4
26222 312 1 1
26321 97 8 8
26377 88 0 0
26514 126 0 0
26628 134 0 0
26020 280 0 0
26400 216 1 1
26584 138 0 0
26296 136 0 0
26363 142 1 1
26191 259 1 1
26281 83 4 4
26519 108 1 1
26667 68 0 0
26092 291 0 0
26070 243 1 1
26287 296 7 7
26402 81 0 0
26440 79 0 0
26221 172 0 0
26131 143 0 0
26506 127 1 1
26342 116 0 0
26299 130 0 0
26341 135 0 0
26401 85 0 0
26268 156 0 0
26418 87 0 0
26212 203 0 0
26462 134 0 0
26366 117 0 0
26252 207 0 0
26321 229 0 0
26323 111 0 0
26437 122 0 0
26352 210 1 1
26203 132 1 1
26512 153 0 0
26412 54 0 0
26087 176 1 1
26263 110 1 1
26350 127 0 0
26469 181 0 0
26299 165 0 0
26104 343 0 0
26247 219 0 0
26662 84 1 1
26280 180 10 10
26247 145 1 1
26202 223 0 0
26285 108 1 1
26415 162 0 0
26164 209 0 0
26378 380 0 0
26362 75 1 1
26573 200 0 0
26338 109 0 0
26077 226 0 0
26339 305 0 0
26678 166 0 0
26253 113 0 0
26334 134 0 0
26345 122 0 0
26195 118 1 1
26381 131 0 0
26111 276 0 0
25995 255 0 0
26315 253 1 1
26742 99 5 5
26337 113 0 0
25990 410 0 0
26016 389 0 0
26430 187 1 1
26387 196 0 0
26077 235 0 0
26229 122 0 0
26144 338 0 0
25899 565 2 2
26127 387 0 0
26170 464 0 0
26363 127 0 0
26253 166 5 5
26223 137 0 0
25993 296 0 0
26269 248 0 0
26305 344 1 1
26144 261 0 0
26326 116 0 0
26211 189 1 1
26253 160 0 0
26349 97 0 0
26161 273 0 0
26332 76 0 0
27221 54 0 0
26303 142 0 0
26365 95 0 0
26279 187 0 0
26145 408 0 0
26144 509 1 1
26251 176 0 0
26344 137 12 12
25969 298 0 0
26438 80 1 1
26450 173 0 0
26149 176 0 0
26220 236 0 0
26313 128 0 0
26455 188 0 0
26387 52 0 0
26350 114 5 5
26120 270 11 11
26039 600 0 0
26297 209 0 0
26203 278 6 6
26304 84 0 0
26759 76 1 1
26015 346 0 0
26345 190 0 0
26177 121 2 2
26460 95 0 0
26133 98 0 0
26599 135 0 0
26361 188 0 0
26349 94 1 1
26424 86 7 7
26272 167 1 1
25879 579 0 0
26363 116 6 6
26390 107 0 0
26417 41 0 0
26189 277 0 0
26016 386 0 0
26272 172 0 0
26334 160 1 1
26286 205 0 0
26414 116 1 1
26064 235 0 0
26448 117 0 0
26396 116 0 0
26372 51 0 0
26345 121 0 0
26365 226 0 0
26277 106 0 0
26266 321 0 0
26047 168 0 0
26547 88 0 0
26434 66 0 0
26340 157 0 0
26343 53 0 0
26231 203 0 0
26280 161 1 1
26238 133 1 1
26243 168 1 1
26325 176 7 7
26466 187 0 0
26343 190 0 0
26287 176 1 1
26126 216 0 0
26518 100 8 8
26144 214 0 0
26390 165 1 1
26399 168 0 0
26383 104 0 0
26326 179 0 0
26437 75 0 0
26274 155 0 0
26363 114 0 0
26122 221 0 0
26335 169 8 8
26377 145 0 0
26219 184 0 0
26488 67 0 0
26180 249 1 1
26195 189 6 6
26235 211 0 0
26345 89 11 11
26376 97 0 0
26369 51 3 3
27596 96 0 0
26368 104 0 0
26311 102 1 1
26370 149 0 0
26137 236 0 0
26284 138 1 1
26280 96 0 0
26338 105 9 9
26480 55 1 1
26410 133 0 0
26402 142 0 0
26085 264 1 1
25601 771 0 0
26378 147 7 7
26474 197 0 0
26404 152 0 0
26128 301 0 0
26343 138 1 1
26401 141 0 0
26372 148 0 0
26353 108 1 1
26517 111 0 0
26489 96 0 0
25956 451 0 0
26379 115 0 0
26164 156 0 0
26324 130 6 6
26462 156 4 4
26437 117 0 0
26423 189 1 1
26386 158 0 0
26539 175 1 1
26256 155 2 2
26379 132 0 0
26130 229 1 1
26570 107 9 9
26480 181 0 0
26228 248 1 1
26255 126 0 0
26395 71 6 6
26281 142 1 1
26401 49 7 7
26304 107 0 0
26237 171 0 0
26333 186 1 1
26256 166 0 0
26365 58 0 0
26415 89 0 0
26549 127 1 1
26357 118 0 0
26274 150 1 1
26201 187 1 1
26356 172 0 0
26237 166 0 0
26422 162 2 2
26391 136 1 1
26433 110 0 0
26244 166 0 0
26253 163 0 0
26161 255 0 0
26361 104 0 0
26586 95 5 5
26294 107 0 0
26211 278 2 2
26248 184 0 0
26397 302 0 0
26289 132 0 0
26309 180 0 0
26105 339 0 0
26238 294 0 0
26278 297 0 0
26497 201 1 1
26345 115 0 0
26417 112 0 0
26352 199 0 0
26263 245 0 0
26048 275 6 6
26206 146 0 0
26337 270 0 0
26227 209 0 0
26304 192 2 2
26431 96 0 0
26450 240 0 0
26040 227 0 0
26106 273 0 0
26316 198 0 0
26643 99 0 0
26455 65 0 0
26513 111 1 1
25736 733 0 0
26765 243 0 0
26405 55 0 0
26419 177 1 1
26478 107 2 2
26298 95 0 0
26024 393 0 0
26314 232 1 1
26080 226 0 0
26250 181 0 0
26655 78 0 0
26625 83 0 0
26336 99 0 0
26386 115 0 0
25974 685 0 0
26406 227 0 0
26277 96 0 0
26455 69 0 0
26125 346 0 0
26516 140 0 0
26455 54 1 1
26114 232 0 0
26082 367 1 1
26503 87 1 1
26193 211 0 0
26497 214 0 0
26351 166 0 0
26479 122 0 0
26319 158 0 0
26483 164 0 0
26422 106 0 0
26481 119 0 0
26465 94 6 6
26233 160 0 0
26366 100 0 0
26545 263 0 0
26251 148 1 1
26209 87 0 0
26295 225 0 0
26261 241 0 0
26422 175 1 1
26339 71 0 0
26211 241 0 0
26087 287 0 0
26446 84 0 0
26297 55 0 0
26294 182 0 0
26363 162 0 0
26387 143 5 5
26131 156 0 0
26145 190 1 1
26367 170 0 0
26048 377 1 1
26215 296 1 1
25975 302 0 0
26449 100 0 0
26524 61 0 0
26580 148 0 0
26334 155 0 0
26355 210 0 0
26311 112 0 0
26398 185 1 1
26219 187 0 0
26330 81 0 0
26343 88 3 3
26254 189 0 0
26288 239 0 0
26020 409 0 0
26304 134 0 0
26251 80 0 0
26667 90 0 0
26318 117 0 0
26320 257 0 0
26195 170 0 0
26514 279 0 0
26365 90 0 0
26275 148 0 0
26148 319 0 0
26298 163 0 0
26296 271 0 0
26329 126 0 0
26125 233 0 0
26560 82 0 0
26541 88 1 1
26442 151 0 0
26289 180 6 6
26397 169 0 0
26469 171 0 0
26240 84 0 0
26384 93 1 1
26264 131 0 0
26339 265 1 1
26265 201 0 0
26174 288 0 0
26419 170 1 1
26560 125 2 2
26272 175 0 0
26516 44 0 0
26020 446 0 0
26076 266 13 13
26318 132 0 0
26316 201 0 0
26265 194 0 0
25967 348 1 1
26386 86 6 6
26252 270 0 0
26334 224 0 0
26282 191 4 4
26805 87 1 1
26465 171 1 1
26400 204 0 0
26398 152 0 0
26119 429 0 0
26494 98 0 0
26308 180 13 13
26293 108 0 0
26610 90 1 1
26259 149 0 0
26366 100 0 0
26351 148 1 1
26280 177 0 0
26546 94 1 1
26400 212 5 5
26564 59 0 0
26289 252 1 1
26396 159 0 0
26587 184 0 0
26040 265 1 1
26359 177 1 1
26387 180 0 0
26419 137 0 0
26249 228 0 0
26418 180 0 0
26654 94 2 2
26497 155 0 0
26133 284 0 0
26360 71 0 0
26021 373 0 0
26202 263 1 1
26098 316 0 0
26239 361 0 0
26226 130 1 1
26488 137 0 0
26145 335 0 0
26190 320 1 1
26111 308 0 0
26890 98 0 0
26285 100 0 0
26281 155 0 0
26316 86 5 5
26502 53 0 0
26409 97 0 0
26270 176 1 1
26115 308 0 0
26149 344 0 0
26394 158 0 0
26289 221 0 0
26154 161 1 1
26129 265 0 0
26471 163 0 0
26357 93 0 0
26410 95 1 1
26330 96 0 0
26252 130 0 0
26445 254 6 6
26296 258 0 0
26227 158 1 1
26411 155 1 1
26043 318 0 0
26041 401 0 0
26171 244 1 1
26229 159 0 0
26235 170 0 0
26361 142 1 1
26324 118 0 0
26307 128 0 0
26635 86 0 0
26376 150 0 0
26419 176 0 0
26351 46 0 0
26364 225 0 0
26508 144 0 0
26252 171 0 0
26309 152 0 0
26386 136 5 5
26148 274 2 2
26394 157 0 0
26363 69 1 1
26420 126 1 1
26601 51 0 0
26364 98 0 0
26152 220 1 1
26275 195 0 0
26499 99 1 1
26397 61 1 1
26195 240 0 0
26313 210 0 0
26233 377 1 1
26470 135 0 0
26329 97 0 0
26286 98 2 2
26544 66 0 0
26381 256 6 6
26168 357 0 0
26122 283 0 0
26148 275 0 0
26572 94 0 0
26423 47 1 1
26353 152 2 2
26238 124 0 0
26614 103 1 1
26338 168 0 0
26367 124 1 1
26377 167 0 0
26655 85 4 4
26414 127 1 1
26290 90 0 0
26710 94 0 0
26420 164 0 0
26475 100 0 0
26210 219 0 0
26181 326 0 0
26312 178 0 0
26397 165 1 1
26435 139 0 0
26309 108 9 9
26132 242 0 0
26668 151 1 1
26178 227 0 0
26761 124 0 0
26400 113 8 8
26472 89 0 0
26251 157 0 0
26404 167 5 5
25995 348 4 4
26567 252 0 0
26175 254 0 0
26500 55 0 0
26579 154 0 0
26424 111 1 1
26352 113 0 0
26137 278 1 1
26202 292 1 1
26142 503 0 0
26296 115 0 0
26174 240 0 0
26420 82 0 0
26340 115 0 0
26523 77 1 1
26426 140 0 0
26380 308 0 0
26364 174 2 2
26378 143 0 0
26395 199 0 0
26310 229 0 0
26359 121 2 2
26456 303 0 0
26403 417 0 0
26257 206 2 2
26358 167 0 0
26426 216 0 0
26297 116 0 0
26359 168 0 0
26297 195 2 2
26378 68 0 0
26368 176 1 1
26430 88 1 1
26464 188 1 1
26373 112 2 2
26473 176 2 2
26299 204 1 1
26285 205 0 0
26377 77 0 0
26635 107 4 4
26408 112 0 0
26547 120 1 1
26436 132 0 0
26416 126 11 11
26229 253 0 0
26324 152 0 0
26163 101 0 0
26318 164 0 0
26278 157 12 12
26275 187 0 0
26460 162 2 2
26304 182 0 0
26362 90 0 0
26408 119 0 0
26489 272 0 0
26197 194 0 0
26564 47 4 4
26454 77 0 0
26328 100 0 0
26249 142 0 0
26464 245 0 0
26365 96 0 0
26276 107 2 2
26248 97 0 0
26612 187 2 2
26238 110 0 0
26597 77 0 0
26467 84 0 0
26354 156 0 0
26507 188 0 0
26420 122 0 0
26419 94 0 0
26530 59 0 0
26392 131 0 0
26328 174 1 1
26366 217 0 0
26324 147 0 0
26668 90 0 0
26267 119 5 5
26421 148 9 9
26380 148 0 0
26566 203 0 0
26362 126 1 1
26133 287 0 0
26432 147 0 0
26552 127 1 1
26229 310 0 0
27765 379 2 2
26271 222 0 0
26307 171 0 0
26281 197 9 9
26404 199 0 0
26256 304 1 1
26523 235 1 1
26119 263 0 0
26154 194 0 0
26430 224 1 1
26668 114 0 0
26282 162 6 6
26005 539 2 2
25995 597 0 0
26404 462 0 0
26233 193 0 0
26180 335 0 0
26424 197 1 1
26251 190 0 0
26048 412 1 1
26159 390 0 0
26219 275 1 1
26163 263 0 0
26238 316 1 1
26365 209 2 2
26290 322 0 0
26243 244 0 0
26552 155 8 8
26391 263 0 0
26350 118 1 1
26275 165 0 0
26817 73 1 1
26442 144 0 0
26390 207 1 1
26232 345 0 0
26452 296 0 0
26272 223 0 0
26146 193 0 0
26391 123 0 0
26381 162 3 3
26138 213 0 0
26256 243 0 0
26507 84 1 1
26551 176 0 0
26432 83 0 0
26105 309 0 0
26284 117 0 0
26329 122 0 0
26610 160 0 0
26550 40 0 0
26433 121 1 1
26485 120 6 6
26271 271 0 0
26423 144 0 0
26313 301 0 0
26495 147 0 0
26541 180 0 0
26453 129 0 0
26486 58 1 1
26123 257 0 0
26371 118 0 0
26469 99 0 0
26369 100 0 0
26384 168 2 2
26256 88 0 0
26442 93 0 0
26441 136 0 0
26264 163 9 9
26393 169 0 0
26681 120 0 0
26370 74 0 0
26306 249 3 3
26220 313 1 1
26078 442 0 0
26368 404 0 0
26291 120 0 0
26404 182 0 0
26163 284 1 1
26179 252 1 1
26032 441 0 0
26416 268 0 0
26421 161 0 0
26142 190 0 0
26012 308 0 0
26252 381 0 0
26200 196 0 0
26451 260 1 1
26243 122 0 0
26183 273 0 0
26218 254 1 1
26702 38 0 0
26387 117 0 0
26491 67 0 0
26473 135 1 1
26358 118 0 0
26262 93 8 8
26439 134 0 0
26318 148 0 0
26183 239 0 0
28092 145 1 1
26166 291 0 0
26303 134 1 1
26413 225 0 0
26168 311 0 0
26272 146 2 2
26492 121 0 0
26100 348 0 0
26235 247 0 0
26081 379 0 0
26507 28 0 0
26448 61 0 0
26437 165 1 1
26283 200 0 0
26257 271 0 0
26294 95 1 1
26507 74 1 1
26313 145 0 0
26482 100 0 0
26356 94 0 0
26700 178 0 0
26360 260 0 0
26311 100 1 1
26401 93 0 0
26233 116 0 0
26298 181 0 0
26363 321 1 1
26337 92 0 0
26430 159 0 0
26360 137 1 1
26325 167 0 0
26610 56 2 2
26389 130 0 0
26136 310 0 0
26485 122 0 0
26286 223 0 0
26317 231 0 0
26432 174 0 0
26432 159 0 0
26146 213 0 0
26527 96 1 1
26647 85 0 0
26268 54 0 0
26627 92 0 0
26370 124 7 7
26370 156 9 9
26528 139 1 1
26447 164 1 1
26252 103 0 0
26359 57 7 7
25033 1482 0 0
26360 102 5 5
26405 157 0 0
26165 234 0 0
26449 229 0 0
26471 145 0 0
26337 129 1 1
26266 291 0 0
26595 252 7 7
26013 399 0 0
26229 223 1 1
26332 151 5 5
26581 152 0 0
26422 156 2 2
26069 298 0 0
26146 336 0 0
26277 145 0 0
26484 119 0 0
26330 102 0 0
26190 124 0 0
26486 122 2 2
26266 266 0 0
26304 172 0 0
25878 482 0 0
26422 106 0 0
26365 80 0 0
26425 150 0 0
26028 520 1 1
25966 435 1 1
26032 445 0 0
26379 99 0 0
26337 169 0 0
26460 147 1 1
26654 131 1 1
26078 343 0 0
26267 199 0 0
26387 108 0 0
26381 452 0 0
26403 149 0 0
26380 184 1 1
26335 176 1 1
26169 204 0 0
26242 241 0 0
26301 133 0 0
26075 291 0 0
26469 50 0 0
26252 286 1 1
26111 320 0 0
26052 349 0 0
27065 187 0 0
26462 162 0 0
26164 281 1 1
26475 133 0 0
26093 349 1 1
26604 323 1 1
26018 398 0 0
26200 252 0 0
26120 182 0 0
26275 152 0 0
26162 228 1 1
26261 183 0 0
26101 279 0 0
26401 143 0 0
26505 124 0 0
26356 232 0 0
26259 288 0 0
26286 170 2 2
26325 294 0 0
26296 126 0 0
26189 264 0 0
26134 270 0 0
26508 138 0 0
26193 138 0 0
26365 264 1 1
26012 340 0 0
26207 234 0 0
26206 185 2 2
26452 123 0 0
26176 153 0 0
26313 162 0 0
26440 130 1 1
26139 206 1 1
26330 123 0 0
26454 123 0 0
26425 350 0 0
26037 271 0 0
26266 269 0 0
26349 90 1 1
26390 175 0 0
26224 158 2 2
26250 283 1 1
26193 197 0 0
26383 125 0 0
26269 128 1 1
26352 142 0 0
26240 211 0 0
26436 190 0 0
26530 76 0 0
26217 171 0 0
26131 285 1 1
26333 317 0 0
26453 97 0 0
26411 157 1 1
26056 248 0 0
26315 57 0 0
26213 316 0 0
25955 475 0 0
26290 245 1 1
26296 226 0 0
26309 235 0 0
26189 334 1 1
26361 238 1 1
26219 136 0 0
26367 140 9 9
26459 173 0 0
26229 229 0 0
26541 132 0 0
26380 176 7 7
26260 476 0 0
26216 272 7 7
26168 309 0 0
26386 137 1 1
26272 257 2 2
26248 217 0 0
26344 182 2 2
26196 376 0 0
26131 284 0 0
26058 550 0 0
26297 179 0 0
26383 228 0 0
26522 106 0 0
25931 458 0 0
