21234 4671 0 0
21540 4434 0 0
21493 4408 3 3
22575 3512 0 0
25624 366 0 0
25661 163 0 0
25141 730 0 0
25600 211 0 0
25610 197 0 0
25767 183 0 0
26166 78 0 0
25837 183 1 1
25739 144 0 0
25566 281 1 1
25702 233 0 0
25816 85 0 0
25723 156 1 1
25758 101 1 1
25649 272 0 0
25894 230 0 0
25728 124 1 1
25762 224 0 0
25846 148 0 0
26032 227 1 1
25679 190 1 1
25722 231 0 0
25779 212 1 1
25709 175 0 0
25718 229 0 0
25891 151 0 0
25886 128 0 0
25817 118 0 0
25853 141 0 0
25706 162 0 0
25774 115 0 0
25745 175 1 1
25769 182 0 0
25701 260 1 1
25691 231 0 0
25652 205 1 1
26031 188 0 0
25860 76 2 2
25770 83 1 1
25915 51 0 0
25839 108 2 2
25522 289 0 0
26036 114 0 0
25797 84 1 1
25914 84 0 0
25664 218 0 0
25851 62 1 1
25850 138 1 1
25609 326 0 0
25862 141 1 1
25823 174 0 0
25748 216 1 1
25589 311 0 0
26136 71 0 0
25722 243 0 0
25601 334 0 0
25802 151 0 0
25745 203 0 0
25611 217 0 0
25896 95 0 0
25567 253 0 0
25615 233 1 1
25700 147 0 0
25414 424 0 0
25967 115 0 0
25871 102 0 0
26195 161 0 0
25614 249 0 0
25707 187 0 0
25705 263 0 0
25547 334 0 0
25677 178 0 0
25790 77 0 0
25860 152 0 0
25545 340 0 0
25425 434 0 0
25545 463 0 0
25636 173 0 0
25834 154 0 0
25990 99 1 1
25638 361 0 0
25595 271 1 1
25677 324 0 0
25950 162 0 0
25542 587 0 0
25664 265 0 0
25662 124 0 0
25660 259 0 0
25632 277 1 1
25686 235 0 0
25693 183 0 0
25913 51 0 0
25542 208 0 0
25914 205 0 0
25823 97 1 1
25646 275 0 0
26011 178 0 0
25901 116 0 0
25685 203 1 1
25796 171 0 0
25808 117 0 0
25603 311 0 0
25737 182 0 0
25935 46 0 0
25733 235 0 0
25797 244 0 0
25829 93 2 2
25708 192 0 0
25784 138 0 0
25558 337 1 1
25695 121 1 1
25736 115 0 0
25857 96 0 0
25906 150 1 1
25672 289 0 0
25766 199 1 1
25699 234 0 0
26083 110 0 0
25920 110 0 0
25821 225 0 0
25533 355 0 0
25689 212 0 0
25967 186 0 0
25791 93 0 0
25719 133 0 0
25819 159 0 0
25615 378 0 0
25725 314 0 0
25848 78 0 0
25853 88 0 0
25927 122 0 0
25760 176 0 0
25543 250 0 0
25791 195 1 1
26072 164 2 2
25695 182 0 0
25877 109 0 0
25714 227 1 1
25745 81 0 0
25844 100 1 1
26009 103 0 0
25541 294 0 0
25550 253 1 1
25723 276 1 1
25900 108 1 1
25915 62 1 1
25740 164 0 0
25665 113 0 0
25898 126 0 0
25846 126 1 1
25802 133 1 1
25814 126 0 0
25783 84 0 0
25771 149 0 0
25761 112 0 0
25694 192 0 0
25962 138 1 1
25813 108 1 1
25806 176 1 1
25768 206 0 0
25779 132 0 0
25933 105 0 0
25798 193 0 0
25694 142 0 0
25900 141 2 2
25851 59 0 0
25650 151 0 0
25746 96 0 0
25847 113 0 0
25771 168 1 1
25824 148 0 0
25799 221 0 0
25749 207 0 0
26209 115 0 0
25771 173 0 0
25721 154 0 0
25676 270 1 1
25766 105 0 0
25825 136 0 0
25593 208 0 0
25732 402 0 0
25783 92 0 0
25975 205 0 0
25725 134 0 0
25661 258 0 0
25684 296 0 0
26117 180 0 0
25744 106 1 1
25790 120 0 0
25937 81 1 1
25699 110 1 1
25854 102 0 0
25649 276 0 0
25617 200 0 0
25840 227 0 0
25993 92 2 2
25827 110 1 1
25544 397 1 1
25509 370 0 0
25930 185 1 1
25816 193 0 0
25638 221 0 0
25730 110 0 0
25647 282 0 0
25418 420 0 0
25484 398 0 0
25552 458 0 0
25801 119 0 0
25638 227 0 0
25713 115 1 1
25522 286 0 0
25779 240 0 0
25804 345 1 1
25632 285 0 0
25828 118 0 0
25635 224 0 0
25652 202 0 0
25871 73 0 0
25559 290 0 0
25818 73 4 4
26680 75 0 0
25673 146 0 0
25757 91 0 0
25777 197 0 0
25574 411 0 0
25694 501 0 0
25815 147 0 0
25796 159 1 1
25496 224 0 0
25883 86 0 0
25917 155 0 0
25689 154 0 0
25706 202 1 1
25761 146 0 0
25709 213 0 0
25842 64 0 0
25848 134 1 1
25570 304 0 0
25551 564 0 0
25723 176 0 0
25649 314 0 0
25793 95 0 0
26093 102 1 1
25563 322 0 0
25827 178 7 7
25740 125 0 0
25867 106 0 0
25662 92 0 0
26179 135 0 0
25774 234 1 1
25804 93 0 0
25797 92 1 1
25708 177 0 0
25323 540 0 0
25847 123 1 1
25994 93 0 0
25904 51 0 0
25658 284 0 0
25518 338 0 0
25711 168 0 0
25827 115 0 0
25782 201 0 0
25867 94 0 0
25551 235 0 0
25745 111 0 0
25843 95 0 0
25851 61 0 0
25768 127 1 1
25863 193 0 0
25715 104 0 0
25701 334 0 0
25570 154 1 1
25974 111 0 0
25821 93 1 1
25841 173 0 0
25854 55 0 0
25801 87 0 0
25674 173 0 0
25695 148 1 1
25779 141 3 3
25759 185 0 0
26013 172 1 1
25948 111 0 0
25840 172 2 2
25590 224 0 0
26081 97 0 0
25670 199 1 1
25911 159 0 0
25860 169 1 1
25834 122 1 1
25846 172 0 0
25788 83 0 0
25674 150 0 0
25898 106 0 0
25680 167 0 0
25845 143 1 1
25795 157 0 0
25728 203 2 2
25950 69 0 0
25654 223 0 0
25731 159 1 1
25722 207 0 0
25823 70 0 0
25841 103 0 0
25821 57 0 0
26620 92 0 0
25859 121 2 2
25743 117 0 0
25859 78 0 0
25639 242 0 0
25798 129 1 1
25759 81 1 1
25881 109 0 0
25942 59 0 0
25900 105 0 0
25825 170 0 0
25525 297 0 0
25157 766 1 1
25847 131 0 0
25930 196 0 0
25970 136 0 0
25598 210 0 0
25735 183 0 0
25737 135 0 0
25823 117 0 0
25840 116 0 0
25936 119 0 0
25925 109 0 0
25479 458 0 0
25880 120 0 0
25648 110 0 0
25806 105 1 1
25823 138 3 3
26011 128 1 1
25770 188 0 0
25815 177 0 0
25990 152 3 3
25709 134 1 1
25891 90 1 1
25707 179 0 0
26238 128 0 0
25770 219 2 2
25750 208 0 0
25724 110 0 0
25997 70 0 0
25781 123 0 0
25860 37 0 0
25833 120 0 0
25720 158 0 0
25757 151 0 0
25739 167 0 0
25805 61 0 0
25917 92 0 0
25806 163 0 0
25732 147 1 1
25770 153 0 0
25698 114 0 0
25860 191 0 0
25764 166 0 0
25896 124 0 0
25748 154 1 1
25837 110 0 0
25793 132 0 0
25723 157 1 1
25642 261 0 0
25790 107 0 0
25959 101 0 0
25748 117 1 1
25704 265 0 0
25630 215 0 0
25887 258 0 0
25740 145 0 0
25802 187 1 1
25624 315 0 0
25698 316 1 1
25723 316 0 0
25917 220 0 0
25803 122 0 0
25871 147 0 0
25742 194 1 1
25791 248 0 0
25520 279 5 5
25654 133 0 0
25806 282 0 0
25706 220 0 0
25746 137 0 0
25869 110 0 0
25597 234 0 0
25747 233 0 0
25662 220 0 0
25764 222 0 0
26041 98 1 1
25953 48 1 1
25948 102 2 2
25238 733 0 0
26189 227 0 0
25937 47 1 1
25862 194 0 0
25785 107 0 0
25810 103 0 0
25539 391 0 0
25702 233 0 0
25589 234 0 0
25718 154 0 0
25948 82 0 0
25921 92 0 0
25805 74 0 0
25793 138 0 0
25414 708 0 0
25948 184 0 0
25793 88 0 0
25849 58 0 0
25554 329 0 0
26038 131 0 0
25917 68 1 1
25657 206 1 1
25545 315 2 2
25865 94 0 0
25728 205 0 0
25912 217 0 0
25792 191 0 0
25761 102 0 0
25734 146 0 0
25953 182 0 0
25868 97 0 0
25990 100 1 1
25938 96 1 1
25772 172 0 0
25836 105 0 0
25927 285 1 1
25756 148 0 0
25760 85 1 1
25726 260 0 0
26004 54 1 1
25830 191 1 1
25806 61 0 0
25710 216 0 0
25605 289 0 0
25837 93 0 0
25787 44 0 0
25784 180 1 1
25761 161 1 1
25894 139 1 1
25639 152 2 2
25646 167 0 0
25837 149 0 0
25631 349 0 0
25464 292 0 0
25523 272 0 0
25918 136 0 0
25979 62 0 0
25914 151 0 0
25876 139 0 0
25780 224 0 0
25792 141 1 1
25769 178 1 1
25774 204 2 2
25824 68 0 0
25842 94 0 0
25755 161 0 0
25686 278 0 0
25505 410 0 0
25830 119 0 0
25742 67 0 0
26193 114 0 0
25811 96 0 0
25807 240 1 1
25712 140 1 1
26044 245 0 0
25842 81 1 1
25751 160 1 1
25571 379 0 0
25795 176 0 0
25755 256 0 0
25792 117 0 0
25613 257 0 0
25953 107 0 0
25953 100 0 0
25902 170 0 0
25730 210 0 0
25880 128 1 1
25807 138 0 0
25685 118 0 0
25914 101 1 1
25763 114 0 0
25805 259 0 0
25723 208 0 0
25655 292 1 1
26020 152 0 0
25910 109 1 1
25733 200 0 0
25977 53 0 0
25523 442 0 0
25639 256 0 0
25822 154 1 1
25668 262 1 1
25788 175 0 0
25678 151 0 0
25972 93 7 7
25646 277 0 0
25862 219 0 0
25754 170 0 0
26284 93 1 1
25761 143 0 0
25867 156 0 0
25881 187 0 0
25655 413 0 0
25992 107 0 0
25793 192 3 3
25782 109 1 1
26091 62 0 0
25741 127 3 3
25842 75 0 0
25860 122 0 0
25789 184 3 3
25847 113 0 0
25832 199 0 0
25987 80 0 0
25661 246 0 0
25627 191 0 0
26054 179 1 1
25580 239 0 0
25878 157 0 0
25783 191 0 0
25869 181 0 0
25766 208 0 0
25717 237 0 0
26164 93 0 0
25878 151 0 0
25755 169 0 0
25808 33 1 1
25587 377 0 0
25671 251 1 1
25554 328 0 0
25655 380 0 0
25758 97 0 0
25963 141 0 0
25676 312 1 1
25643 311 0 0
25695 303 2 2
26376 85 0 0
25775 100 0 0
25699 163 0 0
25781 74 0 0
25946 74 0 0
25848 116 1 1
25730 180 0 0
25566 336 0 0
25622 350 0 0
25804 164 0 0
25710 217 0 0
25710 141 0 0
25609 245 0 0
25958 177 0 0
25819 69 1 1
25907 81 0 0
25732 122 0 0
25808 89 0 0
25899 213 0 0
25778 239 0 0
25724 176 0 0
25820 173 2 2
25646 315 0 0
25608 365 0 0
25737 235 1 1
25657 182 0 0
25688 168 0 0
25866 148 0 0
25710 118 0 0
25753 125 1 1
26088 85 0 0
25841 144 1 1
25783 170 0 0
25780 41 0 0
25834 230 1 1
25926 152 0 0
25716 202 0 0
25793 170 1 1
25883 116 0 0
25602 310 0 0
25820 173 0 0
25898 58 0 0
25875 119 0 0
25922 58 1 1
25848 123 0 0
25671 237 0 0
25775 177 0 0
25885 164 0 0
25845 76 0 0
25660 257 0 0
25789 246 0 0
25772 331 0 0
25879 135 1 1
25805 71 0 0
25801 88 2 2
25985 51 0 0
25881 239 1 1
25600 382 0 0
25614 282 1 1
25664 224 1 1
25890 91 1 1
25952 63 0 0
25807 125 1 1
25810 120 0 0
25852 121 0 0
25917 132 1 1
25857 103 1 1
25722 154 0 0
26177 100 1 1
25844 123 0 0
25719 91 2 2
26069 114 1 1
25959 161 0 0
25934 101 0 0
25719 205 0 0
25584 285 0 0
25765 200 0 0
25929 157 0 0
25839 153 0 0
25838 106 3 3
25611 227 0 0
25950 125 1 1
25663 254 0 0
26268 118 0 0
25800 162 1 1
25859 88 0 0
25810 130 1 1
25831 192 1 1
25530 197 0 0
26047 227 0 0
25664 239 0 0
25994 50 0 0
26014 172 0 0
25835 104 1 1
25844 110 0 0
25706 243 1 1
25633 287 0 0
25619 486 0 0
25799 109 0 0
25694 216 0 0
25949 65 0 0
25759 90 1 1
25957 87 0 0
25837 111 0 0
25887 337 1 1
25842 175 0 0
25832 119 0 0
25891 207 0 0
25841 193 0 0
25810 103 1 1
25972 276 0 0
25749 429 0 0
25715 176 0 0
25814 160 0 0
25889 218 1 1
25764 119 1 1
25836 167 1 1
25776 181 2 2
25877 70 0 0
25925 128 1 1
25905 81 0 0
25922 156 0 0
25790 99 0 0
25874 200 0 0
25831 191 1 1
25733 227 0 0
25870 99 0 0
25890 86 2 2
25920 102 0 0
26020 118 1 1
25890 124 0 0
25875 122 1 1
25711 254 0 0
25802 157 0 0
25773 86 0 0
25818 149 1 1
25702 158 0 0
25853 159 0 0
25942 177 1 1
25774 184 0 0
25854 68 0 0
25924 101 0 0
25920 278 0 0
25663 180 0 0
25859 81 1 1
25899 70 0 0
25834 93 0 0
25700 138 0 0
26003 243 0 0
25823 159 0 0
25771 85 2 2
25737 117 0 0
26079 205 0 0
25696 107 0 0
25920 98 0 0
25908 89 0 0
25857 153 0 0
26017 141 0 0
25877 110 0 0
25742 96 0 0
26051 75 0 0
25844 130 0 0
25678 199 0 0
25818 238 0 0
25785 149 0 0
25973 90 0 0
25749 123 0 0
25854 134 0 0
25982 74 0 0
25836 229 1 1
25965 121 0 0
25592 271 0 0
25868 148 0 0
26006 127 0 0
25673 318 0 0
26569 396 0 0
25752 204 0 0
25806 176 0 0
25662 202 0 0
25895 209 1 1
25695 325 0 0
25837 230 0 0
25642 230 0 0
25613 181 0 0
25912 172 0 0
26174 68 1 1
25751 146 1 1
25444 486 0 0
25497 578 0 0
25875 460 0 0
25723 192 0 0
25606 337 0 0
25802 177 0 0
25804 101 1 1
25532 399 0 0
25591 354 0 0
25621 313 2 2
25672 226 0 0
25774 257 0 0
25732 222 0 0
25736 337 0 0
25656 251 0 0
25919 182 0 0
25918 265 0 0
25784 123 0 0
25764 166 0 0
26202 77 0 0
25850 164 1 1
25875 175 0 0
25727 333 0 0
25930 249 0 0
25753 191 0 0
25632 190 1 1
25779 138 1 1
25830 151 1 1
25630 200 0 0
25728 237 1 1
25974 72 1 1
25914 162 0 0
25841 106 0 0
25580 295 0 0
25682 106 0 0
25771 139 0 0
26138 138 0 0
25930 42 0 0
25853 147 0 0
25904 140 0 0
25784 276 0 0
25941 139 0 0
25794 281 0 0
25793 182 0 0
26010 183 0 0
25894 108 1 1
26027 63 1 1
25618 267 0 0
25839 74 0 0
25964 80 0 0
25832 111 1 1
25817 159 0 0
25749 71 0 0
25767 85 0 0
25855 182 0 0
25798 161 1 1
25912 145 0 0
26174 102 0 0
25882 61 1 1
25725 261 0 0
25634 344 0 0
25457 465 0 0
25727 432 0 0
25835 73 0 0
25815 178 0 0
25657 269 0 0
25657 245 1 1
25523 420 0 0
25925 247 0 0
25797 191 1 1
25632 203 0 0
25548 254 0 0
25706 334 0 0
25602 198 0 0
25773 233 0 0
25783 134 0 0
25725 268 0 0
25731 218 0 0
26259 34 2 2
25838 79 0 0
25934 56 0 0
25845 133 1 1
25829 140 2 2
25822 88 0 0
25892 142 0 0
25795 183 0 0
25685 180 0 0
26979 111 0 0
25599 285 0 0
25766 144 1 1
25988 222 0 0
25693 284 0 0
25764 161 1 1
25939 120 0 0
25557 371 0 0
25667 237 0 0
25504 386 0 0
25910 50 0 0
25954 45 0 0
25778 151 2 2
25734 189 0 0
25831 199 0 0
25792 92 0 0
25856 72 0 0
25824 132 0 0
25959 77 1 1
25888 75 0 0
26120 148 0 0
25692 274 0 0
25805 80 1 1
25858 84 0 0
25763 145 0 0
25703 179 0 0
25764 310 0 0
25743 95 0 0
25965 148 0 0
25834 113 0 0
25705 199 0 0
26024 69 1 1
25825 91 0 0
25518 311 0 0
25890 132 0 0
25748 226 0 0
25846 226 0 0
25892 171 0 0
25905 165 1 1
25632 211 0 0
25872 130 1 1
26180 79 1 1
25733 53 0 0
26046 92 0 0
25812 127 2 2
25964 201 1 1
25875 167 2 2
25948 153 0 0
25737 95 0 0
25865 53 1 1
25233 747 0 0
25849 115 1 1
25781 151 1 1
25611 246 0 0
25856 162 0 0
25881 117 0 0
25756 136 0 0
25933 106 1 1
25988 223 1 1
25446 426 1 1
25686 287 0 0
25806 172 0 0
26053 159 0 0
25888 171 0 0
25569 264 0 0
25634 300 0 0
25860 127 0 0
25917 101 1 1
25797 117 2 2
25672 111 1 1
25836 139 1 1
25766 271 0 0
25806 159 0 0
25628 252 0 0
25937 144 1 1
25906 81 0 0
25973 138 0 0
25435 496 1 1
25424 408 0 0
25426 479 0 0
25851 91 1 1
25823 158 0 0
25884 144 0 0
26112 133 0 0
25590 325 0 0
25727 205 0 0
25923 89 0 0
25906 457 0 0
25856 124 0 0
25713 193 0 0
25855 159 0 0
25666 194 0 0
25662 240 0 0
25826 129 0 0
25575 286 1 1
25977 44 0 0
25622 246 0 0
25522 308 0 0
25536 339 1 1
26581 189 0 0
25816 175 0 0
25658 283 0 0
25953 118 0 0
25478 343 0 0
26051 329 0 0
25523 390 0 0
25679 224 0 0
25659 184 1 1
25827 195 0 0
25643 209 0 0
25736 204 0 0
25564 262 0 0
25805 138 0 0
25827 128 0 0
25861 222 0 0
25727 273 0 0
25672 168 0 0
25800 236 0 0
25826 106 0 0
25603 316 0 0
25656 184 0 0
26004 114 0 0
25748 116 0 0
25702 288 0 0
25456 360 0 0
25649 204 1 1
25698 200 0 0
25912 119 0 0
25638 174 0 0
25758 158 0 0
25786 130 2 2
25618 226 0 0
25855 133 1 1
25864 127 0 0
25876 375 1 1
25521 271 0 0
25659 263 1 1
25838 80 0 0
25871 191 1 1
25665 177 2 2
25701 311 0 0
25672 200 0 0
25831 125 2 2
25724 149 0 0
25776 146 0 0
25769 201 0 0
25900 191 0 0
25783 81 0 0
25709 176 0 0
25568 308 0 0
25695 320 1 1
25961 94 0 0
25814 173 0 0
25557 218 0 0
25774 59 0 0
25588 314 1 1
25391 524 1 1
25737 245 1 1
25758 210 0 0
25742 233 2 2
25568 375 4 4
25777 218 1 1
25720 114 0 0
25780 161 0 0
25791 190 0 0
25738 217 0 0
25892 158 0 0
25794 176 1 1
25758 452 1 1
25708 263 0 0
25592 309 1 1
25886 80 0 0
25711 278 0 0
25731 194 0 0
25807 187 1 1
25529 393 0 0
25627 263 1 1
25419 584 0 0
25800 221 0 0
25808 236 0 0
25897 159 1 1
25479 471 0 0
