20221 4572 2 2
20408 4418 1 1
20393 4429 1 1
21481 3206 0 0
24536 345 0 0
24723 157 1 1
24132 704 0 0
24622 226 1 1
24605 194 0 0
24581 246 0 0
24782 66 0 0
24829 156 1 1
24757 130 0 0
24633 222 0 0
24602 237 0 0
24727 96 8 8
24733 134 0 0
24801 110 0 0
24623 203 0 0
24714 217 1 1
24767 94 0 0
24672 202 0 0
24677 169 0 0
24622 219 0 0
24625 149 0 0
24630 240 0 0
24693 195 0 0
24688 162 0 0
24654 156 0 0
24693 163 1 1
24838 93 0 0
24791 89 0 0
24683 150 0 0
24711 154 0 0
24709 106 0 0
24761 147 0 0
24616 179 1 1
24590 188 0 0
24605 188 0 0
24594 195 0 0
24654 177 0 0
24702 86 0 0
24813 65 0 0
24811 52 0 0
24817 101 0 0
24575 245 0 0
24851 99 0 0
24831 67 1 1
24700 89 2 2
24687 193 0 0
24805 55 0 0
24864 109 0 0
24605 226 1 1
24719 144 0 0
24792 144 0 0
24729 117 0 0
24525 325 0 0
24786 75 0 0
24711 203 0 0
24477 333 0 0
24670 145 0 0
24688 187 0 0
24638 184 0 0
24722 104 3 3
24608 215 0 0
24627 131 0 0
24718 140 0 0
24334 396 0 0
24691 128 1 1
24782 136 0 0
24693 136 0 0
24668 252 0 0
24629 152 0 0
24592 191 0 0
24529 328 0 0
24668 176 0 0
24842 96 0 0
24752 104 1 1
24517 330 0 0
24365 395 0 0
24365 458 0 0
24657 161 0 0
24792 133 0 0
24751 83 1 1
24490 145 0 0
24558 268 0 0
24497 339 0 0
24704 135 0 0
24290 567 0 0
24549 163 0 0
24768 113 0 0
24746 246 0 0
24609 242 0 0
24669 171 0 0
24609 173 0 0
24849 50 0 0
24640 195 0 0
24698 135 0 0
24756 103 0 0
24597 237 0 0
24660 133 1 1
24782 105 0 0
24675 181 0 0
24639 139 0 0
24661 119 0 0
24461 341 1 1
24695 143 0 0
24849 68 0 0
24503 275 0 0
24698 152 0 0
24774 73 8 8
24802 180 0 0
24723 153 0 0
24490 329 0 0
24684 116 0 0
24684 129 0 0
24733 101 0 0
24746 137 0 0
24582 229 0 0
24632 179 0 0
24621 158 0 0
24718 88 0 0
24787 64 0 0
24717 205 0 0
24541 223 0 0
24690 164 0 0
24619 173 0 0
24718 147 0 0
24768 98 2 2
24760 133 0 0
24490 387 0 0
24648 283 1 1
24761 87 0 0
24789 98 0 0
24703 112 0 0
24794 135 0 0
24577 244 0 0
24635 192 1 1
24757 146 1 1
24714 187 0 0
24777 75 0 0
24679 153 0 0
24772 84 0 0
24777 94 0 0
24782 70 0 0
24600 270 0 0
24586 210 0 0
24576 274 0 0
24741 72 1 1
24765 46 0 0
24701 115 0 0
24753 111 0 0
24728 122 0 0
24744 144 1 1
24741 135 0 0
24691 97 0 0
24801 84 0 0
24721 118 0 0
24715 66 0 0
24713 131 0 0
24767 134 0 0
24789 104 0 0
24622 165 0 0
24603 152 0 0
24634 117 1 1
24706 106 0 0
24659 147 1 1
24699 133 0 0
24749 95 2 2
24820 45 0 0
24674 164 0 0
24739 97 0 0
24731 122 1 1
24748 127 1 1
24749 107 0 0
24616 222 0 0
24596 206 0 0
24736 72 0 0
24628 165 0 0
24752 119 0 0
24635 215 0 0
24712 93 0 0
24751 107 0 0
24618 165 0 0
24697 342 0 0
24728 92 1 1
24635 152 0 0
24735 83 0 0
24656 182 0 0
24599 256 0 0
24613 172 0 0
24717 106 0 0
24677 125 1 1
24835 92 0 0
24662 142 0 0
24788 86 2 2
24629 270 0 0
24581 236 0 0
24636 215 0 0
24777 86 0 0
24747 112 0 0
24485 401 0 0
24500 341 1 1
24706 164 1 1
24673 180 1 1
24636 142 0 0
24717 92 0 0
24627 280 0 0
24382 417 0 0
24417 411 0 0
24451 446 0 0
24700 113 0 0
24665 154 0 0
24774 102 0 0
24773 141 0 0
24648 240 0 0
24536 331 0 0
24617 247 0 0
24719 114 0 0
24646 196 0 0
24669 151 0 0
24754 71 0 0
24478 297 0 0
24700 64 3 3
24630 89 0 0
24757 77 0 0
24770 62 0 0
24662 185 0 0
24643 219 0 0
24437 506 0 0
24685 136 0 0
24749 138 1 1
24545 254 0 0
24767 74 0 0
24591 191 0 0
24656 173 0 0
24571 204 0 0
24806 83 0 0
24710 164 0 0
24774 38 0 0
24758 88 1 1
24602 260 0 0
24254 527 0 0
24708 157 0 0
24551 274 0 0
24820 50 0 0
24721 90 1 1
24572 343 0 0
24656 169 2 2
24688 138 0 0
24651 131 0 0
24753 89 0 0
25032 106 1 1
24632 179 1 1
24747 88 2 2
24818 65 1 1
24646 122 0 0
24252 520 0 0
24756 121 1 1
24772 95 0 0
24765 53 0 0
24591 287 0 0
24505 326 0 0
24613 188 0 0
24691 154 0 0
24597 188 0 0
24789 53 0 0
24583 216 1 1
24748 73 0 0
24699 114 1 1
24820 67 0 0
24748 116 0 0
24656 168 0 0
24763 83 0 0
24471 324 0 0
24691 155 3 3
24810 83 0 0
24759 76 1 1
24760 129 0 0
24864 50 0 0
24761 103 0 0
24740 91 0 0
24677 152 0 0
24694 160 0 0
24698 157 1 1
24741 160 1 1
24771 89 0 0
24637 176 0 0
24643 191 0 0
24854 51 2 2
24569 219 1 1
24727 146 1 1
24679 145 0 0
24803 94 1 1
24692 208 0 0
24791 43 0 0
24675 129 0 0
24766 150 0 0
24682 133 0 0
24743 87 0 0
24682 152 1 1
24675 177 0 0
24768 69 0 0
24611 194 0 0
24679 155 1 1
24713 203 0 0
24680 56 0 0
24726 98 1 1
24771 49 0 0
24612 93 1 1
24667 90 0 0
24739 115 0 0
24747 62 0 0
24702 201 0 0
24743 137 0 0
24767 83 1 1
24799 89 2 2
24808 40 0 0
24749 95 0 0
24660 194 0 0
24541 296 0 0
24163 764 0 0
24772 103 0 0
24606 198 0 0
24932 136 0 0
24657 183 0 0
24707 126 0 0
24610 126 0 0
24697 158 8 8
24729 97 0 0
24750 78 1 1
24849 79 1 1
24448 439 1 1
24702 120 0 0
24742 112 1 1
24706 124 1 1
24647 136 2 2
24918 143 1 1
24696 162 0 0
24707 128 0 0
24683 154 0 0
24667 177 1 1
24797 103 1 1
24723 88 0 0
24982 104 0 0
24626 144 0 0
24609 178 0 0
24727 110 1 1
25021 58 1 1
24769 86 0 0
24833 38 2 2
24819 99 2 2
24700 159 0 0
24813 118 0 0
24639 163 3 3
24786 45 0 0
24702 109 0 0
24731 135 0 0
24662 123 0 0
24685 172 0 0
24743 113 0 0
24761 127 0 0
24754 128 0 0
24745 135 0 0
24715 176 2 2
24831 67 0 0
24772 112 0 0
24672 150 0 0
24589 245 0 0
24783 122 0 0
24765 83 1 1
24699 93 0 0
24520 264 0 0
24596 205 0 0
24557 241 0 0
24670 148 0 0
24703 143 0 0
24531 309 0 0
24663 266 1 1
24498 301 2 2
24653 232 0 0
24716 134 1 1
24676 112 0 0
24818 33 0 0
24602 251 0 0
24508 313 0 0
24596 146 0 0
24610 199 0 0
24676 184 0 0
24701 127 0 0
24783 83 0 0
24603 156 0 0
24812 196 0 0
24663 143 0 0
24657 181 0 0
24728 101 0 0
24753 74 0 0
24815 93 0 0
24124 720 0 0
24677 224 0 0
24908 75 1 1
24694 177 0 0
24714 94 0 0
24783 110 0 0
24518 398 0 0
24599 226 0 0
24678 158 0 0
24638 191 0 0
24779 89 0 0
24709 84 1 1
24733 87 0 0
24657 129 0 0
24217 587 0 0
24626 167 0 0
24803 82 0 0
24771 65 0 0
24371 330 0 0
24787 122 1 1
24775 91 0 0
24558 209 0 0
24540 249 0 0
24717 92 0 0
24668 193 0 0
24702 145 0 0
24634 171 0 0
24750 113 0 0
24535 141 0 0
24741 140 0 0
24689 101 1 1
24771 72 1 1
24740 114 0 0
24730 171 0 0
24775 53 0 0
24618 270 0 0
24756 100 0 0
24800 79 1 1
24670 130 0 0
24830 68 1 1
24670 152 0 0
24762 61 0 0
24626 176 0 0
24481 340 1 1
24704 72 0 0
24772 41 1 1
24742 101 0 0
24694 113 0 0
24636 133 1 1
24736 133 0 0
24598 177 0 0
24662 102 0 0
24492 294 0 0
24502 299 0 0
24537 292 0 0
24809 94 0 0
24768 58 0 0
24615 174 0 0
24698 118 0 0
24716 159 0 0
24764 127 1 1
24736 185 0 0
24750 180 0 0
24722 70 0 0
24760 88 1 1
24673 159 0 0
24618 200 0 0
24379 398 0 0
24791 104 0 0
24716 84 0 0
24850 96 0 0
24767 108 0 0
24637 213 0 0
24738 152 2 2
24659 258 0 0
24780 97 0 0
24693 154 1 1
24584 250 0 0
24743 149 0 0
24650 223 0 0
24663 159 0 0
24731 110 0 0
24827 62 0 0
24698 121 0 0
24753 125 0 0
24624 158 2 2
24734 140 2 2
24656 152 0 0
24729 104 0 0
24799 104 1 1
24788 67 0 0
24644 258 0 0
24726 201 0 0
24585 286 1 1
24807 121 0 0
24766 128 0 0
24676 163 0 0
24813 53 0 0
24529 339 0 0
24593 265 1 1
24787 129 2 2
24488 251 0 0
24686 140 0 0
24663 163 0 0
24725 96 0 0
24496 286 0 0
24692 229 0 0
24677 175 2 2
24878 111 0 0
24699 162 0 0
24664 143 0 0
24744 126 0 0
24357 374 0 0
24954 91 0 0
24698 203 0 0
24775 103 1 1
24809 73 0 0
24711 156 0 0
24708 108 0 0
24793 84 0 0
24734 163 0 0
24733 98 2 2
24729 161 0 0
24755 76 0 0
24592 181 0 0
24584 166 0 0
24873 159 0 0
24568 253 0 0
24721 147 0 0
24642 155 0 0
24692 146 0 0
24618 199 0 0
24709 176 0 0
24689 72 0 0
24696 128 1 1
24747 157 0 0
24795 63 0 0
24604 294 0 0
24601 218 1 1
24537 324 0 0
24501 359 0 0
24794 76 1 1
24781 105 0 0
24674 286 0 0
24552 331 0 0
24628 318 1 1
24831 86 1 1
24730 122 0 0
24700 92 0 0
24750 85 0 0
24796 44 0 0
24722 108 0 0
24649 183 0 0
24520 300 0 0
24455 347 0 0
24747 149 0 0
24654 184 0 0
24778 69 0 0
24617 213 0 0
24651 135 0 0
24732 143 0 0
24757 77 0 0
24773 110 0 0
24813 87 0 0
24658 218 1 1
24527 235 0 0
24720 164 1 1
24788 120 0 0
24497 334 0 0
24525 356 0 0
24692 209 0 0
24646 187 0 0
24688 141 0 0
24774 142 0 0
24711 116 1 1
24762 95 2 2
24727 80 0 0
24726 130 0 0
24684 150 0 0
24720 42 1 1
24687 183 0 0
24688 124 0 0
24706 110 0 0
24771 138 0 0
24783 107 0 0
24568 279 0 0
24682 147 0 0
24801 62 0 0
24675 127 0 0
24752 57 0 0
24770 94 0 0
24693 165 0 0
24712 147 0 0
24719 105 0 0
24831 77 0 0
24720 99 0 0
24620 232 0 0
24506 267 0 0
24683 117 0 0
24788 77 0 0
24718 93 0 0
24852 37 0 0
24628 239 0 0
24549 298 0 0
24611 184 0 0
24676 165 0 0
24784 77 1 1
24862 54 0 0
24717 100 0 0
24741 91 0 0
24749 118 0 0
24710 175 2 2
24770 118 0 0
24648 151 0 0
24821 86 0 0
24717 104 1 1
24710 82 0 0
24735 99 1 1
24738 96 0 0
24698 118 0 0
24591 189 0 0
24528 270 1 1
24608 195 0 0
24719 143 0 0
24724 118 0 0
24750 135 1 1
24674 193 0 0
24678 112 0 0
24637 200 0 0
24653 127 0 0
24731 123 1 1
24754 83 0 0
24672 160 0 0
24678 181 1 1
24615 196 0 0
24642 220 0 0
24538 245 1 1
24807 62 0 0
24744 106 0 0
24708 119 0 0
24780 83 0 0
24588 277 1 1
24539 276 0 0
24482 420 0 0
24750 127 0 0
24659 136 0 0
24796 54 0 0
24758 96 3 3
24732 106 0 0
24711 117 1 1
24868 301 0 0
24648 127 0 0
24782 116 0 0
24749 125 0 0
24702 187 0 0
24739 137 1 1
24676 222 0 0
24491 404 0 0
24735 142 0 0
24617 140 0 0
24596 201 1 1
24739 100 2 2
24741 165 0 0
24615 204 1 1
24790 62 0 0
24780 109 2 2
24753 78 0 0
24745 135 0 0
24775 93 0 0
24774 134 0 0
24716 220 0 0
24641 186 0 0
24837 73 0 0
24696 107 0 0
24746 88 0 0
24823 126 0 0
24777 153 1 1
24661 130 0 0
24606 231 0 0
24710 120 0 0
24803 124 0 0
24743 167 0 0
24694 177 0 0
24706 135 2 2
24760 137 0 0
24746 164 2 2
24736 116 1 1
24780 100 0 0
24695 294 0 0
24691 143 1 1
24733 69 0 0
24803 59 0 0
24709 100 0 0
24683 161 0 0
24714 223 0 0
24818 86 0 0
24692 111 0 0
24744 111 1 1
24765 171 1 1
24750 79 0 0
24705 92 0 0
24763 87 0 0
24793 146 0 0
24763 125 0 0
24676 137 1 1
24703 85 0 0
24820 50 0 0
24722 83 0 0
24681 158 1 1
24727 223 0 0
24662 126 0 0
24730 92 0 0
24813 80 2 2
24751 143 1 1
24855 85 0 0
24699 173 1 1
24853 121 0 0
24648 216 0 0
24733 144 0 0
24698 135 2 2
24592 285 0 0
24443 343 0 0
24585 199 0 0
24706 151 0 0
24698 171 0 0
24699 233 0 0
24685 312 0 0
24642 252 1 1
24673 179 0 0
24607 193 0 0
24671 207 0 0
24832 78 4 4
24701 165 1 1
24371 477 0 0
24313 563 0 0
24490 383 0 0
24684 185 0 0
24499 286 0 0
24621 172 1 1
24763 78 0 0
24535 343 1 1
24442 373 1 1
24573 276 0 0
24543 228 0 0
24706 197 0 0
24672 175 0 0
24552 324 0 0
24608 211 3 3
24700 175 0 0
24890 254 0 0
24759 124 1 1
24668 159 0 0
24787 79 1 1
24814 114 1 1
24623 197 0 0
24664 291 1 1
24534 198 0 0
24743 149 0 0
24665 125 0 0
24700 131 0 0
24655 172 0 0
24631 191 0 0
24595 252 1 1
24777 58 0 0
24737 126 0 0
24736 76 1 1
24638 254 0 0
24707 114 0 0
24793 98 0 0
24783 133 0 0
24847 26 0 0
24622 147 1 1
24779 93 0 0
24671 155 0 0
24719 151 1 1
24601 211 0 0
24681 159 0 0
24646 134 0 0
24723 111 1 1
24833 50 0 0
24631 255 0 0
24735 83 1 1
24780 70 1 1
24750 132 0 0
24725 124 0 0
24792 67 0 0
24793 100 0 0
24696 182 0 0
24749 147 1 1
24695 95 0 0
24733 97 1 1
24821 52 0 0
24670 253 0 0
24574 314 1 1
24267 479 0 0
24472 396 1 1
24816 78 1 1
24656 182 0 0
24710 143 1 1
24569 245 1 1
24432 431 1 1
24602 237 0 0
24700 87 0 0
24712 165 0 0
24584 223 0 0
24491 341 0 0
24710 125 2 2
24578 237 0 0
24793 88 0 0
24659 216 0 0
24638 207 0 0
24789 42 0 0
24855 59 0 0
24841 49 1 1
24713 129 2 2
24825 108 0 0
24795 82 0 0
24771 124 0 0
24778 126 0 0
24642 178 0 0
24661 103 0 0
24557 316 0 0
24741 84 0 0
24512 210 1 1
24564 234 0 0
24773 116 0 0
24745 119 0 0
24426 349 0 0
24543 201 0 0
24634 314 0 0
24796 25 0 0
24841 64 0 0
24697 143 0 0
24678 168 0 0
24742 140 0 0
24716 111 1 1
24766 74 0 0
24767 122 1 1
24862 71 3 3
24756 76 0 0
24754 118 0 0
24686 244 0 0
24778 75 0 0
24756 58 0 0
24819 121 1 1
24681 170 0 0
24508 330 0 0
24752 90 0 0
24879 113 0 0
24857 102 0 0
24707 165 0 0
24825 57 0 0
24694 90 0 0
24663 209 0 0
24661 123 1 1
24635 221 2 2
24710 150 0 0
24703 114 0 0
24716 163 0 0
24645 148 0 0
24712 102 0 0
24798 67 0 0
24800 49 0 0
24701 90 0 0
24730 99 0 0
24864 185 0 0
24677 118 0 0
24730 164 0 0
24664 106 1 1
24794 46 1 1
24770 111 0 0
24763 136 0 0
24677 171 1 1
24670 187 0 0
24656 235 1 1
24729 111 1 1
24729 139 0 0
24743 95 0 0
24619 208 0 0
24427 378 0 0
24741 197 0 0
24668 162 0 0
24753 144 0 0
24742 147 0 0
24595 188 0 0
24489 283 0 0
24713 133 0 0
24781 95 1 1
24794 89 0 0
24704 122 0 0
24781 89 1 1
24637 210 0 0
24706 167 0 0
24683 198 0 0
24864 90 1 1
24831 82 0 0
24791 156 0 0
24450 375 0 0
24431 391 0 0
24476 381 0 0
24760 82 0 0
24712 165 0 0
24789 113 0 0
24750 121 0 0
24570 266 0 0
24703 153 0 0
24696 133 0 0
24296 375 0 0
24680 117 1 1
24634 140 0 0
24738 140 0 0
24701 193 0 0
24554 234 0 0
24756 92 0 0
24577 224 0 0
24820 51 0 0
24654 79 0 0
24540 310 0 0
24499 315 1 1
24708 186 0 0
24712 90 1 1
24643 252 1 1
24739 107 1 1
24458 333 0 0
24440 359 0 0
24460 349 0 0
24572 189 0 0
24725 194 0 0
24827 141 0 0
24586 176 0 0
24673 221 0 0
24525 345 0 0
24690 129 0 0
24776 104 1 1
24620 237 0 0
24617 256 0 0
24732 127 2 2
24612 203 0 0
24704 136 0 0
24638 243 0 0
24629 165 1 1
24834 142 0 0
24782 124 0 0
24578 251 0 0
24517 307 0 0
24653 199 0 0
24738 185 1 1
24809 124 0 0
24754 129 0 0
24756 143 0 0
24733 139 1 1
24666 208 1 1
24753 132 0 0
24701 106 0 0
24515 334 0 0
24585 247 2 2
24579 271 1 1
24834 90 0 0
24731 189 0 0
24657 180 1 1
24608 176 0 0
24666 214 0 0
24758 123 0 0
24751 157 0 0
24731 132 0 0
24677 156 0 0
24722 170 0 0
24805 85 1 1
24766 149 0 0
24476 287 1 1
24507 293 0 0
24792 88 0 0
24591 181 2 2
24628 187 0 0
24818 49 0 0
24521 305 0 0
24406 398 0 0
24640 228 3 3
24832 155 0 0
24706 193 0 0
24578 254 0 0
24690 181 0 0
24701 118 0 0
24656 150 1 1
24659 111 0 0
24641 225 0 0
24799 84 1 1
24743 157 2 2
24376 479 0 0
24563 264 0 0
24525 316 0 0
24706 106 1 1
24492 291 1 1
24670 179 0 0
24672 197 0 0
24490 317 0 0
24593 260 0 0
24275 504 0 0
24734 180 0 0
24557 238 0 0
24756 110 0 0
24434 463 0 0
