27963 0 0 0
28124 0 2 2
27711 159 0 0
28014 109 0 0
27775 322 0 0
27803 121 12 12
27853 71 5 5
27996 20 0 0
27979 0 0 0
28241 135 0 0
27622 53 1 1
27687 43 0 0
27915 39 0 0
27855 19 3 3
27580 340 0 0
27943 0 0 0
27728 26 1 1
28175 57 6 6
28243 59 0 0
28035 9 6 6
27552 143 0 0
27790 34 0 0
28015 0 0 0
28270 0 4 4
27991 39 0 0
27937 100 0 0
27924 164 0 0
28108 77 11 11
27807 96 1 1
28294 53 3 3
28243 17 0 0
27886 0 0 0
28172 19 0 0
28184 145 0 0
28062 61 0 0
28127 29 0 0
28041 98 1 1
28139 9 0 0
28162 6 1 1
28124 0 0 0
28278 3 1 1
27756 21 6 6
27757 131 0 0
28102 74 0 0
27706 44 0 0
27688 20 0 0
27905 42 0 0
27834 64 5 5
28151 40 0 0
27616 75 9 9
27783 157 0 0
27899 23 0 0
27877 0 0 0
27906 32 0 0
28202 0 10 10
27987 0 6 6
27930 165 12 12
27344 312 0 0
27891 291 0 0
27898 151 1 1
27627 54 0 0
27904 8 0 0
27608 0 0 0
28031 131 0 0
27986 120 0 0
27872 156 3 3
27707 295 0 0
27826 150 1 1
27758 22 11 11
27999 198 5 5
28079 10 0 0
27791 0 0 0
28295 96 0 0
27848 158 1 1
27801 44 0 0
28555 116 6 6
28159 0 0 0
28066 9 0 0
27922 0 0 0
28138 58 0 0
28055 111 0 0
27947 85 0 0
28034 12 6 6
28013 65 0 0
27560 175 0 0
27642 36 0 0
28047 2 1 1
27975 54 0 0
27672 96 0 0
27883 140 0 0
27773 140 4 4
27715 75 0 0
28157 3 9 9
28038 59 2 2
27919 51 0 0
28102 46 0 0
28056 60 0 0
27550 150 0 0
27973 50 0 0
28097 100 0 0
28020 16 0 0
28155 59 9 9
28091 46 0 0
28199 3 4 4
28429 36 16 16
28038 118 0 0
27729 140 0 0
27770 51 0 0
27877 19 3 3
27952 0 0 0
27978 145 0 0
28208 159 8 8
27902 194 0 0
27859 247 0 0
28050 7 9 9
28188 74 0 0
27690 16 0 0
27861 0 0 0
28252 122 5 5
27671 196 4 4
28018 140 7 7
27846 152 0 0
28178 13 0 0
27965 104 0 0
27948 23 0 0
28085 54 0 0
28074 44 0 0
28094 56 0 0
27979 155 4 4
28034 120 0 0
27823 35 0 0
28336 23 8 8
28182 42 0 0
28391 1 6 6
27971 48 0 0
28019 62 0 0
27709 96 13 13
27965 39 0 0
28107 0 0 0
27957 41 6 6
28026 1 4 4
28073 149 0 0
27951 172 0 0
27692 211 0 0
27659 139 6 6
27854 60 0 0
28071 42 0 0
27785 34 0 0
27906 0 8 8
27835 125 1 1
28006 212 0 0
27891 202 3 3
27826 95 0 0
27751 83 0 0
27771 96 0 0
27903 0 0 0
27788 119 7 7
27835 207 1 1
27458 271 0 0
27986 189 0 0
27916 148 2 2
28012 18 0 0
27761 43 0 0
27987 34 0 0
27721 404 0 0
27776 72 4 4
28030 152 2 2
28117 130 1 1
27713 33 0 0
27927 12 0 0
28583 29 4 4
27431 110 9 9
28061 94 0 0
28248 0 0 0
27955 63 0 0
27722 141 7 7
28369 11 6 6
27870 17 0 0
28058 32 1 1
28104 29 0 0
28425 70 0 0
27528 51 0 0
27944 13 0 0
27821 102 4 4
28108 25 0 0
27828 63 0 0
27508 125 0 0
28067 32 0 0
27862 63 0 0
27840 135 1 1
27757 123 0 0
27994 36 0 0
27806 114 0 0
28029 106 0 0
27850 78 0 0
27933 30 0 0
27915 192 0 0
28069 105 0 0
27824 40 0 0
27799 0 0 0
27959 5 0 0
28164 27 5 5
28004 88 10 10
27808 173 2 2
27986 57 0 0
27677 260 0 0
28271 14 0 0
27849 106 0 0
27868 135 0 0
28017 30 0 0
28059 135 0 0
28112 35 0 0
27983 120 3 3
27841 38 0 0
27861 69 0 0
27959 4 0 0
28004 42 0 0
27862 116 8 8
28192 49 6 6
27408 335 0 0
27776 34 5 5
27763 51 0 0
27991 146 0 0
28184 35 0 0
28221 38 0 0
28095 3 7 7
28210 66 10 10
27899 36 0 0
27535 59 0 0
28143 106 0 0
27877 45 0 0
28200 46 0 0
28240 27 0 0
27916 0 0 0
27606 43 0 0
28129 31 0 0
28110 49 0 0
28367 64 0 0
27924 69 0 0
27774 22 0 0
27766 49 0 0
26521 1069 0 0
27683 46 0 0
27911 52 0 0
28241 60 0 0
27716 58 0 0
27752 41 0 0
28068 0 0 0
28119 57 0 0
27934 24 0 0
28083 48 0 0
27444 83 0 0
27642 97 5 5
28270 59 0 0
28136 25 0 0
28339 8 0 0
27934 218 12 12
27934 192 0 0
28135 39 1 1
28545 59 0 0
27788 62 4 4
27606 119 6 6
27831 42 0 0
27651 48 0 0
28125 0 7 7
27977 102 4 4
28006 130 0 0
27789 92 0 0
28108 98 0 0
28153 80 0 0
28167 0 0 0
27929 8 0 0
28207 57 0 0
28182 44 0 0
27748 202 2 2
27841 143 2 2
28043 117 0 0
28056 4 0 0
27841 32 0 0
28049 106 4 4
27573 13 0 0
27391 211 0 0
28050 143 1 1
29031 40 11 11
27985 43 0 0
28062 128 1 1
28081 26 0 0
28069 0 0 0
28092 69 0 0
28009 246 7 7
28185 223 0 0
27995 160 0 0
27933 185 10 10
28001 25 5 5
28276 4 0 0
28016 0 7 7
27909 38 3 3
27699 192 0 0
27672 214 0 0
27569 179 5 5
28088 27 0 0
27997 23 13 13
27795 16 0 0
27643 13 0 0
28148 0 0 0
28082 122 7 7
27933 32 0 0
27932 71 0 0
28197 191 0 0
28725 17 13 13
27975 44 0 0
28193 8 3 3
27893 48 0 0
28110 82 0 0
27895 51 7 7
28138 55 6 6
28050 38 7 7
28051 17 0 0
28037 39 0 0
27752 19 0 0
28208 2 4 4
27987 46 0 0
28131 131 0 0
27946 91 0 0
27631 83 0 0
28073 33 0 0
27704 37 0 0
28002 31 0 0
27961 0 0 0
27580 182 5 5
27924 40 0 0
28007 90 0 0
28104 91 0 0
28211 32 0 0
28128 58 6 6
27752 62 0 0
28022 84 0 0
28015 44 0 0
27992 119 0 0
27773 8 9 9
28320 65 8 8
28056 4 0 0
28163 0 5 5
27971 18 0 0
27584 153 0 0
27472 162 4 4
27711 158 0 0
28066 51 4 4
28060 24 0 0
28194 0 0 0
28382 0 2 2
27803 56 9 9
28200 126 0 0
28017 184 0 0
27823 181 0 0
28069 12 0 0
27853 24 6 6
27824 49 0 0
28270 4 3 3
28149 60 3 3
28094 47 0 0
27771 48 0 0
27815 100 9 9
28115 30 0 0
27935 0 0 0
27990 0 0 0
28812 24 0 0
27880 13 3 3
28200 15 0 0
27962 68 5 5
28101 25 5 5
28218 3 0 0
27949 42 0 0
28156 35 0 0
27774 0 0 0
27924 17 0 0
28013 6 0 0
27744 70 1 1
28058 6 0 0
27825 146 0 0
28248 0 7 7
27915 2 6 6
27864 31 0 0
28398 58 0 0
28157 85 0 0
28377 112 0 0
27783 145 0 0
27792 13 0 0
28016 68 0 0
28057 0 5 5
27560 236 0 0
27512 304 6 6
28252 215 0 0
27562 268 0 0
27816 62 0 0
28235 162 0 0
28078 33 0 0
27825 198 0 0
27831 231 0 0
28215 73 6 6
28149 169 4 4
27838 141 6 6
28002 60 8 8
27847 56 5 5
27797 100 0 0
28073 73 0 0
28321 57 0 0
27955 80 5 5
27845 206 0 0
27964 98 0 0
27999 27 0 0
27964 74 9 9
28197 51 0 0
28190 174 5 5
27427 217 0 0
27617 150 0 0
27768 47 0 0
27874 112 0 0
28222 99 0 0
27859 95 0 0
27988 81 10 10
27729 253 0 0
27719 183 3 3
28100 150 8 8
27878 79 0 0
27733 68 0 0
28202 50 3 3
28173 46 8 8
27881 94 0 0
27650 230 6 6
27597 104 0 0
27850 89 0 0
27961 48 6 6
28328 8 7 7
27545 134 7 7
27784 101 0 0
27641 72 0 0
28114 66 0 0
27731 105 14 14
27941 142 0 0
27852 67 4 4
28026 67 9 9
27956 344 0 0
28027 4 0 0
28185 187 0 0
27845 278 0 0
27905 161 0 0
27902 91 0 0
28135 66 6 6
28292 24 9 9
27837 52 0 0
27882 75 2 2
27911 198 0 0
27179 459 0 0
27863 35 11 11
28054 76 0 0
27564 19 10 10
28146 35 0 0
27992 5 0 0
28612 60 0 0
27939 44 0 0
28241 142 0 0
27860 43 0 0
27967 10 5 5
28043 139 0 0
27845 10 0 0
27979 27 0 0
27900 30 0 0
27796 50 0 0
27889 34 0 0
27949 154 4 4
27917 68 0 0
28142 35 0 0
28182 51 0 0
27762 59 0 0
28022 53 0 0
28190 120 0 0
27876 62 0 0
27772 176 0 0
28144 55 9 9
27491 158 0 0
27928 24 7 7
28254 205 4 4
27749 257 0 0
28133 181 0 0
27758 159 0 0
27775 135 0 0
28146 131 0 0
28064 74 2 2
28040 65 10 10
27379 211 0 0
27955 307 9 9
27813 206 2 2
27825 237 0 0
28151 38 10 10
28137 56 5 5
27863 104 0 0
27932 39 0 0
27897 61 1 1
28204 49 0 0
27836 68 0 0
27809 42 0 0
27908 37 2 2
28004 103 0 0
27784 32 4 4
28056 52 0 0
27874 68 0 0
27858 17 0 0
28055 167 0 0
28206 92 0 0
28074 60 4 4
28301 34 1 1
28054 64 0 0
27907 4 0 0
28130 115 1 1
28206 53 0 0
27807 36 0 0
28567 130 5 5
28387 182 8 8
27932 273 0 0
27983 28 4 4
28041 23 0 0
27817 317 0 0
27863 19 0 0
27766 113 0 0
28153 142 0 0
27933 143 4 4
27922 38 6 6
28301 57 5 5
28250 90 1 1
27708 118 0 0
28074 41 0 0
28250 42 1 1
27909 83 0 0
28072 127 0 0
28110 27 9 9
27942 31 3 3
28135 69 0 0
27956 69 0 0
27929 59 0 0
27924 53 0 0
28078 49 0 0
28349 56 7 7
28153 83 0 0
27871 102 0 0
28025 19 1 1
27994 54 0 0
27938 43 0 0
28031 101 0 0
27816 96 0 0
28188 32 12 12
27986 179 0 0
27934 108 0 0
27957 93 0 0
27992 93 0 0
27973 177 3 3
27964 22 0 0
28045 104 0 0
28054 72 0 0
27854 34 10 10
28067 181 5 5
27923 170 0 0
27920 150 0 0
27840 193 0 0
27782 16 0 0
27718 49 0 0
27875 29 0 0
27848 36 0 0
28024 119 10 10
28065 18 0 0
28237 38 0 0
28395 5 0 0
28257 20 4 4
28056 39 0 0
28134 154 1 1
28064 37 0 0
27659 92 0 0
27918 73 0 0
27624 228 0 0
27876 78 0 0
28109 22 0 0
28027 74 0 0
27828 37 0 0
27881 29 0 0
28037 27 0 0
27586 80 0 0
28160 171 0 0
27990 73 0 0
27960 72 0 0
27861 124 0 0
28084 86 0 0
27690 29 4 4
27716 99 0 0
27689 64 1 1
28554 93 0 0
27797 56 0 0
28326 70 0 0
27980 48 0 0
27830 30 8 8
28151 208 1 1
28431 48 6 6
29333 67 1 1
28209 10 0 0
27735 32 0 0
27888 69 0 0
27854 107 0 0
27600 171 0 0
27898 68 0 0
28021 103 0 0
28283 169 5 5
28150 76 0 0
27993 46 0 0
27939 49 0 0
28078 53 10 10
28173 27 1 1
28196 74 4 4
27872 101 0 0
27885 136 0 0
27766 120 8 8
28182 84 0 0
28122 29 6 6
28071 28 0 0
27848 28 4 4
27746 58 0 0
27930 82 0 0
27787 166 2 2
27890 125 0 0
28142 59 7 7
27859 58 6 6
27807 189 0 0
28407 29 4 4
28415 2 0 0
28143 249 4 4
28176 24 5 5
28157 0 0 0
28068 26 11 11
28192 47 0 0
27939 90 0 0
28127 0 0 0
28426 25 0 0
28386 91 4 4
28037 128 10 10
28151 43 0 0
28023 24 0 0
27930 8 0 0
28022 87 2 2
27829 78 0 0
28223 140 3 3
28041 57 7 7
28074 86 0 0
28358 40 8 8
28227 0 4 4
27860 24 0 0
28199 0 0 0
28261 6 4 4
28327 87 0 0
27952 12 12 12
27748 84 0 0
27895 60 0 0
27884 12 0 0
27877 36 0 0
28187 79 0 0
27822 96 0 0
28067 10 0 0
28044 37 0 0
28403 35 0 0
28282 33 1 1
28104 3 13 13
28303 58 8 8
27928 112 7 7
28221 72 0 0
27986 239 0 0
27760 107 0 0
27641 87 0 0
28229 17 0 0
27718 33 0 0
28259 80 0 0
28136 152 0 0
27718 228 1 1
27603 254 6 6
28050 98 10 10
28045 23 5 5
28404 32 0 0
28122 25 0 0
28226 39 8 8
27995 182 0 0
27663 258 0 0
27960 217 0 0
28098 145 1 1
27701 104 0 0
27727 0 0 0
28300 0 0 0
28054 186 15 15
27667 247 7 7
27793 215 9 9
27790 329 0 0
27993 49 11 11
28180 18 0 0
27870 0 4 4
27843 20 13 13
27858 164 0 0
27953 295 0 0
27655 111 0 0
28141 71 0 0
28107 4 0 0
28111 96 0 0
27773 43 4 4
28136 45 0 0
27813 52 0 0
28052 79 0 0
27823 122 0 0
28246 253 7 7
27811 80 4 4
28142 43 0 0
28007 28 0 0
27819 271 2 2
27864 133 0 0
27928 160 0 0
27505 291 0 0
28016 115 0 0
28036 49 0 0
27843 111 3 3
27905 42 0 0
28117 213 0 0
27760 257 0 0
27645 233 5 5
27291 850 3 3
28176 138 2 2
27909 89 0 0
27774 48 6 6
28260 50 0 0
28156 71 0 0
28159 64 0 0
27877 115 0 0
28002 229 8 8
28150 140 0 0
27844 90 0 0
28076 74 0 0
28101 30 0 0
27910 21 1 1
27682 118 0 0
28172 103 2 2
27974 61 0 0
27892 57 0 0
27856 114 0 0
27880 86 0 0
28120 46 0 0
27686 124 0 0
27826 125 0 0
27822 187 0 0
27794 127 0 0
28089 114 0 0
28127 97 0 0
29284 301 0 0
27983 166 3 3
27725 153 2 2
27941 185 9 9
27988 331 0 0
28036 110 0 0
28362 129 6 6
28141 130 8 8
28167 83 0 0
27799 158 0 0
27453 206 0 0
27888 188 0 0
27938 276 0 0
28030 173 0 0
27690 238 0 0
28246 167 0 0
27866 36 0 0
27590 327 0 0
27815 80 1 1
28137 23 0 0
28054 74 0 0
28070 59 1 1
27783 85 0 0
27791 73 0 0
27946 0 0 0
27965 22 0 0
27612 61 0 0
28170 37 5 5
28214 109 0 0
27946 0 0 0
28161 28 0 0
28036 20 1 1
27950 101 4 4
27799 24 3 3
28303 89 0 0
27804 113 2 2
28196 118 5 5
27885 114 1 1
27915 73 1 1
28046 28 9 9
28152 47 0 0
27845 105 0 0
28140 63 0 0
28022 59 0 0
28016 127 6 6
27671 0 0 0
28459 5 5 5
28164 3 5 5
28191 115 2 2
27680 233 0 0
27661 243 0 0
27817 339 6 6
27811 136 0 0
28098 5 0 0
28160 47 0 0
28109 226 0 0
27928 123 9 9
28051 225 0 0
27822 209 0 0
27815 106 0 0
27850 72 0 0
28047 107 0 0
28375 0 11 11
28107 23 0 0
27905 7 0 0
27720 89 0 0
27796 65 10 10
27862 103 0 0
27981 44 7 7
29376 21 0 0
28583 120 0 0
27833 19 0 0
27899 46 0 0
27796 201 6 6
27429 189 0 0
28071 65 4 4
28040 64 0 0
28015 146 0 0
28043 67 0 0
27836 111 0 0
27813 138 3 3
27827 235 3 3
28006 201 14 14
28063 147 1 1
27652 76 0 0
28096 50 0 0
27832 35 0 0
27947 0 0 0
28102 22 2 2
27819 54 0 0
27686 37 0 0
27749 116 0 0
27765 61 0 0
27820 82 0 0
27852 19 0 0
28107 0 8 8
28084 0 0 0
27880 45 0 0
27683 60 0 0
27767 99 6 6
28016 87 0 0
27931 33 0 0
28091 0 0 0
28165 0 1 1
28146 7 0 0
27895 56 0 0
27951 97 0 0
28012 70 4 4
28340 95 7 7
27929 2 0 0
28075 16 0 0
27833 60 0 0
28184 131 4 4
28004 97 0 0
28024 53 0 0
27905 153 0 0
27793 87 3 3
27889 93 7 7
28301 0 3 3
27798 24 0 0
27774 75 0 0
27978 62 0 0
27811 125 0 0
27944 72 0 0
28132 120 0 0
28296 8 0 0
27872 0 0 0
28343 77 0 0
27828 131 0 0
27432 320 0 0
27944 31 0 0
28050 58 4 4
27853 33 8 8
27768 14 9 9
28043 105 0 0
27537 174 0 0
27753 189 0 0
27889 167 0 0
28126 92 0 0
27872 35 0 0
27920 117 0 0
28132 114 0 0
28111 125 0 0
27581 101 0 0
28394 78 0 0
27813 73 0 0
28108 173 0 0
28254 37 0 0
27550 81 0 0
27822 82 0 0
27926 40 0 0
27375 585 4 4
27932 11 0 0
27951 193 0 0
28045 49 0 0
27813 129 0 0
28011 124 1 1
28071 44 0 0
28313 59 0 0
28181 49 0 0
27665 110 0 0
28070 49 12 12
27801 49 0 0
27821 86 0 0
27635 58 0 0
27814 44 0 0
27933 160 6 6
27919 89 0 0
27717 47 7 7
28423 33 0 0
28146 0 0 0
28243 21 0 0
28146 47 0 0
28179 110 8 8
28054 73 9 9
27909 103 0 0
28130 115 5 5
27902 74 4 4
27759 42 4 4
28191 0 2 2
28225 48 0 0
28035 91 0 0
27698 510 0 0
28125 17 0 0
28324 93 0 0
28315 35 0 0
28016 50 0 0
28614 64 1 1
28105 0 0 0
28071 13 17 17
28339 131 5 5
27995 133 0 0
28133 120 3 3
28268 58 10 10
27979 82 0 0
28341 5 0 0
27883 71 0 0
28043 5 5 5
28338 0 0 0
28223 47 5 5
27425 457 6 6
28060 46 0 0
27572 156 0 0
28090 43 4 4
28586 74 0 0
28522 30 0 0
28135 63 0 0
28741 19 3 3
27720 71 0 0
28117 44 0 0
28081 19 0 0
27774 0 0 0
28255 0 0 0
27791 36 4 4
27825 204 4 4
27761 150 1 1
27824 126 0 0
27731 61 1 1
28111 45 3 3
28013 63 1 1
27792 276 0 0
28654 95 1 1
27878 61 12 12
27924 160 3 3
28109 63 0 0
28011 5 1 1
27852 49 0 0
28032 41 0 0
28131 25 0 0
28224 94 0 0
28042 82 0 0
28119 44 0 0
28070 48 0 0
27491 416 5 5
28103 47 9 9
27923 7 10 10
27987 0 6 6
27847 108 11 11
27877 91 0 0
27802 63 5 5
28033 44 5 5
28319 3 0 0
28017 6 0 0
27950 60 0 0
28545 114 0 0
28412 32 0 0
28038 32 2 2
