25114 0 0 0
24930 0 1 1
24871 92 0 0
24798 104 0 0
24578 335 0 0
24811 143 0 0
24524 43 0 0
24831 24 0 0
24880 0 0 0
24737 72 0 0
24662 43 0 0
24854 20 0 0
24806 36 0 0
24574 18 0 0
24520 300 0 0
24912 0 0 0
24820 20 0 0
24823 8 0 0
24781 65 0 0
24883 13 0 0
24653 66 0 0
24694 28 0 0
24884 0 0 0
24803 0 0 0
24831 29 0 0
24577 91 0 0
24817 115 0 0
24833 82 0 0
24656 81 0 0
24666 45 0 0
24924 20 0 0
24688 0 0 0
24668 20 0 0
24899 34 0 0
24747 58 0 0
24898 24 0 0
24766 95 0 0
24990 5 0 0
24802 5 0 0
24818 0 0 0
24728 2 1 1
24713 3 1 1
24432 136 0 0
24778 68 0 0
24625 36 0 0
24935 27 0 0
24957 54 1 1
24919 38 0 0
24732 45 0 0
24922 78 1 1
24623 148 0 0
24698 23 0 0
24976 0 0 0
24845 26 1 1
24826 0 0 0
24629 0 0 0
24660 121 0 0
24482 298 0 0
24533 269 0 0
24660 102 0 0
24814 63 0 0
24944 8 0 0
25002 0 0 0
24683 0 0 0
24782 117 0 0
24525 154 0 0
24404 294 0 0
24729 97 0 0
24677 19 0 0
24733 193 0 0
24693 12 2 2
24779 0 0 0
24717 19 0 0
24678 196 0 0
24902 50 0 0
25047 109 0 0
24936 0 0 0
24657 12 0 0
24724 0 0 0
24813 59 1 1
24795 51 0 0
24905 71 0 0
24955 4 0 0
24821 76 0 0
24635 165 0 0
24899 34 0 0
24847 25 0 0
24650 20 0 0
24869 68 1 1
24797 138 0 0
24702 116 0 0
24665 61 0 0
24998 0 0 0
25175 31 0 0
24573 55 0 0
24930 4 0 0
24757 0 0 0
24406 141 0 0
24608 42 0 0
24602 97 0 0
24575 6 0 0
24784 43 0 0
24735 87 1 1
24879 10 0 0
24916 28 3 3
24436 130 0 0
24649 142 0 0
24506 53 0 0
24710 8 0 0
24859 0 0 0
24607 144 0 0
24728 158 0 0
24593 182 1 1
24565 257 0 0
24669 9 0 0
25277 74 0 0
24617 19 0 0
24775 0 0 0
24710 122 1 1
24489 167 0 0
24866 140 0 0
24523 150 0 0
24696 16 0 0
24980 116 0 0
24837 17 0 0
24655 53 0 0
24652 50 0 0
24902 60 0 0
24579 144 0 0
24818 120 0 0
24722 39 0 0
24902 28 0 0
24809 38 0 0
24664 8 0 0
24585 29 0 0
24703 41 0 0
24627 92 0 0
24686 26 0 0
24763 0 0 0
24610 37 0 0
24823 0 2 2
24773 0 0 0
24790 176 0 0
24372 216 0 0
24522 140 0 0
24724 65 0 0
24643 49 0 0
24814 38 0 0
24813 0 0 0
24581 123 0 0
24618 212 0 0
24702 197 0 0
24575 70 0 0
24600 88 0 0
24958 118 0 0
24951 0 0 0
24653 0 0 0
24497 169 0 0
24684 281 0 0
24743 191 0 0
24547 129 0 0
24670 22 0 0
24681 43 1 1
24900 32 0 0
24554 243 0 0
24817 71 0 0
24786 105 0 0
24929 78 0 0
24817 29 0 0
24783 6 0 0
24867 27 0 0
24633 106 0 0
25079 79 0 0
24747 0 0 0
24924 59 0 0
25059 83 0 0
24670 12 0 0
24919 0 0 0
24696 32 0 0
24859 30 0 0
24597 51 0 0
24722 43 0 0
24869 13 0 0
24631 65 0 0
24912 9 0 0
24709 0 0 0
24944 143 0 0
24772 34 0 0
24631 59 0 0
24584 75 0 0
24686 119 0 0
24777 0 0 0
24596 97 0 0
24833 65 0 0
24690 157 0 0
24719 27 0 0
24532 186 0 0
24882 45 0 0
24587 37 0 0
24894 0 0 0
24699 6 0 0
24884 42 0 0
24873 90 0 0
24645 69 0 0
24608 83 0 0
36550 251 0 0
24879 16 0 0
24780 99 0 0
24702 126 0 0
24848 26 0 0
24703 50 0 0
24883 38 0 0
24739 67 0 0
24670 42 0 0
24843 46 0 0
24726 4 0 0
24658 46 0 0
24837 76 0 0
24909 3 0 0
24653 100 0 0
24652 32 0 0
24645 54 0 0
24683 159 0 0
24918 34 0 0
24882 34 1 1
24923 4 0 0
24928 73 0 0
24848 36 0 0
24851 60 0 0
24651 116 0 0
24716 48 0 0
24955 36 0 0
24716 5 0 0
24742 0 0 0
24752 33 0 0
24719 32 0 0
24729 47 1 1
24787 64 0 0
24628 71 0 0
24669 19 0 0
24540 22 1 1
24226 524 0 0
24792 33 0 0
24802 50 0 0
24692 59 0 0
24607 74 0 0
24593 49 0 0
24611 0 0 0
24892 0 2 2
24667 0 0 0
24627 38 0 0
24670 89 0 0
24613 81 0 0
24821 62 0 0
24837 31 0 0
24931 11 0 0
24726 199 1 1
24582 148 1 1
24769 36 0 0
24786 55 1 1
24579 63 0 0
24569 119 0 0
24582 50 0 0
24709 34 0 0
24995 3 0 0
24714 39 0 0
24585 90 0 0
24902 78 2 2
24777 97 0 0
24675 65 0 0
24851 0 0 0
24690 0 0 0
24923 56 0 0
24608 19 0 0
24642 135 0 0
24718 203 0 0
24639 105 0 0
24691 6 0 0
24548 33 0 0
24725 36 0 0
24710 14 0 0
24522 199 0 0
24816 131 0 0
24854 50 0 0
24841 68 0 0
24874 125 0 0
24876 20 0 0
24803 0 0 0
24605 67 0 0
24552 235 1 1
24515 219 0 0
24727 157 0 0
24639 175 0 0
24951 0 0 0
24808 0 0 0
24896 0 0 0
24608 40 0 0
24746 189 0 0
24506 220 0 0
24821 169 0 0
24791 31 0 0
24825 24 0 0
24746 16 1 1
24745 10 0 0
24919 0 0 0
25062 70 2 2
24678 27 0 0
24827 71 0 0
24795 173 0 0
24895 22 0 0
24730 61 0 0
24796 9 0 0
24544 48 0 0
24942 0 0 0
24641 51 0 0
24730 40 0 0
24875 34 0 0
24643 19 0 0
24791 36 1 1
24856 12 0 0
24756 1 0 0
24993 46 1 1
24924 62 0 0
24786 90 0 0
24809 69 2 2
24719 28 0 0
24826 36 0 0
24831 26 0 0
24717 0 0 0
24796 102 0 0
24867 49 0 0
24861 89 0 0
24953 71 0 0
24865 34 1 1
24947 37 0 0
24936 35 0 0
24671 0 1 1
24871 39 0 0
24764 121 1 1
24781 11 0 0
24835 53 0 0
24954 4 0 0
24867 0 0 0
24654 22 0 0
24543 144 0 0
24560 159 1 1
24742 160 1 1
24809 52 0 0
24658 29 0 0
24736 0 0 0
24893 0 0 0
24893 0 0 0
24752 60 0 0
24899 118 0 0
24641 180 0 0
24738 17 0 0
24686 20 0 0
24739 60 0 0
24663 3 0 0
25001 0 0 0
24892 34 0 0
24715 51 0 0
24724 91 0 0
24673 32 0 0
24988 0 0 0
24899 0 0 0
24851 17 0 0
25061 4 0 0
24862 10 0 0
24600 67 0 0
24864 24 0 0
24949 1 0 0
24722 39 0 0
24825 36 0 0
24893 0 0 0
24838 15 1 1
24687 3 0 0
24622 69 0 0
25058 5 2 2
24617 160 0 0
24729 0 0 0
24731 0 0 0
24716 25 0 0
25069 63 0 0
24987 95 0 0
24489 109 0 0
24547 143 1 1
24733 12 0 0
24895 47 0 0
24799 0 0 0
24776 132 0 0
24763 203 0 0
24724 227 0 0
24906 293 0 0
24815 60 1 1
24691 209 0 0
24828 18 0 0
24692 77 0 0
24824 154 0 0
25072 79 2 2
24777 125 0 0
24680 149 0 0
24690 108 0 0
24878 44 0 0
24562 101 0 0
24906 49 0 0
24646 43 0 0
24597 78 0 0
24636 203 0 0
24955 93 0 0
24883 20 0 0
24778 71 0 0
24729 49 0 0
24641 170 0 0
24507 214 0 0
24642 147 0 0
24731 48 0 0
24789 67 0 0
24722 46 0 0
24496 123 0 0
24904 70 0 0
24692 204 2 2
24522 179 0 0
24660 150 0 0
24941 33 0 0
24807 58 0 0
24925 9 0 0
24779 49 0 0
24519 84 0 0
24548 195 0 0
24698 91 0 0
24976 73 0 0
24878 37 0 0
24901 8 0 0
24640 134 0 0
24645 108 1 1
24658 76 0 0
24681 69 0 0
24545 99 1 1
24654 138 0 0
24546 72 0 0
24736 67 0 0
24711 21 0 0
24839 4 0 0
24416 166 0 0
24592 262 1 1
24704 156 0 0
24929 91 4 4
24630 65 0 0
24773 5 1 1
24866 45 0 0
24758 0 0 0
24743 161 0 0
24320 471 0 0
25134 39 1 1
24816 13 0 0
24675 19 1 1
24892 50 0 0
24890 5 0 0
24961 57 0 0
24987 34 0 0
24755 149 0 0
24602 42 0 0
24748 14 0 0
24695 113 0 0
24939 0 0 0
25066 25 0 0
24702 32 0 0
25077 50 0 0
24930 36 0 0
25035 122 1 1
24639 60 1 1
24752 34 0 0
24747 56 0 0
24851 55 0 0
24571 17 0 0
24982 41 0 0
24823 63 0 0
24636 179 0 0
24764 56 1 1
24526 151 0 0
24900 17 0 0
24592 95 0 0
24543 177 0 0
24721 206 0 0
24745 152 1 1
24569 130 0 0
24773 137 1 1
24577 85 0 0
24887 65 0 0
24667 17 0 0
24592 241 0 0
24749 143 0 0
24448 222 0 0
24634 33 0 0
24853 57 0 0
24635 99 0 0
24790 41 1 1
24946 77 0 0
24840 38 0 0
24845 73 0 0
24744 12 0 0
24782 36 0 0
24813 108 0 0
24889 31 0 0
24674 81 0 0
24637 42 0 0
24968 16 0 0
24528 160 0 0
24894 36 0 0
24870 59 0 0
24975 28 1 1
24687 54 0 0
24912 4 0 0
24729 101 0 0
24775 42 0 0
24886 33 0 0
24669 64 0 0
24635 171 0 0
24683 288 0 0
24796 33 0 0
24702 23 0 0
24605 304 0 0
24877 24 0 0
24854 107 0 0
24819 79 0 0
24863 100 0 0
24836 34 0 0
24750 34 0 0
24713 109 0 0
24657 114 0 0
24772 31 0 0
24654 47 0 0
24689 28 0 0
24557 138 0 0
24675 28 0 0
24646 32 0 0
24857 69 0 0
24705 72 0 0
24907 59 0 0
25114 35 0 0
24930 33 0 0
24936 56 0 0
24584 74 0 0
24914 102 0 0
24921 0 1 1
24867 62 0 0
24758 41 0 0
24606 79 0 0
24828 73 0 0
24831 29 0 0
24711 165 1 1
24943 18 0 0
24728 97 0 0
24661 96 0 0
24804 174 0 0
24882 25 0 0
24671 129 2 2
24790 73 0 0
24900 25 0 0
24933 9 0 0
24608 162 0 0
24824 141 0 0
24651 182 0 0
24742 19 0 0
24665 46 1 1
24676 27 0 0
24704 37 0 0
24923 109 0 0
24779 31 2 2
24893 31 0 0
24740 9 0 0
24725 17 0 0
24947 39 0 0
24748 142 0 0
24847 36 0 0
24670 46 0 0
24630 78 0 0
24384 263 0 0
24904 93 0 0
24846 11 0 0
24603 77 1 1
24893 38 0 0
24921 27 0 0
24721 24 0 0
24676 84 0 0
24724 170 0 0
24758 47 0 0
24679 41 0 0
24632 76 0 0
24554 87 1 1
24745 30 1 1
24671 89 0 0
24683 50 1 1
24761 72 0 0
24902 54 0 0
24824 44 1 1
24664 49 0 0
24802 28 0 0
24839 102 0 0
24853 48 0 0
24705 58 0 0
24877 220 2 2
24896 44 0 0
24587 51 0 0
24656 31 0 0
24832 168 0 0
24921 32 0 0
24532 106 0 0
24715 161 1 1
24685 71 0 0
24662 53 0 0
24902 41 0 0
24713 30 0 0
24828 31 0 0
24703 48 0 0
24818 73 0 0
24790 141 0 0
24766 118 1 1
24842 77 0 0
24637 31 0 0
24976 29 0 0
24916 30 0 0
24993 59 0 0
24771 80 0 0
24993 110 1 1
24808 117 0 0
24947 56 0 0
24739 59 0 0
24788 182 0 0
24682 28 0 0
24849 11 0 0
24728 267 1 1
24926 23 0 0
24726 0 0 0
24608 44 0 0
24773 48 0 0
24655 53 0 0
24935 0 0 0
24921 23 0 0
24866 81 0 0
24612 130 0 0
24792 49 0 0
24710 16 0 0
25028 9 0 0
24855 46 0 0
24953 73 0 0
24842 72 1 1
24743 24 0 0
24746 92 0 0
24886 42 0 0
24819 0 0 0
24773 24 0 0
24685 0 0 0
24769 2 0 0
24796 93 0 0
24724 13 0 0
24619 97 0 0
24870 41 0 0
25019 54 0 0
24797 35 1 1
24822 47 1 1
24722 4 0 0
25031 8 0 0
24773 36 1 1
24780 29 0 0
24839 24 0 0
24781 0 1 1
24853 59 0 0
24633 77 1 1
24859 75 1 1
24627 237 1 1
24604 109 0 0
24739 76 0 0
24954 19 0 0
24712 45 0 0
24894 94 1 1
24777 154 1 1
24492 224 0 0
24652 249 0 0
24542 89 0 0
24647 25 0 0
25057 8 1 1
24859 20 0 0
24779 36 0 0
24659 182 0 0
24649 251 0 0
24796 191 0 0
24663 149 0 0
24591 99 0 0
24832 16 0 0
24767 0 0 0
24889 57 0 0
24599 150 0 0
24431 220 0 0
24350 333 0 0
24911 57 0 0
24785 20 0 0
24863 0 0 0
24514 1 1 1
24937 25 0 0
24755 227 0 0
24675 118 0 0
24986 65 0 0
24983 4 0 0
24735 30 0 0
24919 25 0 0
24928 11 0 0
24902 57 0 0
24629 78 3 3
24657 123 0 0
24481 250 0 0
24725 84 1 1
24841 44 0 0
24687 35 0 0
24360 245 0 0
24825 137 0 0
24541 161 0 0
24934 248 0 0
24545 122 1 1
24906 49 0 0
24585 80 0 0
24653 36 0 0
24597 84 0 0
24469 215 0 0
24547 233 1 1
24041 763 0 0
24717 137 0 0
24702 95 0 0
24699 50 0 0
24840 31 0 0
24852 79 0 0
24728 57 1 1
24603 160 0 0
24522 188 0 0
24763 214 0 0
24845 109 0 0
24822 67 0 0
24555 33 1 1
24783 22 0 0
24872 102 1 1
24709 90 0 0
24812 53 0 0
24788 60 0 0
24971 97 0 0
24741 85 0 0
24795 43 1 1
24817 76 0 0
24546 125 0 0
24815 177 0 0
24581 127 0 0
24526 117 0 0
24530 78 0 0
24639 307 1 1
24696 107 0 0
24680 42 0 0
24543 180 0 0
24518 334 0 0
24653 88 0 0
24739 126 0 0
24483 165 0 0
24840 70 0 0
24669 38 0 0
24488 198 0 0
24455 189 0 0
24379 286 1 1
24514 181 0 0
24486 242 0 0
24724 156 1 1
24667 22 0 0
25043 0 0 0
24840 74 0 0
24694 3 0 0
24843 73 0 0
25225 62 0 0
24886 81 0 0
24773 72 0 0
24650 0 0 0
24617 30 0 0
24923 63 1 1
24900 32 0 0
24719 121 0 0
24834 0 0 0
24527 27 0 0
24856 6 0 0
24579 49 0 0
24759 5 0 0
24775 84 0 0
24657 68 0 0
24784 109 0 0
25045 91 0 0
24935 61 0 0
24959 19 0 0
24986 22 0 0
24802 53 0 0
24896 109 0 0
24767 60 0 0
24669 142 0 0
24712 0 1 1
24885 3 0 0
24704 17 0 0
24717 0 0 0
24551 212 0 0
24507 237 0 0
24484 210 0 0
24947 124 1 1
24923 9 1 1
24885 25 1 1
24594 223 0 0
24770 47 0 0
24496 175 0 0
24728 203 1 1
24918 109 0 0
24781 75 0 0
24577 106 0 0
24939 0 0 0
24974 4 0 0
24714 6 0 0
24641 68 0 0
24746 67 0 0
24612 101 0 0
24681 43 0 0
24859 15 0 0
24642 117 0 0
24742 3 0 0
24891 33 0 0
24717 171 0 0
24440 183 0 0
24610 75 0 0
24666 59 0 0
24717 124 1 1
24514 68 0 0
24659 0 0 0
24622 141 0 0
24661 240 0 0
24536 205 0 0
36862 240 0 0
24678 61 0 0
24803 44 1 1
24735 31 0 0
24862 0 0 0
24921 14 0 0
24671 6 0 0
24777 10 0 0
24703 124 0 0
24784 42 0 0
24709 77 0 0
24972 31 0 0
24711 0 0 0
24742 0 0 0
24846 35 0 0
24795 38 0 0
24753 100 0 0
24871 83 0 0
24727 35 1 1
24725 0 0 0
24597 0 0 0
24689 0 0 0
24699 58 0 0
24697 80 1 1
24725 63 1 1
24786 97 0 0
24738 25 0 0
24776 9 0 0
24813 66 2 2
24866 18 0 0
24613 81 0 0
24866 53 0 0
24721 145 0 0
24846 88 1 1
24694 82 0 0
24887 0 0 0
24720 24 0 0
24639 69 0 0
24728 67 0 0
24784 110 0 0
24707 64 0 0
24902 111 0 0
24755 7 0 0
24918 0 0 0
24859 74 0 0
24588 136 0 0
24619 260 1 1
24818 32 0 0
24792 49 0 0
24537 36 0 0
24695 13 0 0
24682 81 0 0
24565 123 0 0
24677 194 0 0
24566 152 0 0
24785 90 5 5
24742 30 0 0
24854 67 1 1
24749 104 0 0
24581 123 1 1
25162 48 0 0
24736 68 0 0
24895 53 0 0
24719 176 0 0
24733 34 0 0
24808 32 0 0
24588 72 0 0
24698 44 0 0
24111 580 0 0
24893 16 0 0
24728 168 0 0
24893 47 0 0
24825 95 0 0
24809 122 0 0
24795 41 0 0
24893 63 2 2
24928 47 0 0
24828 91 0 0
24867 54 0 0
24696 46 0 0
24567 85 0 0
24598 63 0 0
24696 47 0 0
24853 46 0 0
24734 90 0 0
24721 47 0 0
24836 30 0 0
24760 0 0 0
24859 17 0 0
24836 44 0 0
24675 78 0 0
24608 42 0 0
24696 85 0 0
24635 101 0 0
24683 62 0 0
24701 27 0 0
25027 0 0 0
24739 51 0 0
24802 84 0 0
24419 507 1 1
24963 15 0 0
24786 95 0 0
24700 9 0 0
24951 47 0 0
24867 41 0 0
24701 0 0 0
24733 11 0 0
24761 145 0 0
24765 129 1 1
24858 85 0 0
24632 59 0 0
24686 76 1 1
24950 5 0 0
24972 57 0 0
24805 9 1 1
24983 0 0 0
24622 39 0 0
24459 450 0 0
24672 0 0 0
24659 120 0 0
24811 33 0 0
24789 42 1 1
24868 31 0 0
24619 59 0 0
24985 20 0 0
24687 64 0 0
24842 35 0 0
24627 22 0 0
24880 0 0 0
24987 0 0 0
24702 31 0 0
24558 181 0 0
24599 138 0 0
24777 137 0 0
24744 24 0 0
24811 32 1 1
24520 68 0 0
24424 256 0 0
24955 45 0 0
24616 60 0 0
24567 95 0 0
24890 74 0 0
24891 5 0 0
24816 42 0 0
24735 37 0 0
24749 24 0 0
24842 92 0 0
24856 77 0 0
25078 51 0 0
24878 39 1 1
24339 398 0 0
24799 33 0 0
24658 6 0 0
24738 0 1 1
24678 120 1 1
24607 92 1 1
25011 13 0 0
24775 37 0 0
25023 5 2 2
24855 0 1 1
24720 30 0 0
24765 65 0 0
24728 45 0 0
24847 25 0 0
