27751 0 1 1
27748 0 0 0
27441 144 0 0
27570 109 0 0
27491 319 1 1
27459 130 0 0
27442 57 0 0
27630 17 0 0
27560 0 0 0
27749 134 0 0
27236 40 0 0
27493 40 0 0
27707 38 0 0
27467 15 0 0
27317 316 1 1
27528 0 1 1
27418 28 0 0
27814 22 0 0
27850 55 0 0
27611 11 0 0
27311 81 0 0
27467 35 0 0
27606 2 0 0
27859 0 0 0
27635 37 0 0
27617 93 1 1
27569 105 0 0
27683 85 0 0
27406 86 0 0
27886 56 0 0
27906 20 1 1
27578 0 0 0
27717 19 0 0
27763 151 0 0
27623 57 0 0
27750 28 0 0
27612 100 0 0
27813 6 0 0
27780 7 0 0
27786 0 0 0
27851 5 2 2
27287 10 1 1
27359 183 0 0
27795 72 0 0
27347 48 1 1
27259 24 0 0
27548 41 1 1
27425 46 1 1
27775 43 0 0
27160 82 0 0
27528 151 0 0
27560 26 0 0
27461 0 0 0
27497 32 0 0
27815 0 1 1
27594 0 0 0
27584 159 0 0
27036 303 0 0
27475 288 0 0
27556 112 0 0
27287 55 0 0
27636 8 0 0
27274 0 0 0
27709 130 0 0
27651 118 0 0
27457 154 0 0
27323 296 1 1
27441 110 0 0
27362 24 0 0
27606 200 0 0
27645 10 0 0
27384 0 0 0
28017 95 0 0
27497 158 0 0
27502 47 0 0
28141 111 0 0
27752 0 0 0
27651 10 0 0
27609 0 0 0
27712 58 0 0
27654 152 0 0
27583 77 0 0
27708 8 0 0
27598 67 0 0
27176 164 1 1
27357 33 0 0
27624 3 0 0
27586 51 0 0
27391 96 0 0
27487 136 0 0
27401 125 0 0
27405 83 0 0
27836 7 0 0
27646 24 0 0
27477 58 0 0
27695 51 0 0
27734 61 0 0
27233 145 0 0
27534 73 1 1
27774 99 0 0
27640 20 0 0
27727 53 1 1
27697 86 2 2
27853 10 0 0
27859 31 0 0
27603 116 0 0
27397 151 0 0
27397 65 0 0
27521 13 0 0
27623 0 0 0
27602 141 0 0
27714 195 0 0
27567 192 0 0
27604 167 0 0
27637 4 0 0
27857 76 0 0
27313 16 0 0
27488 0 0 0
27878 121 0 0
27286 174 0 0
27738 139 0 0
27456 154 1 1
27752 22 1 1
27542 119 0 0
27608 21 1 1
27670 50 1 1
27737 57 1 1
27770 59 0 0
27597 151 0 0
27739 123 0 0
27536 34 0 0
27989 26 0 0
27852 39 1 1
27988 6 1 1
27545 45 0 0
27638 59 0 0
27356 93 0 0
27667 45 0 0
27685 0 0 0
27517 32 0 0
27645 2 0 0
27664 124 0 0
27615 177 0 0
27370 218 0 0
27242 140 0 0
27553 65 0 0
27724 54 1 1
27475 37 0 0
27498 0 0 0
27401 126 0 0
27638 215 0 0
27461 206 0 0
27481 96 0 0
27424 85 0 0
27436 97 1 1
27610 0 0 0
27379 119 0 0
27420 196 0 0
27187 287 0 0
27559 185 1 1
27519 127 0 0
27694 20 0 0
27414 40 0 0
27648 33 0 0
27277 362 0 0
27375 75 1 1
27651 118 1 1
27847 69 0 0
27381 30 0 0
27540 8 0 0
28134 28 0 0
27070 102 0 0
27865 102 0 0
27903 0 0 0
27672 61 0 0
27360 102 0 0
27936 14 0 0
27522 17 0 0
27604 35 0 0
27770 31 0 0
28071 71 2 2
27212 47 1 1
27430 13 1 1
27391 104 0 0
27770 28 0 0
27410 62 0 0
27162 127 1 1
27669 32 0 0
27554 57 0 0
27482 86 0 0
27395 159 1 1
27683 33 0 0
27458 119 0 0
27607 119 0 0
27573 78 0 0
27575 29 0 0
27636 189 0 0
27630 96 1 1
27351 40 0 0
27411 0 0 0
27554 3 0 0
27782 30 0 0
27648 87 0 0
27464 122 0 0
27618 47 0 0
27383 256 0 0
27854 11 0 0
27656 115 0 0
27622 130 0 0
27672 28 0 0
27675 100 0 0
27768 36 0 0
27569 80 0 0
27449 37 0 0
27517 84 1 1
27587 3 1 1
27633 47 0 0
27485 88 0 0
27749 44 0 0
27024 337 0 0
27357 31 0 0
27407 68 0 0
27663 142 0 0
27844 37 0 0
27902 41 0 0
27712 7 0 0
27893 64 0 0
27513 37 0 0
27248 59 0 0
27730 107 0 0
27586 61 0 0
27889 50 2 2
27795 30 0 0
27604 0 0 0
27292 45 0 0
27774 33 0 0
27712 48 0 0
27901 61 0 0
27565 61 1 1
27346 14 0 0
27363 51 0 0
26306 1052 0 0
27382 48 0 0
27499 54 0 0
27806 63 0 0
27321 62 1 1
27316 42 0 0
27683 0 0 0
27735 0 0 0
27510 24 0 0
27751 39 0 0
27019 90 0 0
27276 79 0 0
27899 58 0 0
27798 29 0 0
27952 9 0 0
27598 204 0 0
27568 187 0 0
27786 36 0 0
28105 55 0 0
27382 63 0 0
27202 116 0 0
27471 40 0 0
27339 47 0 0
27725 0 0 0
27608 76 0 0
27653 167 0 0
27534 87 0 0
27624 102 0 0
27810 59 0 0
27875 0 0 0
27606 8 1 1
27856 54 0 0
27703 42 0 0
27316 218 0 0
27485 116 1 1
27651 120 0 0
27616 5 0 0
27456 30 0 0
27794 56 1 1
27255 11 0 0
27073 203 0 0
27727 149 0 0
28304 42 0 0
27486 105 0 0
27676 131 0 0
27734 22 0 0
27682 0 0 0
27746 75 0 0
27540 241 1 1
27736 239 1 1
27642 163 1 1
27514 195 0 0
27677 5 0 0
27901 4 0 0
27639 0 0 0
27492 39 0 0
27233 194 1 1
27277 210 0 0
27171 174 0 0
27780 32 0 0
27583 22 0 0
27516 14 0 0
27384 14 0 0
27733 0 1 1
27748 83 0 0
27485 30 0 0
27603 72 0 0
27809 172 0 0
28259 16 0 0
27554 38 0 0
27801 9 0 0
27471 48 0 0
27805 79 1 1
27514 48 0 0
27725 49 0 0
27621 33 0 0
27671 19 1 1
27567 42 0 0
27409 18 0 0
27807 5 0 0
27736 50 1 1
27896 134 0 0
27633 88 0 0
27364 79 0 0
27739 31 0 0
27382 38 1 1
27690 31 0 0
27667 0 1 1
27283 105 2 2
27507 44 0 0
27591 100 0 0
27666 82 1 1
27868 33 0 0
27723 51 0 0
27395 23 0 0
27608 84 0 0
27692 49 0 0
27566 121 0 0
27364 8 0 0
27912 58 0 0
27693 2 0 0
27735 0 0 0
27647 20 0 0
27201 156 1 1
27098 160 0 0
27322 163 1 1
27719 54 0 0
27655 25 0 0
27874 0 0 0
27937 0 0 0
27409 36 0 0
27863 128 1 1
27613 186 0 0
27480 184 1 1
27605 18 0 0
27494 19 0 0
27452 47 0 0
27768 4 0 0
27886 22 0 0
27676 50 0 0
27313 51 0 0
27391 95 0 0
27688 28 0 0
27547 0 0 0
27582 0 0 0
28247 24 0 0
27453 4 0 0
27770 18 0 0
27574 63 1 1
27687 25 0 0
27899 4 0 0
27653 37 0 0
27722 34 0 0
27543 0 0 0
27573 14 0 0
27602 3 1 1
27444 66 0 0
27666 6 0 0
27540 147 0 0
27834 0 1 1
27478 5 0 0
27498 35 0 0
28128 56 0 0
27705 87 0 0
27982 112 1 1
27438 147 0 0
27465 11 0 0
27614 61 1 1
27640 0 0 0
27241 233 0 0
27254 214 0 0
27778 213 0 0
27396 270 0 0
27527 59 0 0
27789 180 0 0
27641 31 0 0
27542 230 0 0
27317 233 0 0
27762 71 0 0
27820 120 0 0
27386 149 0 0
27560 132 0 0
27492 44 0 0
27455 104 0 0
27668 69 1 1
27963 57 0 0
27553 83 2 2
27472 203 1 1
27655 97 0 0
27672 28 0 0
27575 75 0 0
27985 47 0 0
27710 170 0 0
27037 211 0 0
27183 145 1 1
27462 46 0 0
27647 83 0 0
27814 108 0 0
27518 96 1 1
27618 74 0 0
27408 249 1 1
27338 181 1 1
27711 155 0 0
27563 25 0 0
27367 67 0 0
27753 56 0 0
27748 44 0 0
27535 91 0 0
27272 236 0 0
27241 107 0 0
27468 86 0 0
27644 44 0 0
27906 12 0 0
27145 144 0 0
27511 109 1 1
27337 76 1 1
27753 71 0 0
27292 111 1 1
27642 134 0 0
27414 70 0 0
27632 70 0 0
27499 345 0 0
27609 5 0 0
27779 170 0 0
27500 277 1 1
27465 161 0 0
27583 91 1 1
27749 66 0 0
27854 32 0 0
27513 49 0 0
27584 0 0 0
27653 200 0 0
26842 464 1 1
27482 31 0 0
27681 71 0 0
27190 23 1 1
27842 41 0 0
27689 44 0 0
28193 58 1 1
27553 40 0 0
27853 143 1 1
27489 52 0 0
27571 12 0 0
27782 82 0 0
27549 7 0 0
27611 25 0 0
27522 45 0 0
27492 43 0 0
27611 31 0 0
27562 129 0 0
27553 75 1 1
27734 35 0 0
27768 59 0 0
27349 55 0 0
27689 53 1 1
27882 80 1 1
27508 56 0 0
27400 175 0 0
27748 53 0 0
27146 152 0 0
27549 13 0 0
27857 201 0 0
27400 252 0 0
27782 172 0 0
27361 151 0 0
27381 122 0 0
27709 133 0 0
27538 81 0 0
27622 63 1 1
27071 177 0 0
27568 232 1 1
27540 156 0 0
27493 235 0 0
27756 38 0 0
27699 58 1 1
27518 116 1 1
27555 45 0 0
27467 60 0 0
27818 36 0 0
27418 78 0 0
27447 42 0 0
27466 31 0 0
27633 104 0 0
27416 33 0 0
27757 102 0 0
27461 75 1 1
27633 15 0 0
27617 168 0 0
27838 88 1 1
27687 58 0 0
27982 31 1 1
27653 60 0 0
27577 2 0 0
27686 129 0 0
27866 47 0 0
27482 33 0 0
28066 99 0 0
27996 191 0 0
27646 284 0 0
27541 28 0 0
27634 31 0 0
27464 306 0 0
27432 22 0 0
27527 113 0 0
27788 136 0 0
27658 105 0 0
27519 39 0 0
27930 34 1 1
27838 84 0 0
27421 122 0 0
27737 45 0 0
27990 49 1 1
27614 76 0 0
27732 134 0 0
27677 27 0 0
27519 33 0 0
27773 69 0 0
27636 70 0 0
27594 48 0 0
27448 49 0 0
27656 43 0 0
27954 59 0 0
27808 87 2 2
27442 105 0 0
27710 15 0 0
27665 68 1 1
27545 41 0 0
27645 77 0 0
27575 91 0 0
27798 30 0 0
27542 180 0 0
27546 111 0 0
27550 88 0 0
27632 96 0 0
27600 178 0 0
27571 28 0 0
27627 105 0 0
27736 66 0 0
27436 32 1 1
27685 149 0 0
27588 173 0 0
27629 148 0 0
27487 192 1 1
27453 22 0 0
27308 49 0 0
27480 30 1 1
27446 36 0 0
27800 101 0 0
27678 19 0 0
27890 34 0 0
28037 8 0 0
27840 24 1 1
27625 34 1 1
27816 152 1 1
27735 42 0 0
27294 47 0 0
27583 75 0 0
27292 234 1 1
27587 83 0 0
27678 21 0 0
27573 75 0 0
27426 39 0 0
27596 31 0 0
27622 25 0 0
27188 89 0 0
27759 175 0 0
27720 43 0 0
27621 72 0 0
27380 122 0 0
27677 87 0 0
27290 30 0 0
27355 94 0 0
27262 48 1 1
28183 89 0 0
27444 58 0 0
27974 69 0 0
27602 42 0 0
27429 28 0 0
27768 178 0 0
28030 51 0 0
28588 66 0 0
28000 13 0 0
27387 35 0 0
27437 76 0 0
27538 106 0 0
27367 170 2 2
27575 67 0 0
27662 110 0 0
27836 170 0 0
27828 75 0 0
27640 55 0 0
27451 75 1 1
27717 30 0 0
27812 28 0 0
27726 70 0 0
27572 96 0 0
27360 140 0 0
27383 123 0 0
27790 86 0 0
27656 30 0 0
27781 30 0 0
27525 31 0 0
27386 60 0 0
27549 83 1 1
27524 122 0 0
27546 123 0 0
27741 84 0 0
27458 57 0 0
27514 183 1 1
27986 29 0 0
27906 27 0 0
27702 271 0 0
27866 26 0 0
27847 0 1 1
27680 26 0 0
27848 49 1 1
27453 98 0 0
27693 0 0 0
28142 28 0 0
27995 94 0 0
27607 125 0 0
27710 46 0 0
27674 22 0 0
27771 6 0 0
27596 86 0 0
27409 75 0 0
27837 92 0 0
27581 16 0 0
27706 90 0 0
27933 48 1 1
27857 0 1 1
27485 34 0 0
27740 0 0 0
27870 1 0 0
27891 93 0 0
27571 13 1 1
27413 91 0 0
27564 70 0 0
27596 13 0 0
27563 33 0 0
27760 83 0 0
27459 82 0 0
27756 9 0 0
27653 38 1 1
28065 32 0 0
27846 29 0 0
27699 3 0 0
27876 58 0 0
27497 127 0 0
27939 65 0 0
27548 237 0 0
27342 101 0 0
27255 95 1 1
27887 18 0 0
27347 35 0 0
27950 93 0 0
27718 153 0 0
27298 219 0 0
27191 269 0 0
27627 99 0 0
27649 28 0 0
28135 30 0 0
27786 26 1 1
27843 35 0 0
27529 182 0 0
27380 254 0 0
27549 212 0 0
27583 151 0 0
27370 108 1 1
27376 12 0 0
27981 0 0 0
27634 174 0 0
27259 220 0 0
27387 216 0 0
27434 331 0 0
27611 56 0 0
27869 17 0 0
27441 0 0 0
27488 22 0 0
27523 170 0 0
27714 273 0 0
27429 125 0 0
27708 62 0 0
27774 7 0 0
27779 52 0 0
27384 37 0 0
27709 49 1 1
27490 52 0 0
27663 88 1 1
27495 119 0 0
27803 279 1 1
27388 89 1 1
27770 41 0 0
27596 29 0 0
27408 272 0 0
27440 135 0 0
27579 157 0 0
27156 290 1 1
27632 130 0 0
27556 47 0 0
27449 97 0 0
27474 37 1 1
27724 227 0 0
27324 255 0 0
27256 234 0 0
26930 806 0 0
27764 139 0 0
27524 91 1 1
27376 48 0 0
27777 45 0 0
27780 78 1 1
27814 67 0 0
27449 132 0 0
27537 257 0 0
27826 230 0 0
27465 90 1 1
27503 76 1 1
27731 34 0 0
27544 40 0 0
27357 116 0 0
27771 88 0 0
27616 59 0 0
27514 64 0 0
27542 107 1 1
27477 93 1 1
27770 42 0 0
27283 117 0 0
27558 134 1 1
27436 192 0 0
27395 127 0 0
27779 113 0 0
27748 90 1 1
28488 300 1 1
27750 108 0 0
27316 117 0 0
27533 185 0 0
27562 343 1 1
27747 102 0 0
27829 137 0 0
27697 164 0 0
27799 81 1 1
27481 139 0 0
27084 211 1 1
27386 196 0 0
27565 280 0 0
27645 179 0 0
27380 236 1 1
27560 160 0 0
27532 37 0 0
27335 341 0 0
27472 87 0 0
27819 19 0 0
27702 80 0 0
27660 46 1 1
27453 83 0 0
27364 75 0 0
27583 0 0 0
27542 26 0 0
27281 60 0 0
27790 36 0 0
27784 119 0 0
27510 0 0 0
27806 28 0 0
27695 17 0 0
27643 45 0 0
27344 25 0 0
27892 108 0 0
27451 71 0 0
27733 127 0 0
27535 106 0 0
27699 73 0 0
27638 26 0 0
27808 49 0 0
27539 106 0 0
27790 74 0 0
27691 61 1 1
27574 137 0 0
27280 0 1 1
27918 6 0 0
27782 9 0 0
27806 114 0 0
27311 235 0 0
27268 235 1 1
27518 236 0 0
27479 125 0 0
27802 4 0 0
27720 48 0 0
27751 225 0 0
27494 148 0 0
27653 221 0 0
27406 209 0 0
27429 114 0 0
27554 73 0 0
27734 100 0 0
27961 0 0 0
27735 11 0 0
27547 10 0 0
27435 82 0 0
27378 69 0 0
27544 96 0 0
27623 44 1 1
28639 45 0 0
28226 128 0 0
27537 20 0 0
27648 45 0 0
27388 197 0 0
27092 183 0 0
27662 69 0 0
27740 64 0 0
27674 142 0 0
27671 70 0 0
27353 111 0 0
27382 143 0 0
27453 241 2 2
27572 203 0 0
27682 149 0 0
27306 71 0 0
27668 44 0 0
27479 45 0 0
27674 0 0 0
27724 17 0 0
27458 56 0 0
27472 41 1 1
27303 132 0 0
27443 56 0 0
27421 87 0 0
27525 32 0 0
27697 3 0 0
27741 0 0 0
27516 46 0 0
27320 66 0 0
27442 96 0 0
27556 90 0 0
27516 33 0 0
27736 0 0 0
27763 0 0 0
27716 0 0 0
27651 47 0 0
27568 103 0 0
27636 64 0 0
27915 95 0 0
27640 4 0 0
27676 15 0 0
27402 65 0 0
27823 135 0 0
27641 99 2 2
27647 51 0 0
27539 159 1 1
27414 91 0 0
27535 72 0 0
27868 9 1 1
27468 19 0 0
27517 77 0 0
27671 72 0 0
27468 118 0 0
27565 71 0 0
27814 128 0 0
27869 8 0 0
27568 0 0 0
27886 80 0 0
27405 132 0 0
26980 355 0 0
27597 29 0 0
27657 50 0 0
27482 31 1 1
27386 12 1 1
27722 100 0 0
27220 174 0 0
27348 191 0 0
27462 174 0 0
27719 93 0 0
27598 33 0 0
27500 119 0 0
27782 140 1 1
27733 128 1 1
27188 136 0 0
28079 70 0 0
27374 83 0 0
27714 163 0 0
27789 34 0 0
27232 80 1 1
27424 74 0 0
27415 44 1 1
26987 574 1 1
27510 9 0 0
27524 202 0 0
27709 46 0 0
27518 110 0 0
27596 131 0 0
27663 43 0 0
27906 55 0 0
27812 46 0 0
27321 104 1 1
27665 84 1 1
27480 48 0 0
27478 90 1 1
27315 59 0 0
27506 49 1 1
27497 180 0 0
27570 94 0 0
27343 53 0 0
28004 34 1 1
27762 0 0 0
27926 18 0 0
27718 45 1 1
27744 58 0 0
27622 71 0 0
27582 111 0 0
27735 93 1 1
27551 61 0 0
27418 37 0 0
27828 0 0 0
27781 48 0 0
27652 90 0 0
27293 520 0 0
27774 14 0 0
27974 91 0 0
27879 40 0 0
27639 44 0 0
28099 47 1 1
27766 0 0 0
27693 9 0 0
27831 131 2 2
27552 135 0 0
27779 100 0 0
27849 53 0 0
27616 80 0 0
27919 5 0 0
27541 73 1 1
27635 4 0 0
28033 0 0 0
27844 49 0 0
27056 450 0 0
27654 66 0 0
27246 165 1 1
27689 96 0 0
28171 105 0 0
28073 34 1 1
27782 59 0 0
28313 23 2 2
27351 72 1 1
27766 47 1 1
27745 21 0 0
27452 0 0 0
27848 0 0 0
27379 35 2 2
27433 179 1 1
27476 165 0 0
27439 118 0 0
27338 59 0 0
27731 38 0 0
27635 59 0 0
27377 259 0 0
28038 95 0 0
27467 62 0 0
27539 105 0 0
27764 73 0 0
27605 2 0 0
27471 41 0 0
27679 39 0 0
27717 24 0 0
27850 117 0 0
27664 86 1 1
27820 49 0 0
27698 48 0 0
26952 410 1 1
27698 39 0 0
27496 0 1 1
27478 0 0 0
27412 121 0 0
27461 93 0 0
27403 11 0 0
27637 41 1 1
27943 3 0 0
27541 12 0 0
27608 53 1 1
28111 77 1 1
27990 33 0 0
27622 30 1 1
