27002 0 1 1
26864 0 0 0
26613 141 0 0
26729 113 0 0
26688 323 0 0
26714 126 0 0
26617 51 0 0
26865 22 0 0
26801 0 0 0
26975 76 0 0
26467 41 1 1
26700 48 0 0
26981 37 0 0
26727 20 0 0
26644 318 2 2
26687 0 0 0
26598 23 0 0
26973 39 0 0
27033 60 1 1
26858 0 1 1
26673 74 0 0
26746 34 0 0
26870 1 0 0
27030 0 0 0
26766 34 0 0
26894 94 0 0
26694 143 0 0
26787 87 0 0
26623 83 0 0
26971 56 0 0
27101 21 0 0
26836 0 0 0
26863 18 0 0
27097 34 0 0
26672 58 0 0
27023 27 0 0
26854 96 0 0
26929 6 0 0
27022 4 0 0
27023 0 0 0
26816 0 2 2
26538 14 0 0
26535 155 0 0
26882 79 0 0
26608 53 0 0
26523 22 0 0
26738 42 0 0
26646 45 0 0
27026 55 0 0
26478 83 0 0
26773 149 0 0
26730 22 0 0
26771 0 1 1
26789 29 0 0
26969 0 0 0
26787 0 0 0
26829 125 0 0
26294 295 0 0
26722 295 0 0
26836 116 0 0
26489 59 1 1
26936 11 0 0
26632 0 0 0
26993 0 0 0
26814 120 0 0
26675 159 0 0
26597 299 0 0
26621 112 0 0
26649 22 0 0
26811 198 1 1
26890 12 0 0
26655 0 0 0
27257 101 0 0
26781 145 0 0
26762 41 0 0
27103 113 0 0
26933 0 1 1
26841 11 1 1
26882 0 0 0
26843 81 0 0
26810 51 0 0
26837 67 1 1
26825 10 0 0
26885 65 0 0
26471 174 0 0
26630 37 0 0
26838 26 0 0
26856 19 0 0
26581 92 0 0
26739 132 0 0
26629 116 1 1
26690 60 0 0
27096 4 0 0
26740 26 0 0
26643 60 0 0
26915 54 0 0
26948 67 0 0
26421 149 0 0
26787 52 0 0
27038 104 0 0
26812 18 0 0
26886 49 0 0
26902 117 0 0
27219 4 0 0
26959 34 2 2
26858 114 0 0
26653 186 0 0
26555 60 0 0
26796 14 0 0
26766 0 0 0
26867 146 0 0
27000 167 0 0
26826 180 0 0
26714 189 0 0
26835 6 0 0
27705 75 0 0
26522 16 0 0
26745 0 0 0
26840 120 0 0
26539 168 0 0
26907 140 0 0
26691 150 0 0
27003 17 0 0
26772 104 0 0
26823 18 0 0
26893 53 1 1
26949 44 0 0
27037 57 0 0
26886 145 0 0
26967 123 0 0
26794 35 0 0
27137 27 0 0
26755 39 0 0
27041 5 1 1
26755 40 0 0
26851 53 0 0
26620 92 0 0
26893 43 1 1
26946 0 0 0
26788 41 0 0
26938 4 0 0
26850 126 0 0
26735 172 0 0
26611 205 0 0
26464 139 0 0
26863 67 0 0
26918 43 0 0
26750 35 0 0
26729 0 0 0
26620 125 1 1
26812 214 0 0
26641 203 0 0
26749 78 1 1
26715 86 0 0
26604 96 0 0
26886 0 0 0
26684 0 0 0
26627 221 1 1
26505 305 0 0
26789 194 0 0
26765 121 0 0
26929 10 0 0
26715 42 0 0
26913 34 0 0
26414 368 0 0
26626 74 0 0
26869 118 0 0
26918 61 0 0
26576 44 0 0
26806 4 0 0
27217 31 0 0
26377 127 0 0
27204 86 1 1
27213 0 0 0
26874 63 0 0
26538 104 0 0
26863 13 0 0
26823 0 0 0
26808 29 0 0
26793 33 0 0
27250 80 0 0
26520 55 0 0
26625 17 0 0
26591 100 0 0
27001 24 0 0
26620 0 0 0
26343 138 0 0
26843 34 0 0
26796 67 0 0
26775 79 0 0
26688 134 1 1
26938 34 0 0
26784 110 0 0
26882 117 0 0
26724 77 0 0
26857 27 0 0
26905 189 0 0
26883 94 0 0
26450 37 0 0
26763 0 0 0
26774 8 0 0
27032 27 0 0
26822 86 0 0
26814 68 0 0
26820 87 0 0
26447 248 0 0
27014 14 0 0
26920 111 0 0
26905 134 0 0
26835 25 1 1
26975 69 3 3
26954 37 0 0
26718 70 1 1
26730 34 0 0
26819 45 0 0
26879 3 0 0
26878 46 0 0
26669 84 1 1
26918 42 0 0
26327 343 0 0
26611 33 0 0
26678 55 0 0
26826 141 0 0
26980 47 0 0
27124 37 0 0
26978 4 0 0
27165 61 1 1
26807 38 1 1
26452 68 0 0
26848 109 0 0
26899 50 0 0
27121 42 0 0
26853 9 0 0
26898 0 0 0
26632 49 2 2
26905 32 0 0
26879 47 0 0
26917 60 0 0
26725 75 1 1
26529 20 0 0
26680 26 0 0
25685 955 0 0
26628 42 0 0
26706 49 0 0
26816 62 1 1
26588 61 0 0
26564 40 0 0
26971 0 0 0
26924 0 0 0
26762 0 0 0
27016 47 0 0
26368 85 0 0
26589 81 0 0
27035 53 0 0
27000 28 0 0
27187 11 1 1
26755 226 0 0
26799 188 1 1
26985 34 0 0
27069 56 0 0
26581 57 0 0
26459 119 0 0
26527 39 0 0
26638 41 1 1
26900 0 0 0
26638 65 0 0
26912 91 0 0
26812 98 0 0
26817 104 0 0
26977 56 0 0
27025 2 0 0
26868 8 0 0
27067 52 0 0
26875 52 0 0
26640 130 0 0
26819 159 0 0
26876 118 0 0
26816 7 0 0
26662 35 0 0
27021 68 0 0
26562 14 0 0
26368 204 0 0
26866 151 0 0
26993 41 0 0
26670 51 0 0
26939 119 0 0
26896 31 0 0
26927 0 0 0
26828 71 0 0
26681 242 0 0
26843 222 0 0
26774 155 1 1
26741 184 0 0
26941 10 0 0
27095 0 0 0
26887 0 1 1
26737 41 0 0
26406 200 0 0
26530 218 0 0
26451 178 0 0
27026 27 0 0
26675 20 1 1
26837 8 0 0
26704 15 0 0
26924 0 2 2
26968 81 0 0
26638 27 0 0
26839 74 0 0
26997 182 1 1
27298 18 0 0
26777 59 0 0
26872 10 0 0
26612 48 0 0
27062 80 0 0
26678 56 0 0
27020 47 0 0
26777 35 0 0
26886 14 1 1
26779 40 0 0
26648 19 0 0
27020 2 0 0
27009 50 0 0
27135 66 1 1
26895 86 0 0
26649 75 0 0
27008 26 0 0
26622 34 0 0
26925 32 0 0
26901 0 0 0
26519 109 0 0
26754 54 0 0
26767 97 0 0
26805 93 1 1
27059 31 0 0
27018 44 0 0
26622 16 0 0
26854 84 0 0
26922 42 0 0
26811 124 1 1
26569 8 0 0
27112 51 0 0
27023 3 0 0
26908 0 0 0
26599 16 0 0
26378 156 0 0
26408 150 0 0
26637 155 0 0
27029 58 0 0
26923 27 0 0
27175 0 0 0
27098 0 0 0
26640 35 0 0
26857 126 0 0
26897 201 0 0
26692 203 0 0
26855 17 0 0
26778 24 0 0
26596 44 0 0
26950 4 1 1
27132 19 0 0
26895 45 0 0
26578 52 0 0
26600 96 0 0
27007 32 1 1
26832 0 0 0
26824 0 1 1
27128 18 0 0
26668 4 0 0
26963 16 0 0
26779 65 0 0
26819 21 0 0
27059 3 1 1
26815 42 0 0
26882 36 0 0
26754 0 0 0
26546 14 0 0
26855 0 0 0
26649 72 0 0
26773 4 0 0
26722 139 0 0
27061 0 0 0
26700 3 0 0
26805 36 0 0
27225 62 0 0
26745 84 0 0
27035 110 0 0
26723 146 0 0
26762 11 0 0
26780 71 0 0
26859 0 0 0
26582 141 0 0
26509 211 0 0
26892 207 0 0
26791 281 0 0
26870 64 0 0
26869 194 1 1
26910 34 0 0
26952 77 0 0
26610 235 0 0
26834 71 0 0
27030 115 1 1
26534 157 0 0
26771 116 0 0
26757 45 0 0
26754 96 0 0
26896 72 0 0
27156 57 0 0
26735 82 0 0
26741 200 0 0
26949 98 0 0
26886 30 0 0
26768 83 0 0
26992 50 0 0
26895 170 0 0
26326 212 0 0
26490 149 0 0
26734 45 0 0
26857 80 0 0
26855 34 0 0
26765 94 0 0
26905 82 0 0
26704 218 0 0
26581 185 0 0
26989 146 0 0
26766 27 0 0
26632 66 0 0
26879 56 0 0
26850 46 1 1
26640 113 0 0
26600 237 0 0
26549 94 0 0
26678 87 0 0
26931 29 1 1
27131 9 0 0
26351 149 0 0
26762 87 0 0
26617 67 0 0
26920 67 0 0
26523 110 0 0
26916 136 0 0
26619 74 0 0
26886 66 0 0
26722 339 0 0
26895 2 0 0
26770 170 0 0
26742 278 0 0
26661 158 0 0
26646 97 1 1
26909 68 0 0
27011 23 0 0
26689 56 0 0
26876 0 0 0
26901 200 0 0
26072 469 0 0
26712 38 0 0
26877 73 0 0
26476 23 0 0
27036 37 0 0
27018 2 0 0
27245 57 0 0
26750 39 0 0
26954 167 0 0
26704 44 0 0
26867 17 0 0
27034 70 0 0
26829 7 0 0
26713 22 0 0
26730 36 0 0
26741 48 0 0
26909 35 0 0
26739 128 0 0
26706 69 0 0
26868 34 0 0
26981 56 0 0
26635 53 0 0
26880 5 0 0
26954 53 0 0
26754 71 0 0
26588 171 0 0
26997 58 0 0
26440 154 0 0
26838 21 0 0
27081 204 0 0
26642 255 0 0
26935 189 0 0
26469 157 0 0
26667 134 0 0
26896 130 0 0
26729 100 0 0
26788 64 0 0
26425 150 0 0
26777 228 2 2
26753 155 0 0
26739 215 0 0
26999 33 0 0
26807 62 0 0
26802 99 0 0
26732 36 0 0
26646 63 0 0
27063 49 0 0
26634 63 0 0
26715 42 0 0
26755 35 0 0
26857 103 0 0
26617 33 0 0
26936 75 0 0
26672 73 0 0
26813 16 0 0
26784 166 0 0
27025 89 1 1
26884 60 0 0
27148 31 0 0
26892 57 0 0
26803 6 0 0
26862 124 0 0
27053 54 0 0
26765 34 0 0
27195 98 0 0
27119 177 0 0
26874 279 0 0
26715 28 0 0
25024 1859 0 0
26700 308 0 0
26664 26 0 0
26817 113 0 0
26942 134 0 0
26818 108 1 1
26742 33 0 0
27146 33 1 1
26976 90 0 0
26670 120 0 0
26971 44 0 0
27059 50 1 1
26920 50 0 0
26947 126 0 0
26850 27 0 0
26728 35 0 0
26932 68 0 0
26884 80 0 0
26891 53 0 0
26602 55 0 0
26901 38 0 0
27200 56 0 0
26942 80 1 1
26611 101 0 0
26978 11 0 0
26929 54 0 0
26763 40 0 0
26764 79 1 1
26804 85 0 0
27072 26 0 0
26699 177 4 4
26819 108 0 0
26861 91 0 0
26706 96 0 0
26857 162 0 0
26872 26 0 0
26755 111 0 0
26953 75 0 0
26662 37 0 0
26906 144 0 0
26851 168 0 0
26833 143 0 0
26667 195 0 0
26739 24 1 1
26564 52 0 0
26719 33 0 0
26710 36 0 0
27053 100 0 0
26848 19 0 0
27087 38 0 0
27138 9 0 0
27061 24 0 0
26868 45 0 0
26894 148 0 0
26940 41 1 1
26521 47 0 0
26658 74 0 0
26537 238 0 0
26905 75 0 0
26733 8 1 1
26789 80 0 0
26640 45 0 0
26605 30 0 0
26813 27 1 1
26511 84 0 0
26800 166 0 0
27029 38 0 0
26899 68 0 0
26640 124 0 0
26903 84 0 0
26606 26 0 0
26603 91 0 0
26549 40 0 0
27283 88 0 0
26775 63 0 0
27126 78 0 0
26857 52 0 0
26648 31 1 1
27072 114 0 0
27139 51 0 0
27029 71 1 1
27267 6 0 0
26619 33 0 0
26670 73 0 0
26739 108 1 1
26621 176 0 0
26755 51 0 0
26786 106 0 0
26931 172 0 0
27054 67 0 0
26920 53 0 0
26623 81 1 1
26991 28 2 2
27009 27 0 0
26942 74 0 0
26706 91 0 0
26666 139 0 0
26667 120 0 0
26910 88 0 0
26859 30 0 0
26994 29 0 0
26787 29 0 0
26583 54 0 0
26778 89 0 0
26768 106 1 1
26724 131 0 0
26949 89 0 0
26658 59 2 2
26760 191 0 0
27211 28 0 0
27055 22 1 1
26924 265 1 1
27076 23 0 0
26806 0 0 0
26898 31 0 0
27104 40 0 0
26656 90 0 0
26837 0 0 0
27245 30 0 0
27128 95 0 0
26939 125 0 0
26915 47 0 0
26925 15 0 0
27073 8 0 0
26671 84 0 0
26617 71 0 0
26938 87 0 0
26773 18 0 0
26926 83 0 0
27143 39 1 1
27124 0 0 0
26770 39 0 0
26960 0 0 0
27142 2 0 0
27030 90 0 0
26802 5 0 0
26619 98 0 0
26745 77 1 1
26828 7 0 0
26770 40 0 0
26883 79 0 0
26634 83 0 0
27016 9 0 0
26801 55 0 0
27262 24 0 0
27018 34 0 0
26995 5 0 0
26907 59 1 1
26764 97 0 0
27210 73 0 0
26803 237 0 0
26536 102 0 0
26576 97 1 1
27177 17 0 0
26661 37 0 0
27220 101 0 0
26860 150 0 0
26515 226 0 0
26451 308 0 0
26871 97 0 0
26855 28 0 0
27428 29 0 0
27032 19 0 0
27054 37 0 0
26610 190 0 0
26634 263 0 0
26782 214 1 1
26639 157 0 0
26594 93 0 0
26612 24 0 0
27219 0 0 0
26926 85 0 0
26467 168 0 0
26580 214 1 1
26560 321 0 0
26773 50 0 0
27063 16 0 0
26633 0 0 0
26725 0 0 0
26739 164 0 0
26852 286 0 0
26657 136 0 0
26884 69 0 0
26955 6 0 0
26956 30 0 0
26614 33 0 0
26919 50 0 0
26732 52 0 0
26907 97 0 0
26774 121 0 0
26997 248 0 0
26616 81 0 0
26934 42 1 1
26716 31 1 1
26562 270 0 0
26687 132 0 0
26708 157 0 0
26389 252 0 0
26826 120 1 1
26682 50 0 0
26721 98 0 0
26648 39 0 0
27004 109 0 0
26516 260 0 0
26468 234 1 1
26154 801 0 0
27024 135 0 0
26888 90 0 0
26640 50 0 0
26978 42 0 0
27034 73 0 0
27055 65 0 0
26660 161 0 0
26572 266 2 2
26973 206 0 0
26750 112 0 0
26774 69 0 0
26870 34 1 1
26816 42 0 0
26633 111 0 0
26969 91 0 0
26834 65 0 0
26751 54 0 0
26825 108 0 0
26692 94 0 0
26993 51 0 0
26586 75 0 0
26753 133 0 0
26600 193 0 0
26679 125 0 0
26869 112 0 0
26800 102 0 0
27024 304 0 0
26725 112 1 1
26606 48 0 0
26773 186 0 0
26744 340 0 0
26958 98 0 0
27140 129 0 0
26811 167 0 0
26978 103 0 0
26928 30 0 0
26366 199 1 1
26619 195 0 0
26745 281 1 1
26810 172 0 0
26596 228 1 1
26713 166 1 1
26764 61 0 0
26625 331 0 0
26701 75 0 0
27048 22 0 0
26912 80 0 0
26741 46 1 1
26748 84 0 0
26602 70 0 0
26619 0 0 0
26783 19 0 0
26521 64 0 0
26915 44 0 0
26977 120 0 0
26649 0 0 0
26831 25 0 0
26821 23 0 0
26746 41 0 0
26573 10 0 0
27077 91 0 0
26714 77 0 0
26972 142 0 0
26646 131 0 0
26992 78 1 1
26876 25 0 0
27057 57 1 1
26873 92 1 1
27007 73 0 0
26855 76 0 0
26562 132 0 0
26580 0 0 0
27092 4 0 0
26869 4 0 0
26975 116 0 0
26464 241 0 0
26499 245 0 0
26611 238 0 0
26760 137 0 0
27041 9 0 0
26915 45 0 0
26837 228 0 0
26751 145 0 0
26891 203 0 0
26628 203 0 0
26691 102 0 0
26768 79 0 0
26910 97 0 0
27140 0 0 0
26922 11 0 0
26803 3 0 0
26709 87 0 0
26557 75 1 1
26821 96 0 0
26862 44 1 1
27228 13 0 0
27132 126 0 0
26861 14 0 0
26928 38 0 0
26446 197 0 0
26311 186 0 0
26909 64 0 0
26834 55 0 0
26884 160 0 0
26861 80 0 0
26655 0 0 0
26602 141 0 0
26676 235 0 0
26704 204 0 0
38940 236 0 0
26606 78 0 0
26898 47 0 0
26728 37 0 0
26949 0 0 0
26945 18 1 1
26698 48 0 0
26770 36 0 0
26515 116 0 0
26635 65 0 0
26714 69 0 0
26836 34 0 0
26912 0 0 0
26999 28 0 0
26652 51 0 0
26565 37 0 0
26684 94 0 0
26704 86 0 0
26784 35 0 0
26973 0 0 0
26899 0 0 0
26946 0 0 0
26937 54 0 0
26756 93 0 0
26829 70 0 0
27125 94 0 0
26788 26 0 0
26878 27 0 0
26629 60 0 0
27042 129 0 0
26800 98 0 0
26861 56 0 0
26761 147 0 0
26757 87 0 0
26746 69 1 1
27017 0 0 0
26683 19 0 0
26753 78 0 0
26951 66 0 0
26612 177 1 1
26819 65 0 0
27007 121 0 0
27107 5 0 0
26734 0 0 0
27059 73 0 0
26709 134 0 0
26258 316 0 0
26849 31 0 0
26908 51 0 0
26714 30 0 0
26674 11 0 0
26990 96 0 0
26548 119 0 0
26628 187 0 0
26655 167 0 0
26857 139 0 0
26884 33 1 1
26748 119 1 1
26979 110 0 0
26932 124 0 0
26402 129 0 0
26960 74 0 0
26561 74 0 0
26949 175 1 1
27002 36 0 0
26517 79 0 0
26664 104 0 0
26681 37 1 1
26258 574 0 0
26679 14 0 0
26783 194 0 0
26943 44 0 0
26783 102 0 0
26811 131 0 0
26831 42 0 0
27061 54 0 0
26973 47 0 0
26558 105 0 0
26962 52 0 0
26794 51 1 1
26720 87 0 0
26574 63 0 0
26754 47 0 0
26770 179 0 0
26798 87 0 0
26652 51 0 0
27216 34 2 2
26963 0 0 0
27069 24 0 0
26937 44 0 0
27015 47 0 0
26746 70 0 0
26945 108 0 0
26908 102 0 0
26685 61 0 0
26696 30 0 0
27144 0 0 0
26929 48 0 0
26887 93 0 0
26513 512 0 0
26982 17 0 0
27164 92 0 0
27112 39 0 0
26877 44 0 0
27027 56 0 0
27018 0 0 0
26973 16 0 0
27059 128 0 0
26738 136 0 0
26961 106 1 1
27022 53 0 0
26849 82 0 0
27065 4 0 0
26748 68 0 0
26862 8 0 0
27262 0 0 0
27019 46 0 0
26288 454 0 0
26856 27 0 0
26496 134 0 0
26799 88 0 0
27155 71 0 0
27209 33 0 0
26952 63 0 0
27285 57 1 1
26614 69 0 0
26996 40 0 0
26932 15 0 0
26688 0 0 0
27154 0 0 0
26616 34 0 0
26706 174 0 0
26763 169 0 0
26670 124 0 0
26577 61 0 0
26896 39 0 0
26924 69 0 0
26583 260 0 0
26817 86 0 0
26673 64 0 0
26774 102 0 0
26910 68 0 0
26820 0 0 0
26652 51 1 1
26998 40 1 1
26912 27 0 0
27050 100 1 1
26782 72 0 0
26981 48 0 0
26878 48 0 0
26177 398 0 0
26918 38 0 0
26672 4 0 0
26692 0 0 0
26615 117 0 0
26665 90 1 1
26497 91 0 0
26806 51 0 0
27081 1 0 0
26673 11 0 0
26742 59 0 0
27133 96 0 0
27220 36 0 0
26859 27 0 0
