26172 0 4 4
25812 0 0 0
25720 143 0 0
25865 107 0 0
25769 322 0 0
25857 131 2 2
25617 58 1 1
26041 26 0 0
25946 0 0 0
25977 73 0 0
25699 28 0 0
25872 41 0 0
26209 33 0 0
25753 19 1 1
25940 312 1 1
25691 0 1 1
25656 23 0 0
26050 37 1 1
26230 52 1 1
26025 11 0 0
25746 80 1 1
25989 29 1 1
26053 3 0 0
25828 0 1 1
25599 31 0 0
26175 99 0 0
25803 148 0 0
25785 91 0 0
25729 81 0 0
26015 53 0 0
26128 21 0 0
26079 0 0 0
25902 19 1 1
26159 42 0 0
25592 61 3 3
26215 28 0 0
26052 99 0 0
25710 8 0 0
26161 4 0 0
26134 0 0 0
25905 5 2 2
25802 4 0 0
25379 215 0 0
26018 80 0 0
25755 56 0 0
25762 21 0 0
26057 41 0 0
25825 42 0 0
26112 56 0 0
25874 81 0 0
25955 148 0 0
25635 21 1 1
26085 0 1 1
26071 32 0 0
26034 0 0 0
25926 0 0 0
26056 124 0 0
25482 308 0 0
25846 298 0 0
26072 109 0 0
25648 60 0 0
26142 8 0 0
25891 0 0 0
25929 0 0 0
26046 119 0 0
25866 158 0 0
25499 299 0 0
25796 117 0 0
25819 20 0 0
25595 198 0 0
26118 12 0 0
25896 0 0 0
26253 25 0 0
25996 138 0 0
25890 45 0 0
26360 116 0 0
25789 0 0 0
25878 11 0 0
26007 0 0 0
25998 44 0 0
25785 81 11 11
25990 63 0 0
26005 7 0 0
26079 68 0 0
25758 175 0 0
25778 36 0 0
26045 29 0 0
26058 18 0 0
25695 90 1 1
25886 137 0 0
25763 116 2 2
25867 66 0 0
26285 5 1 1
25708 26 0 0
25602 51 1 1
26072 48 0 0
26143 55 0 0
25549 142 0 0
25845 69 1 1
26180 95 0 0
25873 14 0 0
26055 53 0 0
26113 85 0 0
26393 12 0 0
25925 35 1 1
25854 114 0 0
25893 149 0 0
25624 64 0 0
26060 14 0 0
25876 0 1 1
26059 146 0 0
26078 168 0 0
25915 178 0 0
25774 185 0 0
26075 7 0 0
26666 80 0 0
25697 18 0 0
25987 0 0 0
26012 123 0 0
25721 170 0 0
25924 136 0 0
25825 157 0 0
26098 23 0 0
25858 108 0 0
25922 18 1 1
26059 49 0 0
26065 43 0 0
26247 60 0 0
26007 150 0 0
26011 126 0 0
26003 33 0 0
26130 24 0 0
25988 40 0 0
25781 5 1 1
25891 32 0 0
26058 46 1 1
25893 98 0 0
26102 18 0 0
26213 0 0 0
25973 50 0 0
25975 3 14 14
25942 145 0 0
25909 175 0 0
25732 208 0 0
25744 135 1 1
26053 60 0 0
25960 42 0 0
25854 37 1 1
25843 0 0 0
25693 126 0 0
25979 215 0 0
25722 203 0 0
25899 83 0 0
25945 82 0 0
25579 105 0 0
26144 0 0 0
25811 0 0 0
25831 210 0 0
25769 287 0 0
25946 181 0 0
25968 124 0 0
26139 15 0 0
26003 56 0 0
26116 33 0 0
25230 407 0 0
25797 70 0 0
26008 106 0 0
25559 54 0 0
25752 30 0 0
26017 4 0 0
26052 27 3 3
25728 90 0 0
26372 84 1 1
26150 0 0 0
25998 60 0 0
25700 88 0 0
25970 15 0 0
25961 0 0 0
26120 28 0 0
25972 31 0 0
26421 52 0 0
25842 42 0 0
25833 11 0 0
25766 104 0 0
26167 31 0 0
25731 0 0 0
25477 141 0 0
25698 33 1 1
25976 61 0 0
26011 76 0 0
25919 149 0 0
26238 0 0 0
26018 109 1 1
26121 132 0 0
25752 67 0 0
26057 26 0 0
26010 186 0 0
26106 58 0 0
25393 40 1 1
26079 0 0 0
26035 5 0 0
26163 27 0 0
25968 90 1 1
26024 67 1 1
25975 79 0 0
37919 247 0 0
26075 13 0 0
26152 103 0 0
26127 127 0 0
25786 29 0 0
26110 63 0 0
26006 33 0 0
25755 78 0 0
25885 43 0 0
25976 63 0 0
26052 4 0 0
25959 54 0 0
25752 122 10 10
26055 42 0 0
25613 336 0 0
25649 35 0 0
25935 54 0 0
25932 141 0 0
25775 34 0 0
26255 33 1 1
26210 6 1 1
26235 61 0 0
26024 36 0 0
25640 60 0 0
25569 109 0 0
26057 45 0 0
26224 53 0 0
25864 3 0 0
26124 0 0 0
25923 45 0 0
25814 32 0 0
25892 51 0 0
26000 61 0 0
25972 70 0 0
25679 19 0 0
25787 30 0 0
24985 943 0 0
25940 37 0 0
25851 56 0 0
25896 59 0 0
25844 64 0 0
25812 44 0 0
25985 0 0 0
26007 0 1 1
25962 0 0 0
25942 42 0 0
25718 89 0 0
25892 75 0 0
26037 45 0 0
26064 29 0 0
26273 10 0 0
25538 211 0 0
25990 178 0 0
26171 38 0 0
26156 57 0 0
25751 63 0 0
25776 122 0 0
25832 41 0 0
25916 49 0 0
25907 0 0 0
25934 70 0 0
26013 113 0 0
25946 120 0 0
25825 92 0 0
26058 77 1 1
26179 0 0 0
26112 3 0 0
26177 53 0 0
25846 45 0 0
25858 140 1 1
26065 153 0 0
26008 115 0 0
25882 4 0 0
25721 30 1 1
26189 51 1 1
25855 16 0 0
25662 219 0 0
25844 132 0 0
25904 44 1 1
25662 98 0 0
26108 141 0 0
25910 22 0 0
26119 0 0 0
26035 77 0 0
25796 235 0 0
25984 225 0 0
25762 160 2 2
25883 181 2 2
26033 10 0 0
26153 4 0 0
26113 0 0 0
25823 43 1 1
25589 189 1 1
25741 220 0 0
25568 174 0 0
26124 32 0 0
25722 23 3 3
26109 16 0 0
25958 12 0 0
26032 0 0 0
26051 69 1 1
25726 31 8 8
26018 72 0 0
26209 184 0 0
26183 16 0 0
25942 71 0 0
26056 8 0 0
25730 44 0 0
26175 72 0 0
25957 53 0 0
26118 55 0 0
25882 32 0 0
25997 13 0 0
25919 39 0 0
25848 23 0 0
26150 4 0 0
26133 49 0 0
26104 79 4 4
26073 89 0 0
25880 78 0 0
26180 32 0 0
25783 38 0 0
26064 39 0 0
26144 0 0 0
25677 104 0 0
25954 41 0 0
25868 91 1 1
25880 80 0 0
26210 34 0 0
26144 50 0 0
25605 19 1 1
25980 77 0 0
25991 43 0 0
25969 117 1 1
25695 9 0 0
25988 57 2 2
26321 3 0 0
25963 0 0 0
25828 19 0 0
25631 152 0 0
25704 154 0 0
25775 154 1 1
26231 53 0 0
26128 29 0 0
26052 0 0 0
26173 0 0 0
25851 0 0 0
25928 125 0 0
26110 189 0 0
25967 185 0 0
26095 17 1 1
25956 26 1 1
25576 36 0 0
26044 2 0 0
26354 0 0 0
25977 41 0 0
25783 49 2 2
25768 92 0 0
26241 30 1 1
26009 0 0 0
25936 0 0 0
25896 22 0 0
25723 2 0 0
25999 14 0 0
25930 68 1 1
25887 22 8 8
26038 0 0 0
25990 36 2 2
25925 38 0 0
25864 0 0 0
25653 16 0 0
26089 5 0 0
25891 69 0 0
25908 5 0 0
25805 138 0 0
26084 0 1 1
25752 2 0 0
26115 32 0 0
26232 67 1 1
25822 85 0 0
26169 118 0 0
25679 150 1 1
25993 13 0 0
25870 61 0 0
25949 0 1 1
25735 147 0 0
25695 217 0 0
25645 209 0 0
25960 267 0 0
26048 56 0 0
25901 207 0 0
26142 34 1 1
26155 78 0 0
25804 222 1 1
25766 76 3 3
26081 113 0 0
25658 146 0 0
25992 101 0 0
25943 44 0 0
26007 113 1 1
26125 72 1 1
26075 49 1 1
25881 85 0 0
25914 192 0 0
25954 92 0 0
26011 25 0 0
25873 77 0 0
26070 49 0 0
26032 174 0 0
25620 209 1 1
25778 159 0 0
26025 44 1 1
25985 80 0 0
25788 31 0 0
25982 94 0 0
26152 78 1 1
25938 208 0 0
25831 190 0 0
26252 145 1 1
25817 52 0 0
25853 62 1 1
25829 51 2 2
25898 43 10 10
25581 107 9 9
25925 222 0 0
25845 91 0 0
25817 78 0 0
26056 31 0 0
26269 10 0 0
25502 142 0 0
26022 99 0 0
25855 76 0 0
25999 61 0 0
25727 112 0 0
25876 141 0 0
25705 90 0 0
26076 65 1 1
25834 340 0 0
26070 0 0 0
25701 163 0 0
25682 281 0 0
25799 151 1 1
25774 85 0 0
26024 66 0 0
26073 30 0 0
25791 49 0 0
26124 0 0 0
26132 162 0 0
25293 458 0 0
25906 31 0 0
26105 14 0 0
25793 20 0 0
26160 36 0 0
26187 47 0 0
26158 68 0 0
25879 37 0 0
25812 139 0 0
25832 43 0 0
26100 16 0 0
26201 83 0 0
25981 6 0 0
25671 22 0 0
25838 28 1 1
25853 51 0 0
26070 32 0 0
25652 119 0 0
25916 65 0 0
26087 39 0 0
26052 56 5 5
25841 61 1 1
25901 9 0 0
25839 68 1 1
25922 56 1 1
25660 171 0 0
25937 51 0 0
25779 151 0 0
25914 20 0 0
26056 93 1 1
25871 251 0 0
26076 156 0 0
25776 158 0 0
25914 125 0 0
26007 135 0 0
25775 77 0 0
25874 65 0 0
25715 170 0 0
25950 228 0 0
25889 153 0 0
25914 221 0 0
26164 36 0 0
25757 51 6 6
25887 155 0 0
25825 43 0 0
25676 59 0 0
26267 35 0 0
25725 68 0 0
26021 16 0 0
26046 38 1 1
25967 105 0 0
25799 34 0 0
26001 51 1 1
25864 37 0 0
25750 14 0 0
25814 163 0 0
26187 84 0 0
26019 59 0 0
26017 27 1 1
26050 63 0 0
25757 6 2 2
26021 104 1 1
26211 50 0 0
25965 35 0 0
26122 107 0 0
25813 219 0 0
26018 263 0 0
25812 28 0 0
25105 918 0 0
25846 316 0 0
25861 23 0 0
26040 110 0 0
25866 170 2 2
25870 106 0 0
25865 40 0 0
25938 37 1 1
26064 87 0 0
25912 122 1 1
25911 24 0 0
26077 49 0 0
26079 71 0 0
26100 131 0 0
25885 26 0 0
25816 33 1 1
26177 68 0 0
26115 83 0 0
26161 57 0 0
25747 38 0 0
26095 37 1 1
26193 55 0 0
26000 67 1 1
25541 103 0 0
26265 0 1 1
26078 53 0 0
25951 41 0 0
25760 122 8 8
25959 92 0 0
26151 29 0 0
25729 168 0 0
26126 16 0 0
26078 88 0 0
25982 92 0 0
25931 171 0 0
26106 25 0 0
25856 107 0 0
26085 80 0 0
25794 23 0 0
26050 149 0 0
26006 176 0 0
25897 142 0 0
25760 193 0 0
25989 22 0 0
25768 47 0 0
25981 32 0 0
25959 35 0 0
26189 98 0 0
25826 18 0 0
26095 36 0 0
26011 5 0 0
26132 25 0 0
25951 43 2 2
25859 145 0 0
26112 37 0 0
25818 47 0 0
25830 79 0 0
25779 232 0 0
26175 78 0 0
25771 13 0 0
26020 84 0 0
25768 43 1 1
25672 30 0 0
26032 26 1 1
25852 85 0 0
25997 178 0 0
26232 43 0 0
26146 40 0 0
25870 122 0 0
25890 82 0 0
25889 26 0 0
25873 94 0 0
25834 42 0 0
26293 92 0 0
26060 66 0 0
26143 61 1 1
26019 41 1 1
25822 32 0 0
26126 117 0 0
26181 50 0 0
25874 56 2 2
26396 11 0 0
25766 39 0 0
25850 49 0 0
25920 100 1 1
25805 171 0 0
25823 34 0 0
25852 106 0 0
25949 174 0 0
26128 85 0 0
26029 37 0 0
25735 68 0 0
26178 29 0 0
26113 28 1 1
26148 57 0 0
25768 98 0 0
25956 146 0 0
25868 119 0 0
25830 91 0 0
26036 27 0 0
26130 31 0 0
26042 29 0 0
25683 58 0 0
25863 91 1 1
25998 120 1 1
25824 122 1 1
26156 83 0 0
25680 61 2 2
25981 191 0 0
26344 30 0 0
25712 136 0 0
26102 256 0 0
26291 21 0 0
26013 0 0 0
26102 34 0 0
26374 37 1 1
25773 95 0 0
25917 0 0 0
26387 27 0 0
26195 79 0 0
26090 127 0 0
25922 45 0 0
26148 22 0 0
26323 4 0 0
25796 55 0 0
25729 69 0 0
25855 91 0 0
25983 15 0 0
26025 95 2 2
26048 53 0 0
26356 1 1 1
25884 23 1 1
26058 0 0 0
26332 4 0 0
26007 97 0 0
25920 6 0 0
25674 96 7 7
25888 46 1 1
25901 10 0 0
25843 33 0 0
25953 51 0 0
25664 83 0 0
26232 9 0 0
25821 36 0 0
26205 20 2 2
26069 30 0 0
26030 1 0 0
26020 54 1 1
26007 75 0 0
26030 68 0 0
25904 240 0 0
25814 104 1 1
25849 101 0 0
26358 15 1 1
25973 28 0 0
26264 84 0 0
25935 149 2 2
25785 224 0 0
25615 269 0 0
26043 100 0 0
26061 26 0 0
26323 12 0 0
26255 23 1 1
26222 34 0 0
25707 178 0 0
25842 261 0 0
25989 213 0 0
25561 147 0 0
25742 102 0 0
25793 23 0 0
26346 0 0 0
25973 69 0 0
25618 150 0 0
25743 220 0 0
25591 321 0 0
25815 54 0 0
26186 21 0 0
25803 0 0 0
25844 0 1 1
25837 167 0 0
25955 253 0 0
25860 118 0 0
25864 67 0 0
25914 4 1 1
25889 29 2 2
25743 31 0 0
26116 21 0 0
25650 51 0 0
26134 90 0 0
25988 119 0 0
25800 263 0 0
25808 83 0 0
26035 41 0 0
25843 27 0 0
25645 253 1 1
25841 135 0 0
25876 157 0 0
25487 250 0 0
25972 133 0 0
25759 49 0 0
25939 91 0 0
25659 42 0 0
26002 83 0 0
25729 256 0 0
25573 232 0 0
25366 803 0 0
26204 133 0 0
26033 87 0 0
25854 50 0 0
26137 46 0 0
25878 76 0 0
26256 59 0 0
25877 130 0 0
25767 245 0 0
26032 178 0 0
25991 108 0 0
26025 62 0 0
25967 27 0 0
26071 22 0 0
25877 107 0 0
26144 91 0 0
25993 63 0 0
25897 57 0 0
26110 103 0 0
25721 87 0 0
26155 45 0 0
25664 72 0 0
25886 128 0 0
25618 192 0 0
25915 125 0 0
25701 115 0 0
25674 96 0 0
25827 303 3 3
25860 109 0 0
25701 47 0 0
25901 186 0 0
25791 340 0 0
26162 92 0 0
26259 136 0 0
25766 150 0 0
26009 90 0 0
26190 31 0 0
25651 197 0 0
25837 197 0 0
25859 282 0 0
25915 168 0 0
25664 243 0 0
25910 167 1 1
26015 40 0 0
25826 353 0 0
25626 79 0 0
26266 14 0 0
26017 78 0 0
25704 48 0 0
26031 84 1 1
25802 74 0 0
25812 0 0 0
25997 25 0 0
25705 59 0 0
25815 35 0 0
26085 111 0 0
25729 0 0 0
25787 35 0 0
25927 17 0 0
25728 46 0 0
25883 4 0 0
26154 93 0 0
25939 72 1 1
26230 138 0 0
25669 98 0 0
26234 73 1 1
26043 25 0 0
26181 31 0 0
25928 54 0 0
26201 74 0 0
25991 53 0 0
25606 132 0 0
25842 0 0 0
26227 6 0 0
26084 6 0 0
26084 118 0 0
25543 224 0 0
25742 230 0 0
25557 228 0 0
25952 133 0 0
26059 5 0 0
25951 41 0 0
25766 230 0 0
25970 148 0 0
26011 197 0 0
25705 207 8 8
25776 113 0 0
25840 81 0 0
25825 91 0 0
26208 0 0 0
25827 11 1 1
25902 10 0 0
25922 94 0 0
25688 74 0 0
25934 89 0 0
25980 44 0 0
26027 33 0 0
26005 121 0 0
26112 18 2 2
26174 34 0 0
25610 193 0 0
25457 191 0 0
26107 67 0 0
26030 62 0 0
26087 146 1 1
26007 68 0 0
26101 0 0 0
25790 145 0 0
25815 240 0 0
25764 205 0 0
38001 246 0 0
25779 80 0 0
26091 48 0 0
25930 53 0 0
26217 0 0 0
26073 20 0 0
25915 8 0 0
26032 13 0 0
25675 117 0 0
25756 61 0 0
25889 80 0 0
26018 31 0 0
26036 2 0 0
26161 26 0 0
25782 46 0 0
25736 37 1 1
25904 100 0 0
25768 88 3 3
26016 37 0 0
26182 0 0 0
25832 0 0 0
26134 0 0 0
26156 54 0 0
25856 102 1 1
25939 77 0 0
26130 119 0 0
25863 24 0 0
25985 17 0 0
25730 58 0 0
26153 15 0 0
26061 101 0 0
25797 51 0 0
25949 152 1 1
26050 90 0 0
25730 67 0 0
26044 28 0 0
25843 21 0 0
25937 66 1 1
26164 69 0 0
25747 180 0 0
26005 68 0 0
26239 130 1 1
26260 8 0 0
25665 0 0 0
26070 72 0 0
25841 132 0 0
25341 250 1 1
26026 30 0 0
25980 47 0 0
25810 33 2 2
25952 11 1 1
26200 76 0 0
25519 122 2 2
25903 187 0 0
25802 144 0 0
25643 100 0 0
26123 34 0 0
25976 125 1 1
25799 108 0 0
26065 122 0 0
25523 97 0 0
25988 81 0 0
25715 43 1 1
26027 172 0 0
26113 37 1 1
25710 76 0 0
25930 78 0 0
25681 43 1 1
25470 577 0 0
25813 11 0 0
25978 176 0 0
26069 49 0 0
26082 115 0 0
25958 130 0 0
25814 45 0 0
26110 54 0 0
26003 44 0 0
25585 101 0 0
26099 52 0 0
26003 43 1 1
25940 84 0 0
25646 64 1 1
25968 50 0 0
26064 75 0 0
25902 84 0 0
25948 54 0 0
26337 33 0 0
26118 0 0 0
26081 15 1 1
26117 45 0 0
26204 47 0 0
26006 70 0 0
26140 102 0 0
26004 95 1 1
25836 54 0 0
25967 33 0 0
26402 0 0 0
26107 45 0 0
26033 86 0 0
25572 511 1 1
26134 17 0 0
25947 93 0 0
26264 36 0 0
26079 47 0 0
26164 44 0 0
26210 0 1 1
26173 8 0 0
26182 133 0 0
25783 139 0 0
26057 100 1 1
26146 51 0 0
25964 81 0 0
26141 6 1 1
25858 77 0 0
25980 6 1 1
26210 0 0 0
26091 55 0 0
25391 457 3 3
26063 0 1 1
25584 140 0 0
25791 45 0 0
26268 68 0 0
26212 42 1 1
26093 55 0 0
25966 21 3 3
25905 72 1 1
26128 49 2 2
26046 16 0 0
25867 0 0 0
26402 0 0 0
25695 33 1 1
25971 169 0 0
26018 164 0 0
25831 131 0 0
25789 55 0 0
26064 34 0 0
26057 47 0 0
25828 259 0 0
25713 87 0 0
25787 59 0 0
25953 103 0 0
25754 58 0 0
25925 3 0 0
25655 43 0 0
25845 36 1 1
26104 20 0 0
26009 104 0 0
25911 75 0 0
25987 42 0 0
25946 37 0 0
25283 392 0 0
26074 36 0 0
25895 1 0 0
25883 0 0 0
25735 124 2 2
25808 91 0 0
25684 11 0 0
25958 49 1 1
25959 2 0 0
25734 6 0 0
25747 74 1 1
26002 70 0 0
26373 37 0 0
26104 32 0 0
