27490 0 2 2
27415 0 0 0
27114 145 0 0
27249 111 0 0
27210 312 0 0
27203 128 0 0
27141 59 0 0
27341 23 0 0
27280 0 0 0
27437 140 1 1
26924 50 0 0
27172 43 0 0
27433 34 0 0
27153 23 0 0
27023 367 0 0
27195 0 0 0
27117 28 0 0
27520 10 0 0
27516 62 0 0
27305 7 0 0
27133 66 0 0
27175 30 1 1
27322 3 0 0
27570 0 0 0
27321 37 0 0
27318 99 0 0
27289 107 0 0
27354 89 0 0
27120 79 0 0
27501 59 0 0
27610 19 0 0
27272 0 0 0
27402 20 0 0
27487 117 0 0
27263 61 0 0
27494 25 0 0
27311 97 0 0
27473 10 0 0
27502 5 0 0
27494 0 0 0
27505 5 1 1
27006 11 0 0
27045 155 0 0
27478 75 0 0
27057 44 0 0
26974 22 0 0
27163 41 0 0
27113 48 0 0
27486 40 0 0
26869 80 0 0
27260 147 0 0
27201 19 0 0
27179 0 0 0
27238 31 0 0
27482 0 1 1
27283 0 0 0
27295 124 0 0
26755 304 0 0
27202 295 0 0
27279 110 0 0
26981 57 0 0
27376 7 0 0
27014 0 0 0
27409 131 0 0
27333 120 0 0
27140 159 1 1
27051 293 0 0
27102 115 0 0
27098 19 0 0
27321 197 0 0
27359 10 0 0
27099 0 0 0
27756 90 0 0
27196 186 0 0
27233 47 0 0
27908 108 0 0
27457 0 0 0
27356 10 0 0
27341 0 0 0
27382 54 0 0
27353 110 0 0
27285 77 0 0
27355 7 0 0
27327 65 0 0
26905 168 1 1
27080 35 0 0
27320 0 0 0
27358 19 0 0
27073 99 0 0
27200 139 0 0
27080 131 0 0
27150 73 0 0
27517 40 0 0
27317 31 0 0
27174 54 0 0
27413 47 0 0
27445 56 0 0
26898 156 0 0
27263 53 0 0
27498 108 0 0
27307 15 0 0
27369 55 0 0
27402 103 0 0
27649 19 0 0
27509 33 0 0
27288 161 0 0
27153 141 0 0
27085 46 0 0
27239 14 0 0
27282 0 0 0
27341 143 0 0
27460 165 0 0
27291 174 0 0
27290 174 1 1
27341 9 0 0
28187 77 0 0
26991 15 0 0
27182 0 0 0
27559 122 0 0
27008 166 0 0
27430 139 0 0
27181 150 1 1
27490 14 0 0
27262 108 0 0
27313 15 0 0
27359 58 0 0
27444 50 0 0
27490 57 0 0
27334 152 0 0
27449 122 0 0
27230 38 0 0
27672 26 0 0
27528 38 0 0
27622 6 0 0
27233 51 0 0
27315 61 0 0
27048 111 0 0
27370 45 0 0
27384 0 0 0
27220 35 1 1
27458 1 1 1
27369 129 0 0
27244 172 0 0
27065 206 0 0
26930 132 0 0
27300 62 0 0
27413 60 0 0
27231 35 0 0
27208 0 1 1
27121 123 0 0
27332 210 0 0
27141 210 0 0
27206 86 0 0
27164 86 0 0
27143 98 0 0
27345 0 0 0
27055 117 0 0
27126 203 0 0
26945 289 0 0
27262 189 0 0
27232 126 0 0
27367 22 0 0
27159 43 0 0
27356 34 0 0
26967 360 0 0
27091 67 0 0
27313 124 0 0
27477 78 0 0
27045 40 0 0
27267 3 0 0
27771 29 1 1
26824 99 0 0
27626 110 0 0
27665 0 0 0
27379 66 0 0
27021 110 0 0
27610 13 0 0
27272 0 0 0
27277 30 0 0
27497 31 0 0
27739 78 0 0
26955 53 0 0
27125 10 0 0
27085 107 0 0
27502 23 0 0
27092 30 0 0
26818 132 0 0
27362 32 0 0
27236 61 1 1
27186 79 0 0
27112 139 0 0
27392 33 1 1
27181 120 0 0
27346 109 0 0
27221 87 0 0
27299 27 1 1
27352 204 0 0
27355 101 0 0
27019 38 0 0
27171 0 0 0
27228 6 0 0
27537 28 0 0
27330 89 0 0
27249 112 0 0
27289 89 0 0
27035 261 0 0
27549 10 0 0
27373 110 0 0
27330 134 1 1
27362 30 0 0
27414 93 0 0
27484 35 0 0
27230 66 0 0
27189 34 0 0
27246 53 0 0
27319 5 0 0
27359 47 0 0
27162 106 0 0
27408 45 0 0
26736 345 0 0
27055 34 0 0
27111 64 0 0
27343 162 0 0
27538 39 0 0
27618 40 0 0
27449 4 0 0
27615 67 0 0
27181 35 0 0
26928 62 0 0
27392 114 0 0
27363 42 0 0
27601 52 0 0
27506 6 0 0
27338 0 1 1
27031 51 1 1
27490 32 0 0
27392 46 0 0
27509 65 0 0
27236 63 1 1
27008 17 0 0
27057 56 0 0
26174 959 0 0
27087 43 0 0
27205 53 0 0
27524 62 1 1
27043 58 0 0
27001 41 0 0
27396 0 0 0
27419 0 0 0
27224 24 0 0
27444 45 0 0
26775 83 0 0
27018 83 0 0
27570 56 1 1
27474 31 0 0
27678 11 0 0
27264 230 0 0
27293 186 0 0
27464 36 0 0
27764 56 1 1
27049 65 0 0
26959 120 2 2
27183 37 0 0
27063 48 0 0
27441 1 0 0
27122 83 0 0
27420 99 0 0
27268 93 0 0
27361 99 0 0
27469 61 0 0
27541 0 0 0
27299 7 0 0
27545 56 0 0
27413 42 0 0
27050 183 0 0
27259 162 0 0
27374 111 0 0
27322 4 0 0
27156 31 1 1
27510 52 0 0
26985 14 0 0
26786 210 0 0
27393 142 1 1
27831 41 0 0
27152 88 0 0
27446 127 0 0
27413 23 0 0
27392 0 0 0
27372 69 0 0
27206 250 0 0
27435 217 0 0
27316 165 0 0
27236 181 0 0
27402 6 0 0
27588 3 0 0
27348 0 0 0
27199 43 0 0
26892 194 0 0
27005 215 0 0
26894 178 0 0
27514 32 0 0
27244 22 0 0
27271 13 0 0
27129 11 0 0
27405 0 0 0
27383 98 1 1
27197 30 0 0
27314 70 0 0
27502 181 0 0
27918 14 0 0
27255 52 0 0
27518 11 0 0
27146 49 0 0
27545 75 0 0
27122 52 1 1
27442 57 1 1
27296 39 1 1
27379 16 0 0
27264 50 0 0
27125 20 0 0
27523 5 0 0
27469 52 0 0
27577 134 0 0
27345 85 0 0
27078 90 0 0
27485 30 0 0
27104 33 0 0
27400 29 0 0
27380 0 0 0
26988 113 0 0
27234 39 0 0
27290 98 0 0
27322 110 0 0
27577 31 0 0
27474 42 1 1
27116 17 1 1
27318 86 1 1
27401 45 0 0
27280 117 0 0
27084 10 0 0
27604 58 1 1
27445 3 0 0
27404 0 0 0
27329 22 0 0
26911 155 0 0
26812 159 0 0
27038 161 0 0
27474 52 0 0
27351 27 0 0
27626 0 0 0
27586 0 0 0
27090 36 0 0
27538 129 0 0
27361 187 0 0
27137 194 0 0
27334 15 0 0
27227 27 0 0
27131 41 0 0
27445 6 0 0
27603 17 0 0
27388 48 1 1
27023 47 0 0
27072 96 0 0
27447 28 0 0
27289 0 1 1
27303 0 0 0
27744 21 0 0
27156 5 0 0
27483 16 0 0
27242 62 0 0
27380 21 0 0
27596 3 0 0
27362 36 1 1
27416 32 0 0
27255 0 0 0
27106 14 0 0
27289 4 0 0
27143 67 0 0
27279 4 0 0
27250 144 0 0
27549 0 0 0
27208 2 0 0
27257 30 0 0
27793 57 0 0
27331 85 1 1
27614 115 1 1
27143 144 0 0
27210 15 0 0
27297 64 0 0
27327 0 0 0
26931 236 0 0
26971 213 1 1
27411 209 0 0
27179 297 0 0
27304 69 0 0
27473 184 0 0
27368 33 0 0
27420 67 0 0
27065 230 0 0
27428 72 0 0
27509 114 0 0
27070 139 0 0
27211 149 0 0
27214 47 0 0
27183 103 0 0
27358 76 0 0
27672 54 0 0
27222 82 0 0
27193 203 0 0
27384 100 0 0
27372 27 0 0
27268 82 0 0
27685 48 0 0
27410 168 0 0
26741 212 0 0
26918 143 0 0
27180 47 0 0
27359 77 0 0
27461 106 1 1
27201 96 0 0
27333 84 0 0
27134 240 0 0
27037 180 0 0
27430 151 0 0
27169 92 0 0
27076 59 0 0
27435 52 0 0
27399 44 0 0
27199 97 0 0
26998 250 0 0
26975 93 0 0
27172 90 0 0
27375 43 1 1
27611 10 1 1
26841 139 1 1
27237 101 0 0
27067 68 0 0
27432 76 0 0
27004 102 0 0
27393 131 1 1
27123 76 0 0
27348 69 0 0
27227 338 0 0
27332 3 0 0
27429 170 0 0
27232 277 0 0
27179 154 0 0
27109 93 0 0
27433 66 0 0
27536 30 0 0
27200 57 0 0
27326 0 0 0
27367 202 0 0
26534 465 1 1
27189 39 0 0
27354 72 0 0
26893 20 0 0
27582 39 0 0
27452 6 0 0
27912 63 0 0
27249 70 1 1
27491 196 0 0
27190 45 0 0
27311 10 0 0
27469 122 0 0
27287 6 0 0
27276 24 0 0
27229 31 0 0
27191 53 0 0
27355 38 0 0
27318 126 0 0
27213 64 0 0
27398 43 0 0
27462 57 0 0
27098 52 0 0
27395 9 0 0
27626 74 0 0
27240 63 0 0
27076 171 0 0
27395 90 0 0
26847 152 0 0
27247 15 0 0
27567 200 1 1
27115 256 0 0
27505 153 0 0
26909 157 0 0
27119 126 0 0
27388 134 0 0
27249 75 0 0
27291 66 0 0
26848 149 0 0
27267 235 0 0
27228 157 0 0
27225 214 0 0
27447 37 0 0
27369 57 0 0
27269 122 1 1
27255 38 0 0
27172 59 0 0
27542 38 0 0
27113 73 0 0
27163 47 0 0
27185 34 0 0
27344 104 0 0
27115 32 0 0
27500 42 0 0
27121 77 0 0
27348 16 0 0
27314 165 0 0
27557 92 0 0
27399 60 0 0
27677 30 0 0
27369 63 0 0
27301 5 0 0
27399 157 0 0
27552 54 0 0
27200 35 0 0
27749 103 0 0
27682 176 0 0
27327 274 0 0
27223 29 0 0
24949 2437 0 0
27179 308 0 0
27127 25 0 0
27255 112 0 0
27477 133 0 0
27336 113 0 0
27238 39 0 0
27628 36 0 0
27504 89 0 0
27125 125 0 0
27471 40 0 0
27622 53 0 0
27372 44 0 0
27476 135 0 0
27357 30 0 0
27234 32 1 1
27362 71 0 0
27317 77 0 0
27336 54 0 0
27095 50 0 0
27370 61 0 0
27723 58 0 0
27487 88 0 0
27136 99 0 0
27413 20 1 1
27380 66 0 0
27264 42 0 0
27293 106 0 0
27275 88 0 0
27513 30 0 0
27201 185 0 0
27282 108 0 0
27299 92 0 0
27341 95 0 0
27336 174 0 0
27301 21 0 0
27274 113 0 0
27427 70 0 0
27163 20 0 0
27405 143 0 0
27319 168 0 0
27326 141 0 0
27171 191 1 1
27194 18 0 0
27028 46 0 0
27172 30 1 1
27177 32 0 0
27525 101 0 0
27381 27 0 0
27601 34 0 0
27738 11 1 1
27567 28 0 0
27365 46 1 1
27518 146 0 0
27413 39 0 0
26932 48 0 0
27287 79 0 0
26981 232 0 0
27326 77 0 0
27359 7 0 0
27239 77 0 0
27138 42 0 0
27290 30 0 0
27273 27 0 0
26936 83 0 0
27480 171 0 0
27433 48 0 0
27318 76 0 0
27107 122 0 0
27369 87 1 1
27041 31 0 0
27045 94 0 0
26977 52 1 1
27858 85 0 0
27181 61 0 0
27682 65 1 1
27328 44 0 0
27142 31 0 0
27494 175 0 0
27744 49 0 0
28036 65 5 5
27690 10 0 0
27106 32 0 0
27141 74 0 0
27224 106 1 1
27078 171 0 0
27246 67 0 0
27319 113 0 0
27533 167 0 0
27534 89 0 0
27379 49 0 0
27123 54 0 0
27430 28 0 0
27508 28 0 0
27395 76 2 2
27238 96 0 0
27097 134 0 0
27108 131 0 0
27468 91 0 0
27339 27 0 0
27491 30 0 0
27222 31 0 0
27068 58 1 1
27286 78 0 0
27215 114 0 0
27239 126 0 0
27438 78 0 0
27155 58 0 0
27244 188 0 0
27698 31 0 0
27606 13 0 0
27374 307 1 1
27549 22 0 0
27527 0 0 0
27367 31 0 0
27534 43 0 0
27183 87 0 0
27368 0 0 0
27782 28 0 0
27688 86 0 0
27397 131 0 0
27413 45 0 0
27402 25 0 0
27503 6 0 0
27267 90 0 0
27118 71 0 0
27464 94 0 0
27254 16 0 0
27418 95 0 0
27599 76 0 0
27594 1 1 1
27224 21 0 0
27453 0 0 0
27599 5 0 0
27592 87 0 0
27289 6 1 1
27121 95 0 0
27230 78 1 1
27306 7 0 0
27284 34 0 0
27422 81 0 0
27127 84 0 0
27481 9 0 0
27272 100 0 0
27777 28 0 0
27543 30 0 0
27470 3 0 0
27395 57 0 0
27240 99 0 0
27666 66 0 0
27258 233 0 0
26991 107 0 0
26946 92 0 0
27621 19 0 0
27098 33 0 0
27688 79 0 0
27406 149 0 0
26987 223 0 0
26930 255 0 0
27341 98 0 0
27333 25 0 0
27809 84 0 0
27482 22 0 0
27550 38 0 0
27163 185 0 0
27084 267 0 0
27247 213 0 0
27232 154 0 0
27078 97 0 0
27077 21 0 0
27701 0 0 0
27447 73 0 0
26899 240 0 0
27083 217 0 0
27116 324 0 0
27293 54 0 0
27554 17 0 0
27107 0 0 0
27185 0 0 0
27240 165 0 0
27417 250 0 0
27148 117 0 0
27412 68 0 0
27480 6 0 0
27492 25 0 0
27068 37 2 2
27407 50 0 0
27214 49 0 0
27341 97 0 0
27246 119 0 0
27489 273 0 0
27074 84 0 0
27431 43 0 0
27312 27 0 0
27087 264 0 0
27149 133 0 0
27185 157 0 0
26857 290 0 0
27336 129 0 0
27201 47 0 0
27181 80 0 0
27156 43 0 0
27407 201 0 0
27017 256 0 0
26950 230 0 0
26594 823 0 0
27475 144 0 0
27239 86 1 1
27103 48 0 0
27471 53 0 0
27502 75 0 0
27526 67 0 0
27176 117 0 0
27244 257 0 0
27501 240 0 0
27222 105 0 0
27222 72 0 0
27424 33 0 0
27265 38 0 0
27088 111 0 0
27462 99 0 0
27321 61 0 0
27235 54 0 0
27273 109 0 0
27186 92 1 1
27457 46 0 0
27049 75 0 0
27273 121 0 0
27130 189 0 0
27110 134 0 0
27462 117 0 0
27412 89 0 0
27941 301 0 0
27356 119 0 0
27026 114 0 0
27252 182 0 0
27270 333 0 0
27440 111 0 0
27605 132 0 0
27392 156 0 0
27477 91 1 1
27361 29 0 0
26791 206 0 0
27087 199 0 0
27266 275 0 0
27341 164 0 0
27100 239 0 0
27229 173 0 0
27230 42 0 0
27037 353 0 0
27171 98 0 0
27517 20 2 2
27416 73 0 0
27346 43 0 0
27190 88 0 0
27073 72 0 0
27311 0 0 0
27262 21 0 0
26979 67 0 0
27504 39 0 0
27434 122 0 0
27156 0 0 0
27489 32 0 0
27373 18 0 0
27322 46 0 0
27027 26 1 1
27573 90 1 1
27179 72 0 0
27432 131 0 0
27194 121 0 0
27428 83 0 0
27350 31 0 0
27470 53 0 0
27303 97 0 0
27514 70 0 0
27384 60 0 0
27250 140 0 0
27015 0 0 0
27571 5 0 0
27391 6 0 0
27502 115 0 0
26994 236 1 1
26953 243 0 0
27179 243 0 0
27219 132 0 0
27520 5 0 0
27438 44 1 1
27420 223 0 0
27224 131 0 0
27329 226 0 0
27135 207 0 0
27161 108 0 0
27266 77 0 0
27404 99 0 0
27647 0 1 1
27444 21 0 0
27265 8 0 0
27161 88 0 0
27066 71 0 0
27275 91 0 0
27335 46 0 0
28156 18 0 0
27894 117 0 0
27304 19 0 0
27393 36 0 0
27098 199 0 0
26776 190 0 0
27376 60 0 0
27453 58 0 0
27360 149 1 1
27361 69 0 0
27083 109 0 0
27088 142 0 0
27153 236 0 0
27249 206 1 1
27320 158 0 0
27048 76 0 0
27387 46 0 0
27194 42 0 0
27378 0 0 0
27438 17 0 0
27167 49 0 0
27218 35 0 0
27010 119 0 0
27116 62 0 0
27149 85 1 1
27279 34 0 0
27403 0 0 0
27459 30 0 0
27184 49 0 0
27012 58 0 0
27127 101 0 0
27211 86 0 0
27240 35 1 1
27428 0 0 0
27451 0 0 0
27432 0 0 0
27389 55 0 0
27264 98 0 0
27339 67 1 1
27617 103 0 0
27334 2 0 0
27360 11 0 0
27118 66 0 0
27510 127 0 0
27320 97 0 0
27363 54 0 0
27220 157 0 0
27171 85 0 0
27245 73 0 0
27553 0 0 0
27179 18 0 0
27222 73 1 1
27413 58 0 0
27170 123 0 0
27312 65 0 0
27469 119 0 0
27591 9 0 0
27262 0 0 0
27551 77 0 0
27158 136 1 1
26705 338 0 0
27318 35 0 0
27377 54 0 0
27178 31 7 7
27117 10 0 0
27450 88 0 0
26949 179 0 0
27060 188 1 1
27127 169 0 0
27410 99 0 0
27322 35 0 0
27234 113 0 0
27512 111 0 0
27432 129 0 0
26920 99 0 0
27781 71 0 0
27066 71 0 0
27414 173 1 1
27478 35 0 0
26966 78 0 0
27123 71 0 0
27141 43 0 0
26684 579 1 1
27174 14 0 0
27280 173 0 0
27398 49 0 0
27231 107 0 0
27314 122 0 0
27368 47 0 0
27589 57 0 0
27468 47 0 0
27049 99 1 1
27407 54 0 0
27221 48 0 0
27177 90 0 0
27029 65 0 0
27200 48 0 0
27245 186 0 0
27259 88 0 0
27079 53 0 0
27731 25 0 0
27479 0 0 0
27605 20 0 0
27428 45 1 1
27422 96 0 0
27272 69 0 0
27399 108 0 0
27435 93 0 0
27211 58 1 1
27144 39 0 0
27590 0 0 0
27463 48 0 0
27382 84 0 0
27011 512 1 1
27453 16 0 0
27664 99 0 0
27581 35 0 0
27350 45 0 0
27754 67 0 0
27466 0 0 0
27421 13 0 0
27502 135 0 0
27274 133 0 0
27481 103 0 0
27513 54 0 0
27340 75 0 0
27599 3 0 0
27237 69 1 1
27339 6 0 0
27756 0 0 0
27530 44 0 0
26763 456 0 0
27401 28 0 0
26976 152 0 0
27375 88 0 0
27924 76 1 1
27751 32 0 0
27459 58 0 0
28000 21 0 0
27064 72 1 1
27448 44 0 0
27414 18 0 0
27142 0 0 0
27611 0 0 0
27072 42 0 0
27150 177 0 0
27209 175 0 0
27148 127 0 0
27051 61 0 0
27393 38 0 0
27413 64 0 0
27080 268 0 0
27502 109 0 0
27162 63 0 0
27256 103 0 0
27423 63 0 0
27307 2 0 0
27142 48 0 0
27412 44 0 0
27447 22 0 0
27574 103 1 1
27306 82 1 1
27511 41 0 0
27383 48 0 0
26674 398 0 0
27401 39 0 0
27163 5 0 0
27178 0 0 0
27089 108 0 0
27165 93 0 0
27050 13 0 0
27321 49 0 0
27631 6 0 0
27248 6 0 0
27263 59 0 0
27760 86 0 0
27692 33 0 0
27313 28 0 0
