27763 0 0 0
27991 0 0 0
27600 196 0 0
27822 110 1 1
27693 317 0 0
27654 132 0 0
27664 63 0 0
27835 21 0 0
27778 0 0 0
28063 131 0 0
27450 40 0 0
27722 47 0 0
27926 37 0 0
27673 15 0 0
27446 365 0 0
27741 0 0 0
27549 24 0 0
27991 35 0 0
28050 61 0 0
27826 8 0 0
27455 126 1 1
27683 36 0 0
27833 0 0 0
28003 0 1 1
27857 34 0 0
27895 94 0 0
27746 140 0 0
27914 91 0 0
27618 76 0 0
28029 50 0 0
28113 22 0 0
27756 0 0 0
27953 16 0 0
27999 110 0 0
27856 65 0 0
27863 29 0 0
27762 101 0 0
28039 7 0 0
27971 7 0 0
28049 0 0 0
28221 2 1 1
27497 10 0 0
27616 139 0 0
28025 76 1 1
27557 45 0 0
27464 26 0 0
27772 43 0 0
27662 41 0 0
27998 46 0 0
27380 78 0 0
27709 146 0 0
27821 26 0 0
27662 0 1 1
27751 34 0 0
27997 0 0 0
27736 0 0 0
27749 157 0 0
27335 303 0 0
27714 296 1 1
27762 108 1 1
27518 55 0 0
27827 9 0 0
27485 0 0 0
27922 132 0 0
27895 119 0 0
27699 156 0 0
27517 300 0 0
27654 109 0 0
27575 21 0 0
27792 196 0 0
27791 13 0 0
27577 0 0 0
28215 93 0 0
27655 160 0 0
27700 47 0 0
28352 116 0 0
27964 0 0 0
27781 11 0 0
27808 0 0 0
27923 59 0 0
27898 134 0 0
27800 80 0 0
27846 10 0 0
27796 69 0 0
27356 176 0 0
27569 38 0 0
27792 1 0 0
27793 58 0 0
27543 98 0 0
27684 142 0 0
27601 127 0 0
27607 89 0 0
27962 6 0 0
27870 32 0 0
27728 50 0 0
27920 51 0 0
27994 62 0 0
27432 156 0 0
27746 56 0 0
27963 101 0 0
27873 13 0 0
27971 60 0 0
27922 65 0 0
28026 11 0 0
28145 37 0 0
27737 119 1 1
27627 150 0 0
27691 61 0 0
27723 12 0 0
27896 0 0 0
27791 143 0 0
27896 210 0 0
27782 174 0 0
27804 189 0 0
27862 6 0 0
28083 86 1 1
27518 17 0 0
27699 0 0 0
28100 120 0 0
27514 164 0 0
27841 140 0 0
27740 150 0 0
27954 18 0 0
27774 111 0 0
27875 23 0 0
27896 52 0 0
27955 40 2 2
28025 60 0 0
27791 155 0 0
27941 130 0 0
27727 39 0 0
28063 22 0 0
28042 46 0 0
28237 6 0 0
27796 48 0 0
27920 53 0 0
27533 95 0 0
27874 44 0 0
27890 2 0 0
27692 38 0 0
27841 2 1 1
27919 124 0 0
27863 173 0 0
27497 219 0 0
27450 137 0 0
27762 54 0 0
27901 59 0 0
27678 37 0 0
27713 0 0 0
27671 123 0 0
27802 216 0 0
27691 207 0 0
27676 89 1 1
27680 84 1 1
27660 99 0 0
27800 0 0 0
27612 120 0 0
27642 202 0 0
27228 286 0 0
27802 183 0 0
27740 118 0 0
27879 15 0 0
27738 34 1 1
27938 32 0 0
27554 375 1 1
27566 79 0 0
27870 120 0 0
27976 74 0 0
27596 36 0 0
27734 10 0 0
28398 29 0 0
27253 100 0 0
28022 105 0 0
28192 0 0 0
27870 56 0 0
27598 98 0 0
28199 14 0 0
27818 18 0 0
27856 33 0 0
28042 31 0 0
28352 77 0 0
27470 56 0 0
27758 8 1 1
27616 98 0 0
27970 27 0 0
27667 40 0 0
27350 168 0 0
27828 33 0 0
27719 64 0 0
27706 82 0 0
27585 131 0 0
27883 32 0 0
27729 125 0 0
27828 113 0 0
27710 85 1 1
27753 27 0 0
27793 192 0 0
27906 98 0 0
27567 41 0 0
27606 0 0 0
27756 6 0 0
27983 29 0 0
27835 87 0 0
27666 118 0 0
27840 59 1 1
27611 254 0 0
28129 11 0 0
27765 106 1 1
27754 135 0 0
27888 29 0 0
27869 134 0 0
27970 34 1 1
27798 81 0 0
27665 35 0 0
27775 103 0 0
27892 4 0 0
27866 44 0 0
27692 113 0 0
27979 41 0 0
27225 336 0 0
27581 32 0 0
27625 66 0 0
27944 145 0 0
28001 38 0 0
28112 39 0 0
27912 7 0 0
28053 62 0 0
27754 37 0 0
27462 59 0 0
27908 113 0 0
27789 43 0 0
28107 49 0 0
28044 28 0 0
27889 0 0 0
27486 44 0 0
28066 33 0 0
27892 52 1 1
28136 80 0 0
27694 71 0 0
27557 16 0 0
27597 52 0 0
26404 1081 0 0
27603 48 0 0
27709 52 0 0
27986 59 0 0
27518 64 0 0
27551 44 0 0
27844 0 0 0
27981 0 1 1
27726 24 0 0
27959 49 0 0
27300 83 0 0
27505 83 0 0
28142 57 0 0
28090 31 0 0
28184 11 0 0
27670 207 0 0
27795 181 0 0
27996 39 0 0
28340 54 0 0
27595 60 0 0
27423 114 0 0
27707 36 0 0
27535 49 0 0
27928 0 0 0
27798 81 1 1
27898 128 0 0
27707 93 0 0
27962 101 0 0
28074 90 0 0
28045 3 0 0
27815 8 0 0
28000 55 1 1
27905 44 0 0
27572 184 0 0
27663 122 0 0
27868 113 0 0
27826 5 0 0
27723 29 1 1
27945 68 0 0
27459 16 0 0
27288 205 1 1
27944 148 0 0
28742 41 0 0
27750 68 1 1
27893 128 0 0
27962 26 0 0
27897 0 0 0
27951 74 0 0
27765 241 0 0
27994 219 0 0
27924 167 0 0
27757 182 0 0
27807 10 0 0
28196 7 0 0
27796 0 0 0
27712 40 0 0
27448 195 0 0
27476 214 0 0
27379 174 1 1
27987 31 0 0
27825 24 0 0
27755 12 1 1
27531 19 0 0
27949 0 0 0
27936 87 0 0
27738 28 0 0
27741 73 0 0
28005 180 0 0
28512 18 0 0
27766 39 0 0
28007 9 0 0
27738 49 0 0
28020 78 0 0
27741 54 4 4
27943 55 0 0
27848 37 0 0
27871 23 1 1
27782 37 0 0
27602 19 0 0
28038 3 0 0
27918 47 0 0
28125 136 1 1
27847 88 0 0
27431 103 0 0
27856 31 0 0
27589 39 0 0
27910 28 0 0
27864 0 0 0
27507 110 0 0
27714 49 0 0
27789 100 0 0
27880 102 0 0
28158 29 0 0
27940 45 0 0
27588 31 0 0
27828 86 0 0
27984 46 0 0
27797 118 0 0
27578 9 0 0
28118 60 0 0
27869 3 0 0
28010 0 0 0
27859 18 0 0
27504 155 0 0
27313 155 0 0
27557 151 0 0
27955 44 0 0
27868 22 0 0
28129 1 0 0
28177 0 0 0
27627 35 0 0
28084 128 0 0
27827 185 0 0
27703 188 0 0
27920 18 0 0
27662 19 0 0
27768 47 0 0
28014 5 0 0
27987 19 0 0
27884 48 0 0
27533 54 0 0
27621 95 1 1
27893 30 0 0
27741 0 0 0
27796 0 0 0
28604 23 0 0
27682 8 0 0
27991 18 0 0
27785 72 6 6
27923 23 0 0
28115 4 0 0
27827 39 1 1
27954 36 0 0
27696 0 0 0
27793 15 1 1
27837 3 0 0
27632 74 0 0
27863 5 0 0
27732 150 0 0
28053 0 0 0
27697 0 0 0
27709 35 0 0
28267 58 1 1
27928 81 1 1
28207 118 0 0
27633 152 0 0
27599 16 1 1
27861 62 0 0
27870 0 1 1
27475 233 0 0
27430 239 3 3
28045 209 0 0
27509 272 0 0
27715 58 0 0
28022 185 0 0
27917 31 0 0
27702 201 0 0
27653 227 0 0
28012 72 0 0
28042 119 1 1
27616 149 0 0
27811 113 0 0
27700 47 0 0
27725 100 0 0
27874 77 0 0
28165 60 0 0
27785 85 3 3
27687 214 0 0
27783 103 0 0
27875 27 0 0
27774 78 0 0
28124 49 0 0
27936 172 0 0
27248 212 0 0
27442 145 0 0
27651 49 0 0
27790 108 0 0
28033 104 1 1
27726 91 0 0
27851 68 6 6
27613 246 0 0
27520 187 0 0
27900 151 0 0
27743 72 0 0
27663 66 0 0
27973 52 0 0
27966 43 0 0
27775 96 0 0
27443 235 0 0
27445 106 0 0
27686 81 0 0
27799 40 0 0
28126 9 0 0
27356 142 0 0
27789 93 0 0
27527 77 0 0
27991 62 0 0
27525 114 0 0
27851 135 0 0
27631 72 0 0
27850 67 0 0
27742 340 0 0
27801 4 0 0
28019 169 0 0
27727 281 1 1
27691 162 0 0
27863 92 0 0
27947 65 1 1
28091 27 0 0
27735 47 0 0
27703 103 0 0
27806 199 0 0
27066 473 0 0
27671 34 0 0
27851 73 0 0
27409 18 0 0
28029 40 0 0
27937 12 0 0
28405 63 1 1
27726 41 0 0
27998 153 0 0
27710 44 0 0
27768 17 0 0
27979 74 0 0
27753 8 0 0
27851 20 0 0
27696 35 0 0
27689 48 0 0
27864 36 0 0
27770 123 0 0
27782 65 0 0
27943 37 0 0
27984 53 0 0
27559 53 0 0
27955 27 0 0
28195 75 0 0
27711 73 0 0
27621 181 0 0
27975 56 0 0
27375 155 0 0
27764 12 0 0
28048 205 0 0
27699 250 0 0
28003 167 0 0
27580 153 0 0
27592 140 0 0
27939 128 0 0
27827 80 0 0
27843 66 1 1
27240 189 0 0
27753 242 0 0
27698 150 0 0
27789 240 0 0
27972 36 0 0
27937 57 1 1
27744 105 0 0
27777 40 0 0
27690 54 1 1
28022 36 1 1
27660 66 0 0
27649 42 0 0
27617 36 0 0
27899 106 0 0
27631 33 0 0
27996 45 0 0
27675 69 0 0
27828 15 0 0
27853 162 1 1
28123 91 0 0
27897 56 0 0
28099 32 0 0
27861 59 0 0
27852 4 0 0
27922 113 0 0
28086 57 0 0
27625 29 0 0
28341 93 0 0
28166 206 0 0
27860 279 0 0
27789 26 0 0
27809 22 0 0
27779 305 0 0
27649 22 0 0
27680 115 0 0
28005 134 1 1
27839 110 0 0
27750 36 0 0
28153 36 0 0
27914 211 0 0
27624 113 0 0
27946 39 0 0
28136 47 0 0
27878 83 0 0
27888 124 0 0
27918 31 0 0
27745 31 0 0
28029 66 0 0
27833 82 0 0
27721 61 0 0
27669 54 0 0
27868 41 1 1
28192 58 3 3
28037 85 0 0
27676 103 1 1
27872 18 0 0
27851 57 0 0
27763 41 0 0
27854 102 0 0
27707 90 0 0
28000 29 0 0
27802 173 0 0
27775 107 0 0
27744 93 0 0
27918 96 0 0
27804 168 0 0
27753 28 0 0
27932 97 0 0
27958 75 0 0
27672 24 0 0
27937 143 0 0
27790 170 0 0
27862 147 0 0
27777 193 0 0
27715 21 0 0
27521 52 1 1
27701 30 0 0
27656 33 1 1
27855 126 0 0
27888 21 0 0
28173 35 0 0
28242 7 0 0
28043 25 0 0
27838 48 0 0
28043 150 0 0
27969 32 0 0
27436 95 0 0
27787 75 0 0
27506 241 1 1
27778 89 0 0
27935 20 0 0
27819 80 1 1
27633 37 0 0
27798 28 0 0
27839 30 0 0
27388 84 0 0
27965 186 0 0
27829 45 0 0
27824 68 0 0
27713 122 0 0
27897 82 0 0
27497 30 0 0
27569 95 0 0
27516 46 0 0
28428 84 0 0
27644 63 0 0
28113 75 0 0
27838 45 0 0
27637 30 0 0
28008 174 1 1
28248 48 1 1
29066 67 0 0
28164 14 0 0
27671 42 0 0
27652 74 0 0
27697 107 0 0
27482 176 0 0
27742 69 0 0
27919 106 0 0
28068 174 0 0
28047 77 0 0
27848 51 0 0
27710 54 0 0
27938 28 0 0
28035 27 0 0
27937 70 0 0
27791 89 0 0
27674 141 0 0
27583 119 0 0
28007 88 0 0
27924 31 0 0
28009 27 0 0
27695 28 0 0
27642 57 0 0
27754 89 0 0
27642 136 0 0
27840 123 1 1
27966 82 0 0
27656 58 1 1
27692 190 0 0
28192 30 0 0
28244 0 0 0
27909 273 0 0
27986 25 0 0
28075 0 1 1
27886 27 0 0
28085 46 0 0
27817 88 0 0
27914 0 0 0
28327 30 1 1
28226 88 0 0
27830 122 0 0
27940 49 0 0
27881 23 0 0
27819 7 0 0
27810 91 0 0
27635 73 0 0
28087 96 0 0
27909 16 0 0
27921 85 0 0
28129 73 0 0
28062 2 0 0
27780 27 0 0
27953 0 0 0
28092 5 1 1
28132 86 0 0
27778 21 1 1
27569 96 0 0
27806 53 0 0
27799 15 0 0
27679 48 0 0
28007 85 0 0
27686 83 0 0
27890 8 1 1
27820 65 0 0
28292 26 0 0
28062 34 0 0
27936 2 0 0
28102 59 0 0
27730 103 0 0
28160 60 0 0
27767 235 0 0
27557 111 0 0
27452 89 1 1
28098 17 0 0
27482 41 0 0
28078 84 0 0
27923 155 1 1
27538 228 0 0
27379 287 0 0
27895 97 0 0
27847 28 0 0
28196 69 0 0
28000 22 0 0
28061 38 1 1
27793 177 0 0
27547 260 0 0
27765 216 0 0
27854 143 0 0
27589 108 1 1
27591 11 1 1
28159 0 0 0
27875 174 0 0
27490 232 0 0
27629 207 0 0
27661 325 0 0
27830 49 0 0
28065 20 0 0
27648 0 0 0
27674 20 0 0
27806 164 0 0
27939 256 0 0
27566 117 1 1
27920 70 0 0
27979 4 0 0
27906 34 0 0
27579 34 0 0
27916 44 0 0
27684 52 0 0
27926 79 1 1
27732 123 0 0
28044 263 0 0
27622 81 0 0
28012 41 0 0
27846 36 0 0
27662 266 0 0
27663 136 0 0
27871 164 0 0
27388 285 0 0
27942 122 0 0
27799 48 0 0
27682 98 0 0
27688 44 0 0
27986 207 0 0
27544 255 0 0
27468 227 1 1
27124 811 0 0
27948 128 0 0
27691 83 0 0
27584 48 0 0
28090 48 0 0
28005 73 0 0
28093 76 0 0
27704 127 0 0
27820 205 0 0
28082 149 0 0
27695 82 0 0
27858 78 1 1
27952 35 0 0
27695 38 0 0
27573 112 0 0
27983 100 0 0
27847 56 0 0
27752 55 0 0
27819 106 2 2
27645 85 0 0
27995 43 0 0
27492 118 0 0
27728 120 0 0
27673 191 0 0
27609 131 0 0
28052 115 0 0
27999 91 0 0
28972 297 0 0
27904 108 0 0
27575 114 0 0
27682 183 0 0
27860 342 0 0
27956 106 0 0
28156 129 0 0
27978 123 0 0
28018 88 0 0
27588 173 0 0
27303 203 0 0
27638 189 0 0
27797 272 0 0
27866 182 0 0
27598 233 1 1
28146 172 0 0
27718 67 0 0
27495 344 0 0
27748 81 0 0
28024 19 0 0
27927 78 0 0
27874 47 0 0
27635 89 0 0
27579 76 0 0
27816 0 0 0
27812 19 0 0
27489 64 0 0
27980 38 1 1
28051 110 0 0
27733 0 0 0
28038 35 0 0
27918 19 0 0
27892 41 1 1
27603 26 0 0
28136 86 0 0
27662 75 1 1
27906 103 1 1
27786 113 0 0
27851 72 0 0
27843 32 0 0
28015 50 0 0
27752 105 0 0
28075 74 1 1
27934 67 0 0
27817 130 1 1
27484 0 1 1
28275 4 0 0
27973 3 0 0
28007 116 0 0
27573 236 0 0
27551 236 0 0
27727 257 7 7
27679 127 0 0
27995 8 0 0
28038 45 0 0
27995 226 0 0
27736 122 0 0
27879 218 0 0
27651 209 1 1
27739 102 0 0
27758 77 0 0
27952 105 0 0
28196 0 0 0
27941 19 0 0
27691 5 1 1
27629 91 0 0
27606 73 0 0
27805 89 0 0
27778 46 0 0
29085 16 0 0
28506 125 1 1
27738 18 0 0
27773 39 0 0
27596 203 0 0
27307 191 0 0
27880 68 0 0
27965 62 0 0
27887 133 0 0
27918 67 0 0
27662 111 0 0
27535 143 1 1
27672 241 0 0
27798 205 0 0
27940 147 0 0
27513 80 0 0
27878 47 0 0
27657 34 0 0
27771 0 0 0
27929 16 6 6
27666 57 0 0
27650 38 0 0
27558 120 0 0
27710 58 0 0
27651 77 1 1
27804 21 0 0
27944 2 0 0
27946 0 0 0
27731 45 1 1
27486 64 0 0
27505 96 0 0
27798 83 0 0
27702 37 0 0
27953 0 0 0
28018 0 0 0
27934 0 0 0
27833 54 0 0
27790 97 0 0
27821 80 0 0
28141 97 0 0
27856 3 0 0
27874 21 0 0
27614 62 0 0
27982 128 0 0
27847 101 0 0
27873 50 0 0
27772 152 0 0
27601 91 0 0
27761 72 0 0
28102 0 0 0
27679 22 0 0
27717 80 0 0
27867 66 0 0
27623 166 0 0
27662 72 0 0
27919 120 0 0
28086 7 0 0
27768 0 0 0
28145 71 0 0
27634 128 1 1
27238 326 0 0
27885 32 0 0
27865 52 0 0
27645 35 0 0
27583 12 0 0
27936 110 0 0
27422 172 0 0
27585 184 0 0
27693 169 2 2
27914 102 0 0
27773 34 0 0
27722 111 0 0
28030 106 0 0
27949 129 1 1
27364 130 0 0
28280 74 0 0
27609 70 1 1
27945 171 0 0
28100 37 0 0
27503 74 0 0
27666 74 0 0
27764 42 1 1
27200 578 1 1
27728 13 0 0
27760 203 0 0
27919 47 1 1
27683 156 0 0
27783 130 0 0
27863 46 0 0
28178 55 0 0
28109 47 0 0
27536 108 0 0
27886 58 0 0
27662 44 0 0
27706 89 0 0
27527 59 0 0
27726 47 0 0
27753 149 0 0
27851 84 0 0
27593 48 1 1
28226 29 0 0
27957 0 0 0
28127 20 0 0
27935 46 0 0
27965 46 0 0
27888 69 0 0
27800 105 0 0
27937 99 0 0
27757 63 0 0
27586 42 0 0
28011 0 0 0
28006 49 0 0
27830 94 0 0
27488 527 0 0
27997 23 0 0
28264 96 0 0
28077 39 0 0
27797 43 1 1
28422 50 1 1
27992 0 1 1
27891 13 0 0
28011 134 1 1
27753 141 0 0
27984 99 0 0
28092 53 0 0
27828 79 0 0
28148 3 0 0
27757 75 0 0
27857 7 0 0
28247 0 0 0
28060 43 0 0
27240 455 0 0
27909 40 0 0
27477 142 0 0
27893 47 0 0
28415 72 0 0
28302 34 1 1
28006 61 1 1
28525 28 0 0
27652 73 4 4
27994 41 0 0
27964 16 0 0
27666 0 0 0
28052 0 0 0
27588 33 0 0
27657 159 1 1
27684 159 0 0
27629 130 0 0
27542 61 0 0
27932 34 0 0
27841 50 0 0
27592 258 1 1
28357 92 0 0
27701 59 0 0
27819 95 0 0
27904 68 1 1
27806 3 0 0
27711 49 0 0
27958 42 0 0
27935 25 0 0
28168 97 0 0
27977 81 0 0
27972 46 0 0
27915 50 1 1
27226 398 0 0
27930 36 0 0
27733 5 0 0
27679 0 0 0
27638 115 0 0
27672 90 0 0
27638 14 0 0
27846 48 0 0
28114 6 0 0
27787 9 0 0
27828 58 1 1
28353 84 0 0
28196 64 0 0
27831 33 0 0
