129464
190923
252367
313931
375395
436914
498401
559791
621263
682690
744217
805645
867131
928526
989920
1051387
1112864
1174481
1235864
1297281
1358761
1420166
1481637
1543076
1604527
1666132
1727607
1789031
1850526
1911941
1973523
2034966
2096460
2157907
2219321
2280812
2342307
2403857
2465285
2526702
2588215
2649705
2711089
2772515
2833968
2895439
2956948
3018456
3079896
3141386
3202935
3264362
3325828
3387235
3448706
3510124
3571597
3633119
3694614
3756259
3817746
3879286
3940749
4002267
4063787
4125320
4186740
4248153
4309647
4371074
4432654
4494113
4555527
4617064
4678547
4740011
4801477
4862970
4924481
4986013
5047441
5108892
5170282
5231835
5293230
5354646
5416259
5477685
5539131
5600571
5662032
5723466
5784873
5846414
5908037
5969501
6030886
6092316
6153706
6215166
6276621
6338013
6399504
6461339
6522572
6583979
6645437
6706936
6768348
6829798
6891315
6952773
7014236
7075709
7137228
7198612
7260025
7321647
7383087
7444591
7506000
7567605
7629287
7690693
7752201
7813531
7875095
7936518
7997980
8059405
8120830
8182291
8243800
8305259
8366724
8428195
8489722
8551199
8612706
8674142
8735539
8797079
8858561
8919998
8981419
9042901
9104354
9165786
9227325
9288892
9350447
9411842
9473247
9534686
9596096
9657568
9719007
9780401
9841860
9903311
9964726
10026184
10087605
10149061
10210514
10272017
10333477
10394902
10456345
10517801
10579284
10640682
10702128
10763554
10824986
10886551
10947982
11009461
11070996
11132348
11193813
11255252
11316715
11378130
11439633
11501101
11562572
11624000
11685461
11746935
11808378
11869881
11931436
11992861
12054422
12115842
12177359
12238775
12300295
12361699
12423240
12484583
12546025
12607499
12669018
12730456
12791978
12853425
12914822
12976373
13037959
13099412
13161129
13222518
13283939
13345325
13406765
13468165
13529741
13591092
13652544
13713966
13775375
13836872
13898285
13959748
14021265
14082745
14144153
14205577
14267045
14328514
14389993
14451440
14512970
14574411
14635825
14697340
14758763
14820233
14881651
14943072
15004521
15065947
15127387
15188908
15250418
15311907
15373369
15434769
15496192
15557644
15619099
15680557
15742034
15803543
15864987
15926373
15987779
16049227
16110699
16172212
16233714
16295144
16356609
16418047
16479482
16540930
16602351
16663748
16725180
16786657
16848070
16909513
16970942
17032389
17093810
17155441
17216824
17278286
17339749
17401186
17462634
17524102
17585600
17647066
17708498
17770009
17831513
17892996
17954421
18015989
18077404
18138825
18200419
18261860
18323290
18384722
18446121
18507550
18569055
18630465
18691872
18753481
18814883
18876343
18937773
18999274
19060672
19122098
19183788
19245275
19306698
19368226
19429648
19491152
19552664
19614136
19675630
19737038
19798485
19859927
19921445
19982912
20044309
20105903
20167340
20228770
20290168
20351670
20413162
20474601
20536021
20597562
20658964
20720399
20781883
20843359
20904790
20966270
21027682
21089137
21150681
21212095
21273525
21334956
21396363
21457828
21519250
21580694
21642144
21703589
21765048
21826500
21887995
21949446
22010884
22072291
22133665
22195133
22256554
22318071
22379480
22440933
22502356
22563804
22625258
22686724
22748181
22809620
22871108
22932549
22994012
23055569
23117020
23178537
23239992
23301402
23362909
23424318
23485722
23547246
23608672
23670156
23731620
23793072
23854519
23915909
23977368
24038895
24100374
24161809
24223274
24284759
24346267
24407681
24469145
24530608
24592046
24653544
24715015
24776414
24837809
24899478
24961005
25022443
25083870
25145322
25206745
25268143
25329548
25390976
25452419
25513926
25575351
25636863
25698249
25759781
25821339
25882759
25944221
26005615
26067017
26128484
26189942
26251393
26312829
26374302
26435812
26497407
26558845
26620244
26681702
26743144
26804576
26866065
26927505
26988992
27050635
27112138
27173579
27235093
27296488
27357990
27419430
27480886
27542440
27603858
27665379
27726799
27788261
27849723
27911151
27972616
28034015
28095493
28156894
28218388
28279827
28341425
28402818
28464339
28525815
28587298
28648756
28710153
28771569
28833005
28894451
28955838
29017278
29078739
29140158
29201639
29263066
29324637
29386112
29447565
29509002
29570426
29631850
29693250
29754714
29816152
29877590
29939047
30000605
30062042
30123609
30185094
30246567
30308134
30369601
30431036
30492515
30553944
30615409
30676833
30738248
30799678
30861091
30922594
30984036
31045492
31106934
31168358
31229812
31291228
31352647
31414042
31475498
31536866
31598466
31659792
31721243
31782651
31844124
31905546
31967008
32028465
32089879
32151330
32212822
32274262
32335747
32397289
32458703
32520203
32581660
32643082
32704506
32765999
32827484
32888896
32950332
33011779
33073179
33134578
33195968
33257400
33318845
33380255
33441677
33503118
33564539
33626089
33687597
33749029
33810450
33871852
33933328
33994756
34056165
34117574
34179053
34240460
34301875
34363280
34424688
34486144
34547536
34609104
34670533
34731996
34793443
34854886
34916343
34977785
35039227
35100684
35162087
35223539
35284990
35346416
35407853
35469277
35530740
35592189
35653702
35715150
35776622
35838096
35899531
35960968
36022352
36083752
36145144
36206645
36268047
36329490
36390915
36452409
36513808
36575217
36636644
36698109
36759649
36821080
36882526
36943926
37005334
37066900
37128297
37189720
37251123
37312616
37373936
37435321
37496720
37558115
37619509
37681016
37742439
37803934
37865360
37926778
37988185
38049693
38111132
38172565
38233952
38295339
38356753
38418225
38479687
38541161
38602634
38664129
38725556
38786968
38848384
38909788
38971431
39032770
39094244
39155625
39217086
39278543
39340002
39401453
39462910
39524574
39585943
39647365
39708823
39770265
39831696
39893163
39954571
40016079
40077446
40138860
40200219
40261743
40323199
40384599
40446044
40507482
40568881
40630329
40691728
40753210
40814646
40876122
40937618
40999034
41060461
41121874
41183268
41244872
41306386
41367820
41429280
41490724
41552136
41613554
41674953
41736428
41797886
41859298
41920764
41982161
42043622
42105193
42166599
42228035
42289432
42350839
42412242
42473735
42535209
42596880
42658458
42719872
42781302
42842769
42904190
42965673
43027066
43088615
43149995
43211522
43272928
43334391
43395797
43457258
43518615
43580018
43641472
43702934
43764338
43825822
43887326
43948780
44010162
44071606
44133020
44194470
44255930
44317343
44378766
44440179
44501598
44562997
44624389
44685898
44747363
44808967
44870254
44931663
44993044
45054504
45115965
45177389
45238815
45300261
45361908
45423188
45484601
45546048
45607481
45668896
45730331
45791764
45853177
45914627
45976051
46037442
46098857
46160308
46221743
46283192
46344653
46406051
46467457
46528864
46590406
46651886
46713330
46774725
46836207
46897597
46959077
47020469
47081935
47143353
47204773
47266262
47327653
47389077
47450515
47511911
47573416
47634827
47696220
47757634
47819198
47880721
47942107
48003494
48064905
48126310
48187826
48249323
48310742
48372142
48433614
48494954
48556513
48618023
48679423
48740869
48802276
48863674
48925105
48986596
49048004
49109548
49170965
49232379
49293790
49355204
49416708
49478161
49539564
49600956
49662395
49723832
49785225
49846614
49908082
49969507
50030944
50092380
50153809
50215302
50276794
50338278
50399716
50461151
50522637
50584057
50645487
50706904
50768315
50829784
50891189
50952583
51014039
51075485
51137089
51198473
51259893
51321471
51382967
51444411
51505874
51567279
51628691
51690114
51751530
51812984
51874408
51935832
51997287
52058730
52120190
52181635
52243069
52304473
52365948
52427369
52488911
52550317
52611721
52673131
52734550
52795962
52857449
52918933
52980398
53041799
53103202
53164711
53226100
53287562
53348988
53410422
53471815
53533245
53594690
53656111
53717612
53779068
53840542
53901987
53963384
54024791
54086242
54147636
54209033
54270526
54331917
54393328
54454793
54516187
54577650
54639042
54700446
54761855
54823309
54884775
54946200
55007623
55069062
55130510
55191917
55253410
55314989
55376409
55437943
55499385
55560765
55622203
55683652
55745074
55806506
55867923
55929369
55990842
56052291
56113754
56175199
56236618
56298041
56359499
56420996
56482446
56543843
56605241
56666639
56728065
56789545
56850932
56912354
56973764
57035220
57096669
57158035
57219458
57280881
57342381
57403787
57465187
57526654
57588155
57649565
57710956
57772391
57833817
57895243
57956681
58018136
58079574
58141042
58202437
58263958
58325407
58386846
58448287
58509696
58571148
58632547
58693948
58755398
58816866
58878272
58939787
59001224
59062625
59124025
59185476
59246880
59308349
59369736
59431152
59492617
59554084
59615497
59676901
59738339
59799795
59861360
59922859
59984271
60045694
60107089
60168485
60229938
60291344
60352844
60414190
60475581
60536976
60598451
60659891
60721305
60782789
60844157
60905554
60966972
61028521
61089881
61151313
61212694
61274065
61335489
61397060
61458446
61519887
