109901
171428
233089
294636
356173
417646
479167
540714
602255
663682
725138
786636
848465
909904
971442
1032930
1094461
1155886
1217361
1278741
1340450
1401931
1463412
1524994
1586489
1647978
1709457
1770946
1832364
1893880
1955323
2016789
2078237
2139680
2201255
2262702
2324161
2385682
2447092
2508542
2570002
2631418
2692890
2754310
2815761
2877210
2938610
3000115
3061630
3123220
3184647
3246075
3307613
3369065
3430575
3492025
3553440
3614880
3676295
3737717
3799112
3860560
3922042
3983445
4044996
4106463
4168001
4229498
4291018
4352388
4413974
4475406
4536816
4598415
4659862
4721420
4782760
4844192
4905821
4967343
5028751
5090225
5151694
5213122
5274539
5336028
5397555
5458959
5520419
5581835
5643288
5704691
5766206
5827813
5889260
5950759
6012219
6073708
6135181
6196597
6258098
6319579
6381039
6442506
6503910
6565406
6626869
6688385
6749808
6811237
6872670
6934129
6995623
7057037
7118532
7179961
7241389
7302797
7364347
7425750
7487218
7548718
7610202
7671573
7733154
7794577
7856026
7917465
7978896
8040341
8101809
8163369
8224833
8286267
8347861
8409249
8470740
8532162
8593673
8655068
8716571
8778012
8839438
8901005
8962412
9023909
9085480
9146869
9208416
9269865
9331293
9392796
9454245
9515689
9577164
9638607
9700086
9761548
9822983
9884422
9945923
10007338
10068815
10130310
10191773
10253252
10314653
10376100
10437632
10499170
10560724
10622172
10683675
10745154
10806622
10868026
10929443
10990859
11052273
11113689
11175282
11236798
11298322
11359722
11421186
11482590
11544043
11605463
11666915
11728488
11789957
11851348
11912789
11974199
12035618
12097048
12158540
12220059
12281447
12342869
12404339
12465771
12527281
12588760
12650179
12711713
12773166
12834575
12896181
12957584
13019100
13080516
13141966
13203397
13264961
13326545
13387999
13449487
13510981
13572444
13633945
13695373
13756821
13818298
13879732
13941195
14002723
14064130
14125551
14187010
14248517
14309923
14371518
14432908
14494432
14555842
14617280
14678717
14740249
14801659
14863134
14924654
14986086
15047556
15109074
15170605
15232132
15293562
15355027
15416469
15477878
15539347
15600759
15662183
15723602
15785017
15846630
15907980
15969417
16030838
16092299
16153740
16215194
16276693
16338181
16399635
16461177
16522645
16584105
16645521
16706948
16768369
16829901
16891222
16952777
17014214
17075763
17137230
17198658
17260160
17321587
17383052
17444564
17505976
17567502
17628938
17690361
17751791
17813219
17874652
17936099
17997577
18058982
18120512
18181912
18243371
18304818
18366295
18427893
18489405
18551022
18612483
18673957
18735418
18796910
18858342
18919903
18981388
19042955
19104367
19165865
19227301
19288802
19350250
19411695
19473162
19534568
19595994
19657440
19718929
19780399
19841851
19903259
19964685
20026159
20087637
20149041
20210517
20272058
20333551
20395015
20456530
20518020
20579595
20640989
20702544
20763954
20825457
20886961
20948387
21009915
21071468
21132868
21194506
21255890
21317300
21378751
21440213
21501630
21563111
21624575
21685992
21747491
21808909
21870355
21931763
21993212
22054726
22116122
22177628
22239063
22300498
22362030
22423465
22485036
22546461
22607908
22669364
22730816
22792324
22853904
22915329
22976797
23038208
23099606
23161055
23222458
23283891
23345359
23406803
23468220
23529768
23591104
23652515
23713945
23775348
23836823
23898252
23959812
24021308
24082704
24144193
24205660
24267110
24328547
24389995
24451462
24512889
24574303
24635704
24697193
24758640
24820114
24881579
24943063
25004503
25065894
25127372
25188860
25250216
25311659
25373068
25434569
25496074
25557537
25618988
25680509
25741968
25803439
25864929
25926338
25987754
26049281
26110738
26172173
26233627
26295075
26356571
26418036
26479442
26540874
26602326
26663768
26725196
26786628
26848125
26909541
26970895
27032451
27093995
27155524
27217080
27278579
27339983
27401436
27462938
27524394
27585876
27647321
27708759
27770325
27831842
27893206
27954670
28016111
28077626
28139026
28200441
28261986
28323411
28384894
28446337
28507789
28569205
28630641
28692057
28753465
28814890
28876338
28937882
28999336
29060743
29122264
29183666
29245142
29306561
29368050
29429426
29490898
29552278
29613865
29675298
29736830
29798387
29859865
29921270
29982667
30044089
30105502
30166975
30228307
30289721
30351218
30412648
30474100
30535530
30597003
30658419
30719864
30781312
30842772
30904202
30965622
31027046
31088473
31149914
31211361
31273022
31334390
31395825
31457250
31518692
31580240
31641710
31703162
31764565
31826054
31887472
31948970
32010374
32071993
32133663
32195116
32256628
32318205
32379600
32441058
32502481
32563925
32625345
32686864
32748346
32809764
32871278
32932847
32994338
33055857
33117314
33178864
33240511
33301861
33363280
33424746
33486234
33547750
33609182
33670630
33732049
33793491
33854897
33916357
33977772
34039193
34100631
34162157
34223603
34284993
34346410
34407878
34469548
34531023
34592493
34653919
34715329
34776761
34838183
34899702
34961179
35022594
35084010
35145435
35206814
35268259
35329738
35391162
35452622
35514112
35575535
35637022
35698513
35759927
35821327
35882790
35944186
36005768
36067372
36128727
36190114
36251561
36313010
36374410
36435934
36497365
36558841
36620239
36681647
36743169
36804613
36866040
36927460
36988870
37050347
37111773
37173257
37234666
37296090
37357646
37419056
37480557
37541948
37603339
37664762
37726195
37787591
37849009
37910496
37972065
38033415
38094845
38156327
38217751
38279192
38340638
38402080
38463497
38524919
38586365
38647801
38709235
38770680
38832195
38893609
38955125
39016600
39078008
39139516
39200958
39262448
39323874
39385289
39446700
39508200
39569526
39630961
39692407
39753840
39815290
39876705
39938151
39999614
40061091
40122531
40183924
40245311
40306768
40368243
40429653
40491132
40552567
40614125
40675522
40736984
40798415
40859823
40921326
40982727
41044116
41105508
41166961
41228399
41289795
41351204
41412642
41474072
41535511
41596963
41658328
41719869
41781298
41842701
41904141
41965620
42027111
42088486
42149890
42211362
42272799
42334289
42395738
42457176
42518612
42579993
42641455
42702925
42764334
42825767
42887176
42948743
43010185
43071684
43133186
43194540
43256073
43317615
43379087
43440505
43501901
43563355
43624837
43686296
43747759
43809201
43870755
43932079
43993499
44054984
44116381
44177812
44239229
44300649
44362139
44423614
44485249
44546759
44608288
44669731
44731267
44792871
44854218
44915649
44977085
45038531
45099998
45161459
45222942
45284342
45345782
45407160
45468581
45530084
45591487
45652965
45714398
45775810
45837226
45898730
45960172
46021582
46083040
46144455
46205858
46267294
46328943
46390374
46451813
46513443
46574810
46636276
46697694
46759080
46820498
46881973
46943365
47004828
47066244
47127727
47189172
47250609
47312038
47373468
47434891
47496269
47557750
47619176
47680631
47742042
47803562
47864978
47926396
47987790
48049255
48110660
48172098
48233496
48294927
48356402
48417965
48479391
48540836
48602236
48663670
48725114
48786557
48847974
48909408
48970904
49032341
49093742
49155155
49216598
49278061
49339421
49400854
49462364
49523814
49585385
49646749
49708121
49769608
49831053
49892463
49953890
50015295
50076714
50138207
50199628
50261121
50322563
50384000
50445399
50506923
50568486
50629892
50691410
50752846
50814249
50875650
50937059
50998612
51060010
51121450
51182861
51244373
51305808
51367255
51428688
51490228
51551597
51613089
51674548
51736024
51797456
51858901
51920482
51981947
52043384
52104810
52166216
52227647
52289100
52350535
52411943
52473374
52534766
52596234
52657671
52719247
52780575
52842013
52903412
52964897
53026220
53087630
53149076
53210548
53271984
53333461
53394930
53456350
53517773
53579260
53640796
53702259
53763607
53825093
53886472
53947860
54009343
54070757
54132159
54193615
54255044
54316457
54377882
54439287
54500704
54562132
54623556
54684979
54746373
54807902
54869329
54930747
54992235
55053698
55115196
55176706
55238149
55299647
55361067
55422514
55483903
55545364
55606800
55668290
55729735
55791161
55852616
55914094
55975567
56037072
56098473
56159929
56221374
56282795
56344227
56405707
56467151
56528592
56590052
56651448
56712859
56774433
56835808
56897249
56958664
57020095
57081518
57142932
57204411
57265874
57327331
57388746
57450241
57511718
57573106
57634569
57696026
57757439
57818889
57880305
57941840
58003201
58064584
58126087
58187428
58248857
58310235
58371714
58433192
58494664
58556053
58617477
58678918
58740392
58801805
58863244
58924689
58986117
59047514
59108942
59170360
59231801
59293202
59354590
59416033
59477448
59538878
59600329
59661728
59723227
59784720
59846159
59907589
59969069
60030380
60091822
60153268
60214731
60276204
60337627
60399030
60460467
60521903
60583297
60644738
60706149
60767653
60829145
60890616
60952020
61013449
61074944
61136450
61197841
61259295
61320705
61382159
61443596
61505101
