66722
128060
189417
250756
312103
373436
434765
496135
557504
618892
680236
741557
802910
864314
925735
987156
1048470
1109839
1171271
1232787
1294230
1355557
1416908
1478254
1539646
1601020
1662402
1723693
1785081
1846420
1907749
1969091
2030547
2091863
2153207
2214550
2275913
2337274
2398622
2459992
2521336
2582702
2644054
2705463
2766750
2828278
2889692
2951059
3012430
3073821
3135198
3196542
3257903
3319248
3380694
3442024
3503354
3564692
3626096
3687441
3748781
3810174
3871536
3932873
3994227
4055587
4116904
4178252
4239594
4300951
4362331
4423704
4485054
4546403
4607799
4669192
4730530
4791950
4853338
4914671
4976049
5037380
5098711
5160040
5221372
5282694
5344060
5405477
5466869
5528150
5589535
5650862
5712352
5773877
5835207
5896675
5958078
6019408
6080767
6142110
6203434
6264767
6326137
6387567
6448824
6510155
6571505
6632866
6694227
6755569
6816906
6878409
6939735
7001066
7062400
7123788
7185211
7246651
7308034
7369376
7430706
7492045
7553436
7614836
7676350
7737572
7798950
7860293
7921645
7983082
8044452
8105940
8167286
8228626
8289949
8351289
8412634
8473972
8535290
8596659
8657984
8719320
8780681
8842019
8903356
8964823
9026104
9087496
9148847
9210248
9271594
9332924
9394260
9455602
9516954
9578310
9639630
9700937
9762277
9823613
9884965
9946293
10007633
10068971
10130369
10191816
10253655
10314635
10375984
10437362
10498889
10560264
10621617
10682943
10744284
10805621
10866962
10928332
10989684
11051074
11112391
11173702
11235045
11296393
11357775
11419109
11480524
11541838
11603203
11664595
11725948
11787262
11848617
11909943
11971313
12032660
12093995
12155385
12216724
12278102
12339476
12401002
12462340
12523863
12585281
12646651
12708024
12769369
12830733
12892127
12953536
13014894
13076242
13137623
13198946
13260269
13321634
13382992
13444336
13505710
13567044
13628422
13689775
13751106
13812477
13873843
13935172
13996518
14057860
14119282
14180681
14242022
14303384
14364851
14426212
14487539
14548944
14610367
14671737
14733164
14794490
14855852
14917182
14978527
15039911
15101291
15162627
15224060
15285383
15346699
15408048
15469399
15530789
15592151
15653476
15714780
15776173
15837495
15898828
15960178
16021521
16082867
16144184
16205528
16266911
16328232
16389591
16450908
16512223
16573557
16634894
16696260
16757604
16818948
16880307
16941730
17003092
17064521
17125944
17187284
17248813
17310161
17371706
17433085
17494429
17555754
17617111
17678437
17739780
17801118
17862567
17923940
17985305
18046690
18108052
18169372
18230709
18292046
18353475
18414776
18476163
18537506
18598885
18660230
18721628
18782968
18844288
18905619
18966966
19028302
19089645
19151015
19212520
19273846
19335183
19396504
19457827
19519167
19580500
19641906
19703276
19764607
19825944
19887280
19948606
20010058
20071304
20132640
20193973
20255304
20316676
20378001
20439340
20500685
20562064
20623397
20684761
20746138
20807485
20868878
20930297
20991806
21053048
21114370
21175716
21237057
21298384
21359749
21421147
21482566
21543900
21605500
21666859
21728197
21789528
21850898
21912237
21973579
22034913
22096256
22157632
22219055
22280395
22341770
22403119
22464439
22525783
22587134
22648493
22709841
22771167
22832530
22893895
22955242
23016598
23078026
23139380
23200717
23262067
23323401
23384764
23446108
23507488
23568858
23630190
23691529
23752948
23814438
23875846
23937259
23998626
24059940
24121287
24182855
24244207
24306022
24367356
24428697
24490058
24551423
24612766
24674122
24735441
24796785
24858132
24919466
24980833
25042174
25103500
25164805
25226157
25287547
25348892
25410238
25471654
25533000
25594334
25655696
25717082
25778456
25839804
25901183
25962692
26024151
26085485
26146828
26208170
26269509
26330856
26392219
26453540
26514885
26576285
26637608
26698954
26760322
26821684
26883038
26944389
27005770
27067116
27128444
27189792
27251137
27312565
27373901
27435240
27496641
27557993
27619330
27680657
27742038
27803414
27864774
27926244
27987676
28049018
28110443
28171880
28233227
28294699
28356253
28417635
28479137
28540483
28602008
28663329
28724734
28786083
28847410
28908739
28970086
29031415
29092827
29154072
29215500
29276831
29338165
29399516
29460873
29522211
29583549
29644885
29706218
29767582
29828927
29890269
29951636
30012978
30074335
30135670
30197046
30258392
30319723
30381058
30442426
30503761
30565111
30626629
30687994
30749321
30810863
30872217
30933723
30995217
31056550
31117871
31179244
31240634
31301970
31363331
31424677
31486009
31547338
31608664
31670112
31731445
31792809
31854182
31915519
31976834
32038272
32099621
32160964
32222294
32283623
32344986
32406295
32467623
32528963
32590303
32651677
32713017
32774397
32835826
32897194
32958618
33020072
33081404
33142742
33204077
33265405
33326771
33388128
33449465
33510803
33572190
33633547
33694932
33756338
33817671
33879002
33940336
34001657
34063006
34124362
34185733
34247088
34308527
34369850
34431293
34492602
34553941
34615270
34676619
34738086
34799287
34860649
34922051
34983417
35044757
35106262
35167644
35229083
35290420
35351818
35413262
35474596
35535983
35597332
35658663
35720013
35781462
35842817
35904169
35965501
36026832
36088179
36149538
36210878
36272248
36333598
36394942
36456276
36517602
36578953
36640306
36701659
36763128
36824452
36885813
36947220
37008555
37069926
37131280
37192648
37254062
37315391
37376802
37438222
37499728
37561116
37622482
37683801
37745129
37806462
37867781
37929127
37990559
38051890
38113269
38174601
38235947
38297247
38358603
38419951
38481323
38542679
38604015
38665364
38726693
38788035
38849364
38910700
38972088
39033480
39094827
39156210
39217655
39279003
39340335
39401673
39463094
39524531
39585881
39647218
39708657
39770016
39831462
39892649
39954027
40015366
40076705
40138075
40199491
40260861
40322257
40383661
40445055
40506425
40567760
40629189
40690519
40751882
40813263
40874624
40936012
40997337
41058719
41120075
41181419
41242863
41304181
41365542
41426883
41488205
41549584
41610907
41672281
41733685
41795061
41856464
41917886
41979233
42040587
42101962
42163311
42224712
42286057
42347383
42408877
42470220
42531562
42592976
42654362
42715710
42777042
42838372
42899797
42961102
43022429
43083754
43145182
43206550
43268008
43329361
43390740
43452074
43513415
43574742
43636125
43697436
43758787
43820115
43881478
43942840
44004235
44065559
44126894
44188268
44249669
44311109
44372481
44433843
44495205
44556564
44617948
44679294
44740660
44802000
44863349
44924702
44986034
45047382
45108723
45170084
45231419
45292784
45354131
45415507
45476950
45538299
45599752
45661082
45722412
45783743
45845090
45906432
45967808
46029131
46090515
46151993
46213186
46274524
46335898
46397344
46458728
46520031
46581371
46642708
46704027
46765419
46826730
46888064
46949411
47010910
47072246
47133715
47195055
47256506
47317828
47379227
47440556
47501952
47563309
47624734
47686121
47747492
47808871
47870208
47931554
47992891
48054220
48115612
48176953
48238295
48299742
48361158
48422514
48483887
48545273
48606610
48667982
48729314
48790662
48852102
48913574
48974974
49036367
49097690
49159024
49220390
49281719
49343118
49404502
49465848
49527184
49588524
49649869
49711217
49772697
49834075
49895426
49956813
50018183
50079556
50140922
50202250
50263627
50325023
50386362
50447727
50509096
50570506
50631835
50693219
50754545
50815901
50877223
50938593
51000032
51061369
51122768
51184191
51245549
51306930
51368277
51429599
51490938
51552267
51613604
51674958
51736291
51797607
51858944
51920301
51981649
52043009
52104352
52165673
52226997
52288337
52349663
52411034
52472473
52533899
52595251
52656608
52718041
52779421
52840772
52902107
52963433
53024799
53086125
53147492
53208828
53270164
53331525
53392912
53454282
53515775
53577111
53638443
53699769
53761129
53822502
53883863
53945220
54006622
54067982
54129303
54190668
54251999
54313402
54374789
54436124
54497464
54558830
54620206
54681568
54743007
54804342
54865702
54927057
54988393
55049746
55111098
55172480
55233900
55295252
55356751
55418107
55479436
55540770
55602131
55663470
55724819
55786170
55847490
55909023
55970367
56031786
56093151
56154508
56215891
56277236
56338624
56400046
56461394
56522752
56584127
56645476
56706819
56768189
56829583
56890929
56952298
57013620
57074934
57136284
57197639
57259078
57320490
57381845
57443194
57504611
57566081
57627472
57688860
57750186
57811573
57872909
57934251
57995730
58057256
58118514
58179865
58241254
58302580
58363913
58425241
58486616
58547919
58609285
58670626
58731968
58793359
58854730
58916068
58977415
59038759
59100160
59161544
59222867
59284263
59345617
59406957
59468365
59529697
59591054
59652407
59713798
59775168
59836507
59897851
59959169
60020519
60081928
60143284
60204697
60266018
60327382
60388715
60450041
60511386
60572735
60634112
60695560
60756912
60818228
60879561
60940908
61002260
61063586
61124979
61186295
61247637
61309171
61370458
