160336
221950
283575
345215
406880
468565
530158
591612
653136
714736
776270
837836
899332
960907
1022505
1084104
1145682
1207286
1268753
1330316
1391820
1453463
1514861
1576382
1637847
1699307
1760989
1822475
1884037
1945555
2007139
2068604
2130142
2191593
2253073
2314607
2376089
2437611
2499114
2560535
2622127
2683590
2745033
2806478
2867978
2929431
2990879
3052440
3113942
3175402
3236852
3298416
3359894
3421383
3482920
3544453
3605802
3667281
3728721
3790189
3851690
3913180
3974868
4036387
4097884
4159367
4220813
4282421
4343971
4405480
4467110
4528609
4590024
4651516
4712982
4774431
4835953
4897460
4958971
5020643
5082143
5143572
5205037
5266569
5328107
5389564
5451032
5512578
5574035
5635605
5697094
5758596
5820119
5881587
5942972
6004446
6065900
6127364
6188792
6250323
6311831
6373489
6434923
6496327
6557836
6619444
6680857
6742285
6803720
6865171
6926575
6988049
7049509
7110976
7172503
7233938
7295449
7356894
7418410
7479874
7541302
7602746
7664265
7725741
7787169
7848744
7910265
7971717
8033135
8094690
8156197
8217625
8279162
8340587
8402133
8463562
8525091
8586477
8648049
8709528
8770986
8832416
8893825
8955308
9016711
9078185
9139633
9201073
9262483
9323995
9385406
9446825
9508344
9569686
9631083
9692616
9753955
9815344
9876825
9938297
9999769
10061350
10122879
10184373
10245801
10307210
10368792
10430214
10491744
10553144
10614619
10676123
10737570
10799048
10860516
10922060
10983558
11045097
11106576
11167981
11229408
11290915
11352335
11413820
11475309
11536778
11598330
11659740
11721250
11782703
11844194
11905631
11967149
12028677
12090213
12151573
12213054
12274551
12336044
12397416
12458846
12520302
12581799
12643227
12704791
12766188
12827658
12889121
12950548
13011978
13073427
13134825
13196345
13257860
13319306
13380714
13442228
13503624
13565051
13626473
13687886
13749345
13810802
13872356
13933749
13995179
14056653
14118122
14179654
14241142
14302549
14364058
14425539
14486974
14548398
14610057
14671462
14732987
14794430
14855928
14917394
14978873
15040331
15101762
15163180
15224669
15286083
15347503
15408947
15470474
15531973
15593468
15654996
15716446
15777913
15839333
15900787
15962264
16023728
16085155
16146616
16208179
16269567
16331016
16392493
16453917
16515620
16576955
16638411
16699922
16761538
16822997
16884470
16945978
17007532
17068993
17130398
17191863
17253329
17314846
17376184
17437725
17499257
17560705
17622206
17683628
17745075
17806456
17868029
17929495
17990991
18052451
18113957
18175352
18236797
18298291
18359736
18421286
18482686
18544134
18605555
18667056
18728497
18789904
18851330
18912765
18974218
19035667
19097157
19158652
19220114
19281533
19342980
19404456
19466020
19527425
19588860
19650335
19711830
19773280
19834680
19896153
19957601
20019045
20080475
20141940
20203406
20264793
20326235
20387681
20449125
20510558
20572052
20633489
20694885
20756314
20817773
20879202
20940680
21002208
21063631
21125070
21186555
21248038
21309483
21370929
21432357
21493796
21555192
21616646
21678048
21739595
21801091
21862576
21924073
21985748
22046974
22108357
22170006
22231245
22292726
22354211
22415752
22477157
22538588
22600040
22661437
22722868
22784339
22845788
22907209
22968713
23030159
23091552
23153042
23214481
23275916
23337391
23398909
23460357
23521770
23583196
23644743
23706319
23767830
23829315
23890769
23952243
24013666
24075175
24136590
24198068
24259664
24321099
24382517
24444006
24505455
24566857
24628329
24689719
24751176
24812581
24873991
24935546
24996961
25058349
25119886
25181559
25243050
25304452
25365939
25427529
25488955
25550382
25611783
25673271
25734711
25796188
25857530
25919026
25980561
26041974
26103447
26164891
26226298
26287834
26349274
26410701
26472131
26533614
26595091
26656555
26718109
26779512
26841028
26902389
26963780
27025276
27086683
27148125
27209581
27271037
27332510
27393907
27455356
27516814
27578258
27639667
27701142
27762596
27824064
27885475
27946885
28008345
28069761
28131164
28192571
28253995
28315521
28376941
28438358
28499786
28561250
28622733
28684143
28745569
28807092
28868493
28929893
28991400
29052793
29114251
29175646
29237102
29298527
29359962
29421413
29482890
29544289
29605778
29667212
29728654
29790320
29851811
29913264
29974670
30036104
30097590
30159093
30220527
30282033
30343474
30404869
30466319
30527816
30589229
30650851
30712169
30773606
30835057
30896526
30957920
31019496
31080755
31142262
31203715
31265188
31326601
31388100
31449436
31510895
31572291
31633800
31695176
31756729
31818208
31879720
31941219
32002701
32064250
32125622
32187091
32248564
32310019
32371567
32433006
32494451
32556067
32617591
32679000
32740489
32801917
32863377
32924901
32986278
33047706
33109120
33170518
33231995
33293462
33355019
33416351
33477744
33539176
33600653
33662164
33723595
33785179
33846495
33907994
33969450
34030922
34092340
34153794
34215249
34276650
34338076
34399501
34460938
34522361
34583751
34645141
34706608
34768026
34829499
34891146
34952567
35014058
35075485
35136908
35198351
35259777
35321228
35382616
35444095
35505586
35566955
35628494
35689917
35751415
35812764
35874231
35935675
35997103
36058608
36120066
36181529
36242959
36304386
36365913
36427560
36488914
36550332
36611761
36673210
36734708
36796204
36857624
36919098
36980606
37042086
37103432
37165009
37226440
37288055
37349487
37410927
37472324
37533834
37595270
37656847
37718333
37779818
37841254
37902698
37964195
38025605
38087090
38148528
38210071
38271589
38333035
38394473
38455901
38517344
38578836
38640282
38701857
38763443
38824952
38886392
38947783
39009341
39070821
39132295
39193753
39255218
39316705
39378148
39439599
39501057
39562558
39624079
39685495
39747026
39808495
39869903
39931333
39992772
40054183
40115610
40177103
40238714
40300207
40361688
40423117
40484553
40545958
40607385
40668837
40730257
40791662
40853066
40914457
40975885
41037317
41098762
41160195
41221626
41283090
41344500
41405946
41467381
41528775
41590196
41651692
41713142
41774538
41835941
41897333
41958776
42020252
42081748
42143141
42204548
42265984
42327412
42388868
42450463
42511736
42573254
42634711
42696153
42757579
42818990
42880507
42941991
43003387
43064986
43126270
43187675
43249092
43310636
43372085
43433508
43494890
43556378
43617812
43679251
43740660
43802121
43863575
43925001
43986583
44047995
44109436
44170875
44232340
44293842
44355325
44416758
44478155
44539562
44600978
44662431
44723886
44785314
44846743
44908192
44969620
45031011
45092494
45153872
45215302
45276760
45338192
45399767
45461218
45522618
45584034
45645452
45706850
45768310
45829746
45891309
45952852
46014339
46075827
46137370
46198821
46260262
46321717
46383208
46444640
46506066
46567643
46629093
46690502
46751944
46813341
46874809
46936320
46997803
47059247
47120684
47182147
47243568
47305112
47366602
47428043
47489468
47550960
47612505
47673927
47735366
47796776
47858307
47919671
47981136
48042539
48103988
48165432
48226842
48288241
48349815
48411223
48472651
48534110
48595633
48657069
48718519
48779954
48841445
48902905
48964368
49025855
49087308
49148726
49210117
49271521
49332919
49394352
49455788
49517255
49578711
49640097
49701516
49762976
49824463
49885794
49947207
50008650
50070051
50131637
50192973
50254366
50315797
50377224
50438675
50500080
50561519
50622913
50684441
50745890
50807275
50868722
50930126
50991615
51052993
51114415
51175904
51237318
51298768
51360176
51421640
51483072
51544521
51605990
51667491
51728918
51790338
51851793
51913201
51974721
52036148
52097569
52159005
52220452
52281847
52343270
52404810
52466239
52527687
52589079
52650561
52711965
52773379
52834786
52896222
52957627
53019177
53080636
53142073
53203511
53264979
53326380
53387983
53449319
53510710
53572173
53633678
53695079
53756505
53817910
53879357
53940751
54002234
54063564
54124977
54186377
54247839
54309315
54370745
54432195
54493660
54555085
54616493
54677911
54739318
54800719
54862115
54923496
54984909
55046350
55107798
55169185
55230735
55292087
55353633
55415133
55476526
55537931
55599350
55660762
55722349
55783660
55845117
55906502
55967975
56029389
56090821
56152255
56213703
56275109
56336517
56397936
56459327
56520845
56582313
56643778
56705210
56766636
56828076
56889494
56950892
57012368
57073787
57135241
57196651
57258064
57319512
57380987
57442395
57503822
57565271
57626704
57688167
57749596
57810999
57872472
57933928
57995322
58056783
58118295
58179699
58241119
58302569
58364023
58425433
58486826
58548238
58609627
58671114
58732627
58794072
58855469
58916937
58978381
59039904
59101352
59162822
59224266
59285833
59347247
59408661
59470128
59531730
59593008
59654455
59715912
59777354
59838782
59900214
59961636
60023136
60084503
60145935
60207369
60268808
60330204
60391760
60453243
60514997
60576110
60637542
60699022
60760507
60821933
60883322
60944741
61006146
61067536
61128946
61190395
61251814
61313210
61374722
61436203
61497521
61558930
