129864
191062
252503
315285
375460
437096
498529
559953
622577
682730
744271
807007
867207
929591
990853
1051629
1113976
1174538
1235901
1298847
1359281
1420577
1481703
1544694
1606457
1666200
1728424
1789069
1852891
1912869
1975543
2035055
2097384
2158894
2220148
2282479
2344160
2404807
2467445
2527552
2588657
2650148
2711137
2774292
2836225
2895653
2958382
3019622
3081174
3142913
3204381
3264400
3325884
3387377
3450706
3512487
3571656
3633185
3695490
3756494
3817003
3880772
3942551
4003281
4064192
4127698
4186892
4249029
4310287
4372925
4432689
4494170
4556685
4617117
4679378
4741026
4803340
4863193
4924535
4986919
5049626
5109625
5170561
5231899
5293285
5354719
5417536
5478223
5540078
5602664
5662576
5724893
5784916
5847176
5908082
5971840
6030950
6092556
6153772
6215202
6277639
6339924
6399542
6461376
6522802
6584035
6646900
6706986
6768810
6830236
6891370
6952918
7016263
7075765
7139255
7200199
7261387
7322310
7383704
7446900
7506057
7568180
7629347
7691100
7753488
7813605
7875990
7937076
7998037
8061688
8122089
8182441
8243867
8305323
8366761
8428720
8491547
8552028
8612964
8674690
8735581
8797673
8858632
8920329
8981485
9042936
9105660
9166792
9227369
9289074
9350917
9412844
9474098
9535625
9597387
9658060
9720409
9780440
9841928
9903348
9966158
10026246
10088529
10149894
10212342
10272161
10334613
10395836
10456709
10519464
10579321
10641762
10702330
10764056
10825026
10887723
10949762
11009498
11071045
11133917
11193868
11257280
11316920
11379201
11441560
11501743
11562842
11624460
11686147
11746972
11809127
11869923
11931491
11992916
12055851
12116918
12177863
12239240
12300784
12362977
12424772
12486093
12547106
12609186
12669896
12730639
12792201
12855140
12915755
12976919
13039350
13100173
13161940
13223408
13285937
13346476
13408586
13468483
13529779
13591449
13653034
13715066
13776023
13838833
13899813
13960196
14022530
14085103
14145561
14205779
14267082
14329057
14390175
14452345
14513026
14576171
14635982
14698618
14759842
14820288
14881816
14944979
15004941
15067050
15127506
15188946
15252595
15311972
15374130
15434891
15497472
15558744
15620632
15680611
15742091
15804485
15867210
15928108
15988203
16049400
16111810
16173501
16235632
16295418
16356665
16419625
16480576
16540997
16604727
16664410
16725744
16784214
16849964
16911479
16971950
17033717
17094888
17156433
17217607
17280041
17341845
17401223
17462776
17525184
17585682
17647166
17708551
17771053
17832296
17893274
17954871
18017288
18078777
18139934
18201506
18262138
18324235
18386345
18448142
18507605
18569311
18632042
18692134
18753528
18814950
18876384
18938834
19000378
19060842
19123504
19184268
19246562
19307586
19369148
19431384
19491217
19553574
19614255
19675782
19738756
19798761
19860366
19923209
19982972
20046383
20106952
20167403
20229336
20291536
20353256
20413380
20474648
20537671
20597619
20660089
20720459
20784262
20845189
20906492
20967180
21028626
21089206
21150706
21212144
21273758
21336964
21396408
21458709
21520027
21581242
21642224
21705229
21765546
21826555
21889807
21950734
22012170
22072564
22134940
22195183
22256613
22319826
22379546
22442097
22503451
22565883
22625549
22687710
22748514
22810067
22871643
22934935
22994553
23055846
23118376
23178737
23240121
23302843
23364185
23424644
23485779
23548528
23610110
23670214
23732347
23795277
23854573
23916098
23977435
24039089
24100889
24162592
24223328
24284989
24347401
24408725
24469200
24531103
24593136
24655863
24715850
24777570
24839096
24900974
24962283
25022479
25085322
25145831
25208269
25269217
25330093
25392042
25452570
25515056
25576341
25638911
25699006
25759850
25821405
25885128
25944589
26005927
26067538
26130572
26191101
26252388
26313284
26375057
26436722
26497472
26560303
26620452
26681750
26744840
26806136
26868138
26927559
26990771
27051845
27112198
27174220
27235156
27296971
27358047
27419488
27481361
27544659
27604714
27665427
27728509
27788428
27850852
27912126
27973005
28035157
28095963
28156939
28218588
28279892
28343016
28402875
28465861
28525873
28587892
28650805
28711573
28772975
28834319
28894488
28958084
29018263
29081105
29140367
29201923
29264288
29325304
29387389
29449564
29511167
29570866
29632030
29693286
29755099
29816208
29879722
29939106
30001706
30063161
30123667
30186922
30248351
30308193
30369672
30431633
30493423
30554010
30616924
30678046
30739297
30800698
30861389
30922651
30984087
31046566
31107954
31169174
31231417
31292507
31352789
31414512
31475555
31539009
31598931
31660013
31721305
31783509
31846199
31907166
31967478
32028544
32089950
32152302
32214171
32274316
32338045
32397561
32459039
32520281
32582785
32643760
32706165
32766187
32827886
32889266
32950931
33011928
33073246
33135725
33196031
33259660
33320013
33380400
33441911
33504189
33566801
33626239
33688620
33750204
33811581
33872943
33933369
33996517
34057508
34118436
34179668
34240497
34303743
34364238
34425210
34486747
34548303
34609791
34671810
34733972
34794860
34855542
34917646
34978806
35040953
35101243
35162508
35223772
35285141
35346796
35408327
35470050
35530797
35594272
35655119
35716711
35778453
35838337
35899696
35961023
36022537
36083815
36145292
36206683
36268094
36330458
36391126
36453424
36515736
36576307
36637761
36698147
36759709
36822242
36882566
36944169
37005708
37067051
37128364
37189757
37251191
37313904
37373991
37435389
37496875
37558200
37620113
37681069
37744281
37805771
37866013
37929277
37990363
38050344
38112425
38173519
38235488
38295599
38356790
38419263
38479809
38542027
38604327
38665034
38725701
38787493
38849995
38910155
38971491
39033333
39096147
39156697
39217442
39280313
39340197
39403119
39463667
39526447
39587107
39647649
39709158
39771237
39832623
39893230
39956194
40016712
40077724
40138901
40200256
40262735
40323398
40384746
40447019
40508794
40568951
40631537
40693011
40753266
40815273
40876179
40937771
40999848
41061174
41124016
41183587
41245723
41306454
41367875
41429344
41492911
41554376
41614017
41675007
41737430
41798044
41859368
41920809
41983723
42044781
42105771
42167724
42229272
42290251
42352291
42412284
42474842
42535245
42597827
42658496
42720607
42782371
42842806
42906100
42967421
43027124
43088669
43151432
43212999
43273881
43334569
43395922
43457320
43520028
43580929
43642768
43703325
43764399
43826298
43888713
43950905
44011440
44072488
44134099
44196226
44255967
44317493
44379149
44441679
44501830
44563386
44624518
44686470
44748579
44809019
44870291
44931695
44994134
45056713
45117694
45177427
45239005
45300493
45361992
45424954
45484641
45546105
45609870
45670803
45730389
45791886
45854238
45914685
45976598
46037479
46101227
46160482
46222134
46283913
46345147
46407551
46469078
46529106
46590483
46652679
46714625
46776828
46836266
46897651
46959128
47021888
47083281
47143407
47205104
47267198
47327791
47389115
47450554
47512984
47575263
47635107
47696438
47759940
47820506
47882536
47942915
48003793
48064993
48126238
48189249
48249367
48310797
48372839
48434230
48495271
48557184
48618325
48679771
48740906
48802331
48864315
48926497
48987004
49049293
49110878
49171129
49233290
49294737
49356970
49416909
49479439
49539621
49601016
49663281
49723898
49785263
49848396
49909144
49969697
50031868
50092537
50155127
50215361
50277232
50338744
50400307
50461812
50524877
50584115
50646765
50709055
50768535
50831070
50892405
50954686
51016292
51077767
51138045
51200315
51259951
51323198
51384699
51445341
51505934
51567318
51629864
51690569
51751580
51813183
51875365
51936308
51998608
52060673
52120997
52183609
52243146
52304533
52366737
52429429
52490459
52551468
52613907
52674885
52734615
52796363
52857668
52919210
52980588
53043278
53104222
53164767
53226263
53287612
53350266
53410490
53472893
53533803
53596054
53656755
53718760
53779127
53840601
53902054
53964272
54026243
54087255
54147784
54209098
54271193
54332841
54394445
54454865
54516723
54577695
54639142
54701865
54764068
54824474
54886618
54946258
55009473
55069862
55131167
55192445
55253467
55315167
55377739
55438000
55499447
55561205
55622270
55683719
55745659
55807357
55870432
55930917
55992266
56053660
56114774
56175253
56237503
56299039
56360545
56421064
56483463
56545900
56605992
56668910
56728127
56789584
56853070
56912392
56974890
57036014
57097379
57158242
57219641
57281685
57342283
57405377
57465315
57527978
57589684
57650501
57711008
57772504
57834412
57896317
57957852
58018200
58081760
58141076
58202512
58266184
58325860
58387462
58450577
58511190
58571206
58634267
58695210
58755755
58817919
58879102
58940010
59002829
59064276
59124087
59186582
59247432
59308389
59370751
59432285
59493316
59555059
59617983
59677384
59739061
59800868
59861417
59923393
59985439
60045906
60108368
60169245
60231026
60291403
60352912
60414243
60475647
60537071
60598554
60660752
60721668
60784182
60844213
60905689
60969007
61030083
61089921
61151366
61213150
61275605
61335543
61397100
61459257
61520840
