108321
169105
232678
293182
355748
416862
477171
539545
600372
662975
722855
786564
846242
908844
970437
1032859
1093268
1155537
1217291
1277352
1338951
1400036
1460894
1524900
1585467
1647476
1708504
1769027
1832202
1891818
1954153
2016724
2077071
2139608
2200527
2262400
2322477
2383204
2446252
2508472
2569929
2630317
2692821
2754224
2815335
2874926
2938273
3000046
3061343
3123083
3182946
3245209
3307546
3368963
3429355
3491329
3552563
3613449
3676128
3737492
3798752
3858705
3921395
3983157
4044887
4106083
4167484
4226958
4290942
4352313
4413325
4475281
4536527
4597886
4658460
4721366
4782691
4842853
4905749
4967032
5028252
5088846
5151114
5211052
5273804
5334479
5396252
5458377
5519259
5580175
5642149
5703578
5765289
5827749
5889034
5948783
6010362
6072990
6134469
6195724
6255906
6318343
6380943
6440711
6502486
6565299
6626102
6688311
6747254
6811164
6872199
6934055
6995085
7054888
7116221
7179764
7240852
7300895
7364060
7424822
7484817
7547798
7609213
7671157
7733077
7792273
7855501
7917275
7978745
8040266
8101727
8163308
8222518
8284251
8347467
8409127
8470664
8530960
8593597
8654954
8715281
8777874
8837829
8899312
8962329
9023293
9083982
9146756
9208037
9269700
9330261
9392530
9453410
9514598
9577074
9636966
9698236
9761336
9822843
9882398
9945778
10007263
10067460
10128965
10191699
10251696
10314282
10376024
10437554
10498267
10560230
10621641
10682785
10743635
10806558
10867750
10928621
10990784
11051151
11112177
11175181
11236718
11297798
11359646
11420034
11482531
11542974
11605147
11665807
11728350
11789356
11848872
11910899
11974069
12035536
12096973
12158465
12217843
12280271
12342213
12404261
12465418
12525448
12588269
12648494
12709804
12772822
12833758
12895890
12957451
13018501
13078414
13141172
13203050
13264166
13325121
13385914
13448182
13509251
13570262
13633657
13694175
13754458
13817012
13877283
13939188
14002026
14062901
14124505
14186068
14248317
14309489
14370216
14431161
14493849
14554976
14616240
14677931
14738901
14800637
14862865
14924579
14984163
15047486
15108786
15168960
15232058
15291980
15353156
15416407
15477015
15538919
15600043
15661914
15722114
15783251
15845920
15906897
15969331
16029256
16089808
16153405
16213827
16274193
16338105
16399558
16458740
16520462
16584032
16643269
16706396
16768295
16828170
16891139
16952708
17013443
17074805
17136301
17197938
17259509
17320642
17382395
17443939
17505195
17567411
17627762
17689641
17751716
17813137
17874322
17935381
17997202
18058062
18120445
18181348
18242096
18304243
18365402
18426624
18489049
18548669
18612059
18673884
18734588
18795569
18858283
18919750
18981278
19040581
19102067
19164245
19224948
19287490
19350176
19409665
19472413
19533689
19594932
19657369
19718237
19779840
19840738
19903186
19963428
20024536
20087537
20147389
20209842
20271998
20332193
20393517
20456103
20517944
20579090
20640842
20702470
20762170
20825384
20885394
20948313
21009838
21070774
21132292
21193260
21255825
21316913
21377680
21439056
21501553
21563010
21624144
21685528
21746556
21806898
21869441
21930299
21992569
22053426
22116047
22176626
22238173
22300424
22360811
22422108
22483097
22544060
22607579
22669154
22728340
22790572
22852771
22915170
22975174
23038131
23097147
23160976
23221108
23282243
23343359
23406711
23466697
23528987
23591022
23651100
23713871
23773874
23836744
23898176
23959538
24021231
24082642
24142340
24205593
24265270
24328152
24389071
24450219
24511835
24573199
24634402
24696536
24757266
24817724
24881505
24941473
25003385
25065176
25127252
25187588
25250141
25310315
25372107
25434345
25494605
25555064
25618352
25680353
25741903
25803363
25864856
25924768
25987079
26049208
26109863
26170877
26233566
26295004
26355641
26417564
26477280
26540359
26601399
26662366
26725120
26786449
26845951
26909158
26968597
27030628
27091630
27154767
27215190
27276721
27339689
27401373
27462853
27524317
27585655
27647005
27706490
27769638
27831012
27893143
27953525
28015874
28077547
28137179
28198832
28261910
28322866
28382511
28444599
28507137
28567855
28629198
28691438
28753099
28814599
28875337
28937802
28999261
29059645
29121708
29183120
29245071
29305426
29367811
29427826
29489800
29552163
29613460
29675222
29736757
29798314
29857469
29919724
29982589
30043361
30104383
30166470
30227587
30289318
30350306
30411367
30474027
30535453
30596927
30658345
30718981
30780643
30841807
30904098
30963280
31026970
31087456
31149836
31210251
31272412
31333284
31393918
31455137
31516403
31578200
31641437
31702347
31763617
31824725
31886146
31948884
32009238
32071567
32133566
32192946
32256509
32316508
32379207
32438796
32499989
32562741
32625032
32686313
32748065
32808715
32870751
32931414
32993868
33054773
33114967
33178793
33239591
33301785
33363193
33423800
33486162
33547102
33608079
33669555
33731171
33793413
33854239
33915603
33976804
34036808
34098099
34161877
34222324
34284881
34345986
34407380
34467587
34530923
34592412
34653850
34714489
34776541
34837410
34899170
34961102
35022532
35082915
35144286
35205176
35267757
35329301
35390098
35452483
35513411
35575461
35636724
35697507
35758275
35820224
35882520
35941928
36005692
36066440
36128307
36189080
36251448
36311905
36372834
36435034
36497289
36558576
36619526
36681049
36741929
36802729
36865772
36925552
36988351
37049680
37109336
37172737
37232304
37295678
37356361
37417978
37479349
37541872
37602194
37664273
37725056
37786374
37848758
37910037
37970994
38032554
38093825
38155495
38216399
38279112
38340327
38402010
38462707
38524843
38586225
38645927
38708789
38770165
38831235
38891827
38954373
39015590
39077936
39137155
39199738
39261899
39323630
39384167
39444198
39508128
39567458
39628621
39691241
39753255
39814011
39875323
39936507
39998313
40059858
40122455
40183844
40243436
40305865
40368015
40427286
40490554
40552244
40611638
40675091
40735866
40796743
40857899
40919713
40981664
41043078
41105250
41165953
41225832
41288406
41350912
41411176
41473370
41535341
41594766
41657881
41719265
41778930
41841774
41904064
41965367
42026423
42086649
42149483
42210931
42272110
42332999
42395666
42456859
42517334
42577929
42641197
42702635
42762421
42824295
42886474
42947262
43008080
43069157
43132759
43194377
43255382
43315629
43379011
43438895
43500387
43562630
43624156
43684652
43747684
43808564
43870261
43929731
43991384
44054009
44114941
44177737
44236831
44300585
44360364
44422708
44483815
44546678
44607258
44669305
44730287
44792489
44853627
44914425
44975365
45036714
45099645
45159023
45222869
45283138
45344771
45406046
45466271
45529037
45590565
45651993
45713252
45774381
45836915
45897179
45958262
46020893
46082602
46143829
46205116
46266469
46328664
46389254
46451485
46512974
46574624
46634851
46696703
46757796
46820421
46880129
46942798
47004427
47065773
47126763
47189101
47250182
47310812
47372150
47433953
47494145
47557674
47618715
47680545
47740154
47801130
47864782
47923971
47985691
48048395
48108562
48170851
48232723
48294699
48354637
48417380
48478428
48540208
48601187
48661602
48724302
48785369
48845880
48909334
48970427
49032147
49092086
49155082
49215367
49276670
49337052
49399669
49459864
49522308
49585277
49646477
49706979
49769130
49830775
49890046
49952812
50015219
50076635
50138123
50199346
50259808
50322493
50382409
50445324
50506785
50566829
50627826
50690065
50752675
50814057
50875052
50935616
50998536
51058791
51119869
51180450
51242946
51304075
51367183
51427415
51489404
51551301
51612788
51674153
51734792
51796928
51858250
51920134
51980187
52042733
52103568
52166134
52227110
52289026
52350202
52411062
52472287
52533711
52596171
52656161
52718516
52779234
52841295
52902457
52964691
53025626
53085416
53148301
53208471
53271682
53330939
53392532
53454936
53517700
53578288
53640322
53700959
53761967
53825034
53886385
53947272
54008304
54070559
54131324
54192283
54254983
54316368
54377806
54438189
54500629
54560141
54623404
54684852
54745808
54806615
54868905
54930095
54991678
55052918
55113184
55175551
55237220
55299574
55360070
55422431
55482356
55543368
55606027
55667412
55728668
55789998
55851498
55914003
55973970
56036960
56096178
56157522
56220691
56280523
56343413
56404413
56465672
56528158
56589250
56651383
56712611
56773103
56835004
56896531
56958560
57020020
57081440
57141385
57203916
57265797
57325621
57388155
57450166
57509827
57572543
57632312
57695429
57757363
57818804
57878513
57939215
58002231
58063273
58125509
58185298
58248621
58309072
58371571
58431028
58493484
58554785
58616176
58678841
58740317
58800935
58863172
58924615
58985874
59047440
59107996
59167781
59229673
59293120
59354349
59415096
59476912
59537746
59600256
59661192
59721272
59784321
59845396
59906418
59968723
60030180
60090969
60153193
60214589
60274455
60335416
60398689
60460299
60520015
60582691
60644185
60703755
60765280
60828971
60889234
60950711
61013378
61074287
61136374
61197763
61256858
61320628
61381969
61441296
61504712
