66726
128061
189418
250757
312109
373442
434766
496141
557505
618893
680242
741558
802911
864315
925741
987157
1048471
1109840
1171272
1232788
1294231
1355561
1416914
1478255
1539647
1601021
1662403
1723694
1785087
1846421
1907750
1969092
2030553
2091866
2153213
2214551
2275919
2337275
2398623
2459998
2521337
2582703
2644060
2705464
2766751
2828284
2889693
2951065
3012431
3073822
3135199
3196543
3257904
3319249
3380695
3442030
3503355
3564695
3626097
3687442
3748782
3810175
3871537
3932874
3994232
4055588
4116907
4178253
4239595
4300952
4362332
4423705
4485055
4546404
4607805
4669193
4730531
4791951
4853342
4914672
4976050
5037384
5098712
5160046
5221373
5282695
5344061
5405484
5466870
5528151
5589540
5650863
5712353
5773878
5835213
5896676
5958079
6019414
6080771
6142111
6203435
6264768
6326138
6387570
6448825
6510156
6571506
6632867
6694228
6755570
6816910
6878410
6939736
7001122
7062401
7123789
7185212
7246652
7308035
7369377
7430707
7492051
7553437
7614837
7676351
7737578
7798951
7860294
7921646
7983083
8044453
8105945
8167290
8228627
8289950
8351294
8412635
8473977
8535291
8596665
8657985
8719321
8780682
8842024
8903362
8964824
9026105
9087501
9148848
9210249
9271595
9332925
9394261
9455603
9516955
9578311
9639631
9700938
9762278
9823617
9884966
9946294
10007634
10068972
10130374
10191822
10253657
10314641
10375985
10437363
10498898
10560265
10621618
10682944
10744285
10805622
10866963
10928333
10989685
11051075
11112392
11173703
11235046
11296394
11357776
11419110
11480530
11541839
11603232
11664596
11725949
11787263
11848618
11909944
11971314
12032665
12093996
12155386
12216725
12278103
12339480
12401003
12462341
12523869
12585282
12646657
12708029
12769370
12830734
12892128
12953541
13014900
13076247
13137624
13198952
13260270
13321635
13382993
13444337
13505713
13567050
13628423
13689776
13751107
13812481
13873849
13935173
13996519
14057861
14119288
14180686
14242027
14303389
14364852
14426213
14487543
14548950
14610373
14671743
14733165
14794491
14855857
14917183
14978528
15039920
15101292
15162628
15224066
15285384
15346700
15408049
15469400
15530790
15592152
15653477
15714781
15776179
15837501
15898835
15960179
16021527
16082873
16144185
16205529
16266912
16328233
16389592
16450909
16512229
16573558
16634900
16696265
16757605
16818949
16880308
16941731
17003093
17064527
17125945
17187285
17248814
17310162
17371707
17433086
17494430
17555755
17617116
17678438
17739781
17801124
17862568
17923946
17985306
18046691
18108054
18169373
18230715
18292047
18353476
18414777
18476169
18537512
18598891
18660231
18721634
18782972
18844289
18905620
18966971
19028303
19089651
19151016
19212521
19273847
19335184
19396510
19457833
19519172
19580505
19641907
19703277
19764608
19825948
19887281
19948612
20010064
20071305
20132641
20193974
20255310
20316677
20378007
20439341
20500686
20562065
20623398
20684762
20746143
20807491
20868882
20930300
20991807
21053049
21114371
21175720
21237058
21298390
21359750
21421148
21482567
21543901
21605506
21666860
21728198
21789529
21850899
21912242
21973580
22034914
22096262
22157640
22219059
22280401
22341771
22403120
22464440
22525787
22587135
22648494
22709842
22771168
22832536
22893901
22955243
23016599
23078027
23139381
23200718
23262068
23323402
23384765
23446109
23507489
23568859
23630191
23691535
23752949
23814439
23875847
23937260
23998633
24059941
24121293
24182861
24244213
24306023
24367357
24428701
24490059
24551429
24612770
24674125
24735442
24796791
24858133
24919467
24980839
25042178
25103501
25164806
25226163
25287548
25348893
25410239
25471655
25533001
25594338
25655697
25717083
25778457
25839805
25901184
25962693
26024152
26085486
26146829
26208175
26269510
26330862
26392220
26453541
26514891
26576291
26637613
26698955
26760323
26821685
26883039
26944390
27005777
27067117
27128445
27189793
27251138
27312566
27373902
27435241
27496644
27557999
27619331
27680658
27742039
27803420
27864778
27926245
27987677
28049019
28110444
28171881
28233228
28294705
28356254
28417639
28479138
28540489
28602010
28663335
28724735
28786084
28847411
28908740
28970092
29031421
29092828
29154073
29215506
29276832
29338166
29399519
29460874
29522212
29583555
29644886
29706224
29767583
29828928
29890270
29951642
30012979
30074338
30135676
30197047
30258393
30319729
30381059
30442430
30503762
30565112
30626635
30687999
30749322
30810866
30872218
30933724
30995218
31056551
31117877
31179245
31240635
31301971
31363332
31424681
31486010
31547339
31608665
31670116
31731446
31792810
31854183
31915525
31976835
32038273
32099622
32160965
32222295
32283624
32344987
32406298
32467624
32528964
32590304
32651685
32713020
32774398
32835827
32897200
32958619
33020073
33081405
33142743
33204078
33265406
33326777
33388132
33449466
33510804
33572191
33633551
33694933
33756343
33817672
33879003
33940337
34001658
34063007
34124368
34185739
34247089
34308533
34369851
34431299
34492603
34553942
34615271
34676628
34738090
34799288
34860650
34922052
34983418
35044758
35106263
35167645
35229087
35290426
35351819
35413266
35474597
35535989
35597333
35658664
35720014
35781468
35842818
35904175
35965505
36026833
36088180
36149539
36210879
36272253
36333599
36394943
36456282
36517608
36578954
36640307
36701660
36763129
36824453
36885814
36947221
37008556
37069927
37131283
37192652
37254071
37315397
37376803
37438223
37499729
37561117
37622488
37683802
37745134
37806463
37867782
37929134
37990566
38051895
38113275
38174605
38235948
38297248
38358607
38419957
38481324
38542680
38604016
38665370
38726694
38788036
38849365
38910701
38972089
39033484
39094833
39156211
39217656
39279004
39340336
39401674
39463100
39524532
39585882
39647219
39708664
39770020
39831468
39892650
39954030
40015367
40076706
40138081
40199492
40260867
40322258
40383662
40445056
40506426
40567772
40629195
40690520
40751883
40813264
40874630
40936013
40997338
41058720
41120076
41181420
41242864
41304182
41365543
41426884
41488206
41549585
41610908
41672282
41733686
41795062
41856465
41917893
41979239
42040588
42101963
42163312
42224716
42286062
42347384
42408878
42470221
42531563
42592977
42654363
42715711
42777043
42838373
42899803
42961103
43022435
43083758
43145183
43206551
43268009
43329366
43390741
43452080
43513416
43574743
43636131
43697437
43758788
43820119
43881479
43942841
44004236
44065560
44126895
44188275
44249670
44311110
44372487
44433844
44495206
44556565
44617949
44679295
44740661
44802001
44863355
44924703
44986035
45047387
45108724
45170085
45231420
45292785
45354132
45415508
45476955
45538300
45599753
45661083
45722413
45783747
45845096
45906433
45967809
46029137
46090521
46151994
46213187
46274529
46335902
46397345
46458729
46520032
46581372
46642709
46704028
46765426
46826731
46888065
46949412
47010911
47072247
47133721
47195056
47256513
47317829
47379228
47440562
47501956
47563315
47624735
47686122
47747493
47808872
47870213
47931558
47992895
48054221
48115613
48176957
48238296
48299743
48361164
48422518
48483888
48545274
48606611
48667983
48729315
48790663
48852103
48913575
48974975
49036368
49097691
49159025
49220391
49281720
49343119
49404503
49465849
49527185
49588525
49649870
49711223
49772702
49834079
49895427
49956814
50018187
50079557
50140923
50202254
50263631
50325028
50386363
50447728
50509099
50570507
50631836
50693220
50754546
50815902
50877224
50938594
51000038
51061370
51122769
51184195
51245550
51306931
51368278
51429605
51490943
51552268
51613610
51674959
51736292
51797608
51858945
51920302
51981657
52043010
52104353
52165674
52226998
52288338
52349664
52411035
52472479
52533905
52595252
52656611
52718045
52779427
52840778
52902108
52963437
53024800
53086131
53147498
53208829
53270165
53331526
53392918
53454283
53515779
53577112
53638444
53699770
53761130
53822506
53883869
53945221
54006623
54067983
54129310
54190669
54252000
54313403
54374793
54436130
54497465
54558831
54620207
54681569
54743008
54804348
54865703
54927063
54988394
55049747
55111099
55172481
55233906
55295253
55356752
55418113
55479437
55540771
55602137
55663471
55724824
55786171
55847491
55909024
55970370
56031787
56093152
56154509
56215897
56277237
56338625
56400047
56461395
56522758
56584128
56645477
56706820
56768190
56829584
56890935
56952302
57013621
57074935
57136289
57197640
57259084
57320494
57381846
57443195
57504614
57566087
57627476
57688861
57750190
57811574
57872910
57934252
57995731
58057257
58118515
58179866
58241259
58302581
58363914
58425247
58486645
58547920
58609286
58670627
58731972
58793360
58854731
58916069
58977421
59038760
59100161
59161545
59222868
59284264
59345618
59406958
59468366
59529703
59591057
59652408
59713804
59775174
59836508
59897857
59959173
60020520
60081929
60143290
60204698
60266024
60327383
60388721
60450042
60511392
60572738
60634113
60695561
60756913
60818231
60879562
60940914
61002261
61063587
61124989
61186296
61247638
61309177
61370459
