160374
224088
284348
345650
407822
469496
531792
590875
653188
715428
776310
838122
900351
960934
1024460
1084153
1148039
1207549
1269452
1331344
1392334
1453834
1516122
1576761
1637877
1699910
1761032
1823145
1885827
1946330
2009232
2068648
2130169
2192385
2253116
2315291
2377556
2437648
2499154
2562340
2623694
2683697
2746332
2806511
2869541
2930579
2991557
3052477
3114060
3177473
3237034
3298736
3360462
3421410
3483498
3544697
3606308
3667320
3729019
3790225
3851819
3913811
3975770
4037466
4098209
4161206
4223133
4283762
4345769
4406437
4467156
4529103
4590201
4651824
4714242
4775824
4836719
4897496
4959727
5021354
5083305
5145069
5206157
5267290
5328636
5390940
5451710
5513269
5574074
5636494
5698725
5758633
5820146
5881966
5945335
6006744
6067765
6128445
6189478
6250360
6314132
6373647
6436527
6497140
6557873
6620846
6681566
6742325
6803931
6867139
6928066
6988753
7051005
7112339
7172695
7235242
7296199
7356940
7419016
7480098
7541516
7602907
7665245
7726510
7788576
7849179
7910677
7971872
8035042
8095157
8156224
8218144
8279205
8340634
8402163
8463600
8525706
8587048
8650096
8709565
8771016
8832885
8894511
8956059
9016980
9080363
9139900
9201258
9263014
9324033
9385659
9448137
9509159
9569739
9631933
9694571
9754443
9817129
9878290
9938324
10001443
10063570
10122917
10185441
10246187
10308609
10370617
10430315
10491793
10553622
10616252
10676146
10739375
10799661
10862789
10923715
10983603
11046771
11108598
11169468
11229444
11290943
11352367
11413869
11475346
11536924
11598449
11660504
11721545
11784722
11844232
11906750
11967574
12028705
12090251
12152068
12213532
12274595
12337538
12398677
12460281
12520340
12582777
12644690
12707032
12766758
12827816
12889663
12951747
13012006
13073502
13134921
13197549
13257938
13319341
13382919
13444094
13504003
13565743
13626578
13688870
13749502
13811375
13873632
13933815
13995916
14057851
14118376
14179693
14242316
14304654
14365146
14426403
14487187
14548634
14612059
14673675
14733825
14796015
14858035
14917775
14978903
15040379
15103277
15164350
15226447
15286662
15348259
15408991
15470593
15532386
15594541
15657147
15718140
15779235
15841672
15902573
15962714
16023990
16085610
16146885
16208754
16271626
16331054
16392710
16455929
16515654
16579006
16640107
16700918
16761567
16824089
16884511
16946074
17009221
17069022
17130929
17191901
17254012
17314891
17377216
17437788
17500850
17561715
17622373
17683831
17746336
17806819
17868920
17929533
17988614
18052993
18114058
18176177
18238416
18298826
18360839
18421560
18484095
18544587
18605911
18668004
18728858
18790485
18851513
18912802
18974993
19036060
19098342
19160406
19220159
19280413
19345128
19404498
19466148
19528290
19589067
19651293
19711874
19774890
19835248
19898442
19958097
20019083
20081277
20143202
20203440
20264831
20327359
20389845
20450829
20512928
20573111
20633516
20695949
20756351
20818051
20880216
20940707
21003916
21065957
21125099
21188750
21248077
21309961
21371941
21432394
21494415
21555304
21616688
21678833
21740850
21801171
21863836
21924111
21986443
22047016
22109318
22171267
22232095
22294621
22354664
22418135
22477909
22539365
22600085
22663773
22723027
22786720
22846950
22907600
22969754
23030694
23091810
23154140
23214909
23278050
23338668
23399993
23461376
23521812
23583448
23646409
23707074
23767853
23831729
23892345
23952281
24014201
24076372
24137205
24198777
24259709
24321653
24384856
24444115
24507729
24567891
24628376
24690887
24752180
24813268
24874864
24935902
24998689
25060405
25122243
25182058
25243089
25305277
25366355
25427705
25490158
25551998
25611819
25674269
25736961
25797757
25857977
25921246
25980591
26043843
26103485
26164935
26228483
26287936
26351337
26413063
26473457
26534054
26596054
26657630
26718574
26779550
26841385
26904751
26965559
27026317
27087732
27148162
27211090
27271630
27332651
27393934
27457626
27516850
27579326
27640819
27702498
27764565
27824890
27886591
27947195
28008384
28071596
28132352
28192598
28254639
28315909
28377290
28439453
28500992
28561919
28623197
28685579
28746757
28807132
28868530
28931710
28992518
29053340
29115385
29176692
29237125
29298582
29361281
29422579
29484634
29546574
29605818
29669514
29729242
29790902
29852184
29914382
29976501
30038358
30099466
30161337
30222832
30282069
30343496
30404908
30467205
30530300
30589267
30650888
30713469
30773652
30835813
30897775
30960064
31019591
31082019
31142731
31203744
31265227
31328226
31389002
31450857
31510935
31572314
31633839
31694113
31758772
31819467
31879769
31942392
32003057
32064591
32127572
32188113
32249403
32311080
32371604
32434039
32494888
32556101
32618511
32679475
32741146
32803061
32863932
32924941
32987228
33048790
33109533
33171411
33232259
33294238
33355080
33416393
33478827
33541124
33601215
33663270
33723954
33786864
33847367
33909665
33969529
34031158
34093006
34154939
34215277
34277530
34338374
34399879
34461748
34522636
34583794
34647189
34706653
34769716
34830203
34892204
34952606
35014357
35075545
35137933
35199860
35262037
35322430
35384774
35445214
35508073
35566995
35628531
35690819
35751990
35814598
35875345
35936605
35998756
36058645
36121017
36183440
36242996
36306315
36367208
36427943
36489441
36551318
36612721
36675272
36735763
36796776
36858568
36920938
36981568
37043335
37104455
37165038
37227347
37288096
37349515
37411545
37472546
37533879
37595453
37656882
37718863
37780796
37841959
37902808
37964546
38026144
38087274
38149848
38210390
38272970
38335594
38395237
38457527
38518025
38578882
38642309
38702925
38763493
38826817
38886419
38949582
39009946
39072776
39132329
39194554
39255561
39317216
39378613
39440374
39503432
39562595
39624118
39685872
39747762
39808522
39872093
39931456
39995055
40054228
40116729
40178723
40239098
40300569
40361734
40424912
40485425
40547118
40608704
40668876
40730681
40792922
40853155
40915553
40977808
41039605
41098789
41162130
41222100
41283128
41345865
41407027
41468249
41529621
41590674
41651721
41714166
41774907
41835987
41898512
41958821
42020798
42081783
42143705
42204590
42266022
42327448
42389183
42450501
42511774
42574886
42635904
42696792
42758635
42820835
42881049
42942048
43005492
43066024
43127658
43188412
43251169
43310687
43372123
43433543
43495141
43558800
43618237
43679287
43740841
43803218
43864866
43926006
43987084
44048528
44109757
44172519
44233231
44295435
44356269
44416795
44479102
44541640
44602327
44663055
44724931
44786199
44848436
44909017
44970470
45031739
45092909
45155132
45215505
45276793
45338635
45400836
45462708
45523186
45586408
45646740
45707779
45768338
45832068
45891534
45954699
46014381
46076867
46139415
46198850
46262066
46321762
46384469
46445079
46508118
46567679
46629604
46690545
46753990
46815446
46874858
46936921
46997901
47059283
47122572
47182185
47245884
47305175
47366715
47430523
47489505
47551222
47612549
47673957
47737567
47796803
47858353
47919709
47981411
48042594
48104024
48166213
48227991
48289223
48350609
48411250
48473506
48536366
48596478
48658792
48719476
48781094
48841714
48904806
48964775
49026947
49087598
49150086
49210837
49273637
49333520
49394774
49456197
49517980
49578914
49640147
49702543
49763639
49824506
49886713
49948134
50008885
50070590
50133286
50193012
50255632
50316243
50377260
50438697
50501189
50562170
50623106
50686920
50747827
50808556
50869083
50932169
50991643
51053617
51115395
51176276
51237367
51299895
51360213
51421915
51483908
51546762
51606494
51668566
51730629
51791027
51853932
51913362
51974761
52036714
52099574
52160776
52220489
52283754
52343512
52404847
52466266
52528273
52591041
52651452
52712135
52774247
52835441
52896268
52958118
53020916
53080662
53142269
53204166
53265361
53326407
53389022
53450022
53510749
53572866
53633715
53697119
53757911
53820395
53879394
53941021
54003050
54064800
54126907
54188475
54247871
54309789
54371534
54433528
54496027
54555913
54617250
54679557
54740100
54801683
54863522
54924453
54985694
55047403
55110181
55170464
55231788
55292130
55353669
55417004
55476846
55538937
55599427
55660826
55724252
55783902
55845844
55906539
55969573
56030236
56090923
56152494
56214796
56275936
56337022
56398480
56459367
56522256
56583398
56643938
56706206
56766740
56830138
56890401
56950930
57012809
57075728
57135550
57197271
57258878
57320567
57381025
57444277
57503865
57566773
57627192
57689285
57750740
57811458
57873567
57934334
57995641
58056833
58120071
58181190
58241743
58304701
58366366
58426452
58488839
58548388
58610606
58672366
58734738
58795088
58856632
58919035
58978856
59042087
59103763
59163378
59225327
59286206
59347283
59408689
59472433
59531789
59594270
59654892
59716127
59779461
59840424
59901964
59961892
60023525
60084540
60148170
60209262
60269918
60331838
60393579
60453271
60515048
60576480
60639941
60700481
60761325
60822185
60883414
60944779
61007139
61067889
61130291
61191152
61252979
61314080
61377206
61437107
61497836
61559809
