75931 5734 0 0
13992 12287 0 0
14580 11339 0 0
14370 11404 1 1
15343 11125 2 2
15257 11043 1 1
14084 12076 0 0
15790 10440 4 4
15180 11149 1 1
14998 11393 0 0
24387 1447 0 0
36873 1353 0 0
22844 3195 0 0
25369 530 1 1
24857 1383 0 0
24760 1422 0 0
25339 778 0 0
25665 803 1 1
25032 841 0 0
24928 1140 0 0
25296 855 0 0
25700 349 0 0
25194 789 0 0
25759 743 0 0
24904 1043 0 0
24998 1174 0 0
24732 1449 1 1
25245 684 0 0
25036 753 0 0
25049 1179 0 0
24763 1390 0 0
25237 730 0 0
25571 653 0 0
24844 1286 1 1
24840 1219 1 1
25782 651 1 1
25778 315 0 0
24429 1474 1 1
25104 1239 0 0
25637 402 1 1
24648 1419 0 0
24351 1651 1 1
25040 1137 0 0
24729 1249 0 0
25595 512 5 5
24708 1462 1 1
24870 1104 0 0
24916 1199 0 0
24187 1991 0 0
25137 1011 1 1
24902 942 0 0
25419 439 0 0
36823 1237 1 1
24960 1149 0 0
25034 904 0 0
24808 1593 0 0
24404 1638 0 0
24819 1120 0 0
25781 473 0 0
24903 1071 0 0
24505 1416 2 2
24436 1728 0 0
25722 293 2 2
25372 748 0 0
24832 1285 0 0
25445 868 1 1
25165 1253 1 1
25431 899 0 0
24738 1521 0 0
24741 1324 0 0
25434 695 1 1
25031 1067 3 3
25643 432 0 0
25253 1038 0 0
24661 1304 0 0
24925 949 0 0
25270 1075 0 0
25124 814 1 1
25078 1039 0 0
25449 776 0 0
25239 1046 0 0
25184 881 0 0
25604 345 3 3
24850 1296 0 0
24453 1674 0 0
25202 976 0 0
24496 1515 0 0
25820 436 0 0
25390 942 0 0
24956 1208 0 0
24766 1156 2 2
25318 637 0 0
25051 997 0 0
24818 1145 0 0
25009 1048 0 0
25213 931 0 0
25269 841 1 1
25262 794 0 0
24510 1560 0 0
25291 930 0 0
24378 1428 2 2
25395 705 1 1
37064 1121 0 0
25513 707 1 1
24204 1699 0 0
25345 1033 0 0
25409 761 0 0
25483 675 0 0
25894 422 0 0
25048 924 0 0
25155 909 0 0
25727 999 0 0
24420 1808 0 0
25414 463 0 0
25304 931 0 0
25731 803 0 0
24967 905 1 1
24652 1780 1 1
25251 734 1 1
25272 710 0 0
25263 779 0 0
25328 732 0 0
25195 904 0 0
25026 1066 0 0
24683 1291 1 1
24732 1273 0 0
25331 961 0 0
24927 1327 0 0
25471 394 0 0
25800 516 0 0
25023 1222 1 1
25026 1349 1 1
24504 1358 0 0
25135 832 1 1
25122 1063 1 1
24816 1115 0 0
25209 900 1 1
25082 891 0 0
24919 865 0 0
25614 435 2 2
25579 528 0 0
25385 586 0 0
24550 1377 0 0
25665 389 0 0
25171 866 1 1
24991 977 0 0
24772 1071 0 0
24704 1259 0 0
25249 797 0 0
24580 1629 0 0
24723 1241 0 0
25127 769 1 1
25028 966 0 0
25359 712 0 0
25059 886 0 0
25115 840 0 0
24849 1242 0 0
24901 1306 0 0
25388 623 0 0
24755 1135 0 0
25085 852 1 1
25648 521 0 0
25291 910 0 0
25781 230 0 0
25409 998 2 2
25685 506 1 1
24918 1175 0 0
24753 1323 0 0
25295 722 0 0
24775 1208 0 0
24826 1121 1 1
24815 1341 0 0
25300 839 0 0
24399 1614 0 0
25078 912 0 0
24962 874 0 0
24626 1662 0 0
25291 809 0 0
25532 770 0 0
25016 977 0 0
24806 1246 0 0
25348 973 1 1
25035 846 0 0
37311 949 0 0
25492 818 0 0
25070 1072 0 0
25214 784 0 0
25350 853 0 0
25179 726 0 0
25302 899 0 0
25871 287 0 0
25766 290 1 1
24793 1052 0 0
25415 796 0 0
24700 1288 0 0
25699 160 0 0
25410 928 0 0
25279 817 0 0
24751 1268 1 1
25339 954 1 1
24651 1405 0 0
24991 1083 0 0
25102 1361 0 0
24829 1291 1 1
25164 745 0 0
25365 778 1 1
24798 1166 0 0
25031 840 0 0
24931 977 0 0
24696 1369 0 0
25041 936 1 1
25029 1071 0 0
25371 572 0 0
25116 832 0 0
25286 679 0 0
24617 1376 0 0
24323 1619 0 0
25179 664 0 0
24531 1333 0 0
37064 1285 0 0
25081 804 0 0
25599 285 0 0
25202 1295 0 0
24911 1093 0 0
23984 1783 1 1
24859 1078 0 0
24833 1046 0 0
24028 1978 0 0
23996 1976 1 1
25600 602 1 1
25110 1097 1 1
25362 848 0 0
24990 1012 0 0
25806 350 0 0
25328 654 0 0
24467 1464 0 0
25351 585 0 0
25674 578 1 1
25645 299 0 0
25339 819 0 0
25165 944 1 1
25572 441 0 0
25425 673 0 0
24825 1238 0 0
25031 999 0 0
24508 1619 0 0
25655 463 0 0
25275 710 0 0
24451 1677 0 0
25578 455 0 0
24810 992 0 0
24890 1322 0 0
24845 1020 0 0
25210 924 0 0
25203 1064 0 0
24392 1416 0 0
24536 1511 0 0
25503 692 0 0
25554 377 0 0
24275 1737 0 0
26326 411 1 1
24893 985 0 0
24851 1463 1 1
24718 1376 3 3
37125 920 2 2
24753 1201 0 0
25373 701 0 0
25106 1066 0 0
24861 1010 1 1
24841 1160 0 0
24989 810 1 1
24424 1596 0 0
24272 1836 0 0
25428 678 0 0
25006 1247 5 5
25246 1184 0 0
25676 529 0 0
25355 664 1 1
25318 536 0 0
25523 434 0 0
25094 974 1 1
25514 329 0 0
24545 1368 2 2
24994 1076 0 0
23989 1990 0 0
25159 1102 1 1
25124 1095 0 0
25196 685 1 1
25424 965 1 1
24823 1209 0 0
25243 748 0 0
25156 945 0 0
24755 1028 0 0
24802 1263 2 2
24745 1295 1 1
24736 1283 0 0
25210 722 0 0
25399 769 0 0
24847 1051 1 1
25260 825 1 1
24938 1032 0 0
24954 1017 0 0
24834 1287 1 1
25076 1083 0 0
24663 1243 1 1
24796 1164 0 0
24364 1703 2 2
25053 1211 1 1
25130 789 0 0
24721 1151 0 0
25076 887 1 1
25514 609 0 0
23821 2040 0 0
24844 1350 0 0
25089 1030 0 0
26078 611 2 2
25040 906 0 0
24462 1640 0 0
25454 936 0 0
25112 952 1 1
24885 1147 1 1
24926 1508 0 0
24446 1957 1 1
25208 979 1 1
36702 1492 2 2
25179 870 2 2
23634 2361 0 0
36691 1533 1 1
25192 1037 1 1
25051 960 0 0
25639 726 1 1
25419 398 0 0
25116 845 1 1
25575 832 0 0
25148 920 0 0
25139 757 0 0
25852 577 0 0
25110 1128 0 0
24538 1458 0 0
25016 815 2 2
25501 675 0 0
24359 1513 0 0
25728 543 1 1
24134 1668 0 0
25211 853 0 0
23652 2233 0 0
25223 1118 0 0
25253 1217 0 0
25247 835 1 1
25385 530 1 1
24858 1212 0 0
25644 437 1 1
24913 1144 0 0
25112 866 0 0
37059 1244 0 0
25436 627 0 0
25112 837 0 0
23996 1857 0 0
25362 685 0 0
25364 755 0 0
25636 381 0 0
25600 650 0 0
25553 674 1 1
24705 1560 0 0
24702 1062 0 0
23322 2676 0 0
24856 1140 0 0
25137 1023 0 0
24705 1513 0 0
23708 2423 0 0
25130 1336 1 1
25512 771 1 1
25163 894 0 0
25460 563 0 0
25757 703 0 0
25555 487 1 1
25055 1138 0 0
25094 1265 0 0
25402 646 0 0
24801 1163 2 2
25323 1193 1 1
24968 820 0 0
24816 1157 0 0
25072 1259 0 0
24658 1443 1 1
23855 2234 0 0
25305 780 0 0
24672 1276 1 1
24864 1443 1 1
24309 1685 0 0
25617 556 0 0
25425 879 0 0
24335 1797 0 0
24634 1397 1 1
25364 850 0 0
36957 1413 0 0
24471 1450 0 0
25748 883 0 0
25652 478 3 3
24620 1475 0 0
36816 1187 0 0
25037 1056 0 0
25038 1021 0 0
24820 1204 0 0
25351 610 0 0
25408 1014 1 1
25097 1144 0 0
25410 642 0 0
25248 834 1 1
25693 483 0 0
25602 541 0 0
25110 1141 0 0
24657 1309 0 0
24132 2050 0 0
25696 570 2 2
24806 1256 1 1
23823 2273 0 0
24740 1216 1 1
24588 1292 0 0
24685 1286 0 0
24791 1375 0 0
24610 1493 0 0
24854 1290 0 0
24969 1205 0 0
24463 1521 1 1
24554 1605 1 1
24847 1061 0 0
25115 1219 2 2
25562 981 0 0
24948 1217 0 0
24947 1012 0 0
25457 1000 0 0
24708 1426 0 0
24599 1439 0 0
25251 1237 0 0
24856 1156 0 0
25075 1117 1 1
25740 670 0 0
24980 966 0 0
25618 593 1 1
25132 1262 1 1
25387 949 1 1
24974 856 0 0
25205 1462 0 0
24373 1642 0 0
25520 454 0 0
25300 1359 1 1
24918 1043 0 0
25502 672 0 0
25466 494 1 1
24577 1410 0 0
24846 1405 0 0
25326 733 1 1
24787 1358 0 0
25128 1000 0 0
24706 1193 0 0
24842 1072 1 1
25247 692 0 0
25039 885 0 0
24243 1607 0 0
24649 1221 0 0
25016 894 0 0
24910 1080 1 1
24260 1827 0 0
25356 624 0 0
24883 1309 1 1
25283 716 0 0
24154 2043 2 2
25140 858 0 0
24706 1454 0 0
24484 1658 0 0
25800 299 0 0
25465 453 0 0
24645 1408 1 1
25088 885 0 0
24634 1584 0 0
24524 1706 0 0
24587 1462 0 0
26003 164 0 0
24709 1241 0 0
25213 1093 0 0
24426 1652 0 0
24164 1738 0 0
24688 1570 0 0
25194 947 0 0
25629 812 1 1
25638 686 0 0
24634 1427 1 1
25335 938 2 2
25734 420 0 0
25322 770 0 0
25046 970 0 0
24889 1667 0 0
24995 1022 0 0
25106 993 2 2
24474 1459 2 2
24729 1264 0 0
24680 1207 0 0
25336 869 0 0
25070 1172 0 0
24340 1939 0 0
24546 1462 0 0
25165 908 1 1
25387 764 0 0
24770 1160 0 0
25130 1009 0 0
25201 904 0 0
25242 768 0 0
24407 1539 2 2
25120 1003 0 0
24907 1365 0 0
24726 1297 0 0
25927 421 0 0
25260 772 0 0
23751 2241 0 0
25126 1224 0 0
24602 1161 3 3
25054 936 0 0
37626 968 1 1
25294 624 0 0
24896 1067 0 0
25565 744 0 0
24955 1002 0 0
24581 1345 0 0
25425 700 0 0
24868 1221 0 0
24804 1045 1 1
24608 1279 0 0
25208 739 0 0
24480 1586 0 0
25313 1073 0 0
24866 1309 0 0
25078 1055 0 0
24883 1058 1 1
24895 1178 0 0
24516 1437 2 2
25254 826 0 0
24881 1036 0 0
24980 1261 0 0
25181 792 0 0
24795 1206 0 0
25137 958 0 0
24575 1284 0 0
25232 836 0 0
25158 788 1 1
25434 547 2 2
25604 724 0 0
24960 864 0 0
25028 1064 0 0
25529 734 1 1
25121 859 1 1
25095 1020 0 0
24814 912 0 0
24995 910 0 0
25040 1260 0 0
25394 669 1 1
25250 976 1 1
25152 742 0 0
25373 891 0 0
25854 583 2 2
25371 582 1 1
25287 898 2 2
24798 1114 0 0
25479 606 2 2
24884 1153 0 0
23958 2146 2 2
25525 683 1 1
25231 971 2 2
25364 831 0 0
25141 1149 0 0
24733 1164 1 1
25091 1025 0 0
24795 1242 0 0
25688 865 1 1
25154 753 0 0
24940 1106 1 1
25687 670 2 2
24512 1594 0 0
24931 1179 0 0
24606 1254 2 2
25609 477 0 0
25120 626 1 1
25262 717 0 0
24832 1133 1 1
25153 914 0 0
24813 1220 0 0
25253 692 0 0
24613 1606 0 0
25241 826 1 1
25369 733 0 0
25658 651 0 0
25027 834 0 0
25138 675 0 0
24923 1081 0 0
24761 1525 0 0
25216 1084 0 0
24515 1509 0 0
24868 1190 0 0
25153 1076 0 0
25278 974 0 0
25400 647 1 1
25108 977 0 0
24766 1582 0 0
25457 833 1 1
25921 643 0 0
25292 810 1 1
24957 1308 1 1
25538 589 0 0
24990 1222 0 0
25672 480 0 0
24993 1263 0 0
25062 966 0 0
25018 916 0 0
25111 1079 0 0
26135 297 0 0
25241 873 0 0
24624 1308 0 0
25528 797 0 0
25044 1078 0 0
25231 966 0 0
25069 769 1 1
25004 1240 0 0
24457 1475 0 0
24965 1008 0 0
25528 520 0 0
25101 1086 0 0
25284 680 0 0
25303 885 0 0
25449 549 1 1
25290 589 1 1
24760 1576 0 0
24783 1275 0 0
24885 1319 0 0
25691 841 0 0
24928 1046 0 0
25022 922 0 0
25309 922 0 0
25086 951 0 0
24808 1133 0 0
25034 1328 2 2
24870 1041 1 1
24707 1709 0 0
25287 1009 0 0
24479 1680 0 0
24833 1203 0 0
25172 1014 0 0
25019 1109 0 0
25170 760 0 0
25374 602 1 1
24653 1706 1 1
25492 536 0 0
25373 727 0 0
25234 868 0 0
25668 814 1 1
24852 1207 1 1
25514 828 1 1
25028 1178 1 1
25496 513 0 0
24615 1280 0 0
25338 641 0 0
25564 413 0 0
24435 1644 0 0
24530 1581 0 0
25253 697 0 0
24579 1251 0 0
25130 1071 0 0
24163 1853 0 0
24244 1961 0 0
25155 922 0 0
24479 1402 0 0
25109 830 2 2
24195 1921 0 0
23689 2310 0 0
24744 1398 0 0
25563 796 0 0
24990 886 0 0
25750 740 0 0
25290 650 0 0
25547 686 0 0
25438 997 0 0
24794 1355 0 0
25163 990 0 0
25432 830 0 0
25046 930 0 0
25452 650 0 0
25571 747 0 0
24921 1079 0 0
25179 1290 1 1
23756 2478 2 2
25088 844 0 0
24524 1801 0 0
24217 1785 0 0
25084 925 1 1
25597 580 0 0
25266 841 0 0
25201 1132 0 0
25282 827 2 2
25120 930 0 0
25545 479 0 0
25779 361 1 1
25203 845 1 1
25563 636 0 0
23813 2578 0 0
25167 686 0 0
24675 1702 0 0
24518 1440 0 0
25071 743 0 0
24897 1288 0 0
24492 1754 0 0
24753 1269 0 0
24331 1758 0 0
25046 719 1 1
25343 726 1 1
25389 789 0 0
24361 1582 1 1
24670 1571 2 2
25014 877 0 0
25320 920 0 0
24710 1296 1 1
24591 1587 0 0
25642 705 0 0
25189 775 0 0
25679 703 0 0
25112 803 0 0
25282 735 0 0
25311 869 0 0
24541 1616 0 0
25115 733 0 0
25670 858 0 0
24922 1209 1 1
25032 1392 0 0
25521 555 0 0
25072 1065 0 0
24387 1673 2 2
25522 754 2 2
25594 536 0 0
24770 1335 0 0
25431 459 0 0
25164 965 0 0
25460 935 0 0
25309 673 1 1
25789 181 0 0
24789 1408 0 0
24493 1543 0 0
25194 874 1 1
25725 858 1 1
25310 1013 0 0
25385 613 2 2
25156 879 0 0
25417 747 0 0
25474 884 0 0
24943 1301 0 0
25409 512 0 0
24991 1004 0 0
25241 749 0 0
25429 879 0 0
24865 1473 0 0
24219 1687 0 0
24739 1130 2 2
25425 781 0 0
25261 827 1 1
24907 1029 0 0
25306 1124 0 0
25409 668 1 1
25065 1096 0 0
25487 821 0 0
24194 1904 0 0
25065 944 0 0
25260 762 2 2
25530 629 0 0
25755 597 0 0
25100 929 0 0
24727 1400 0 0
25290 544 0 0
24807 1463 0 0
24701 1357 0 0
25423 620 1 1
24577 1275 1 1
25117 958 0 0
25112 882 0 0
24333 1529 1 1
24871 1157 0 0
25324 941 0 0
24718 1020 1 1
24827 1186 0 0
25665 642 0 0
25697 474 0 0
23386 2557 1 1
25793 769 0 0
24368 1921 0 0
24736 1361 0 0
25324 782 0 0
25249 702 0 0
24346 1800 0 0
25133 1176 1 1
25117 806 0 0
24434 1543 0 0
25191 811 2 2
23958 1996 0 0
25089 956 0 0
24477 1382 0 0
24845 1153 0 0
24803 1119 0 0
25210 1049 0 0
25429 480 1 1
25530 408 0 0
25045 983 0 0
24482 1558 1 1
25731 326 0 0
25690 447 0 0
24966 1139 0 0
24691 1293 1 1
24428 1729 0 0
24843 1203 0 0
24901 1324 0 0
24648 1195 0 0
25422 658 0 0
25061 962 0 0
24638 1461 0 0
24088 1783 0 0
26021 283 0 0
25243 947 0 0
25669 384 0 0
24170 2401 0 0
25612 496 0 0
24677 1151 0 0
25108 1132 0 0
24597 1483 0 0
24703 1245 0 0
24960 1020 0 0
24718 1138 0 0
25558 401 0 0
25584 467 0 0
24781 1533 0 0
25329 729 0 0
25140 933 0 0
25676 257 0 0
25343 683 1 1
24469 1321 0 0
24616 1732 1 1
24526 1420 0 0
24317 1719 0 0
24628 1427 1 1
24951 1189 0 0
24776 1477 0 0
24881 1327 1 1
25365 945 0 0
24663 1156 0 0
24352 1686 0 0
25415 455 0 0
25028 1334 0 0
25426 811 0 0
25562 836 0 0
25634 793 0 0
24858 1161 0 0
25286 680 0 0
24695 1248 0 0
25568 572 2 2
24657 1648 0 0
24787 1195 0 0
24729 1455 0 0
25081 1151 0 0
25430 447 3 3
25091 1052 0 0
25636 699 0 0
24785 1171 0 0
25674 505 1 1
24848 1324 0 0
25339 809 0 0
25119 895 0 0
25794 406 0 0
25285 739 0 0
25461 609 0 0
26005 379 0 0
25437 853 0 0
25548 828 0 0
24191 1808 0 0
25238 642 0 0
24804 1386 1 1
24749 1292 0 0
25633 729 0 0
24771 1379 0 0
24799 1330 0 0
24930 1400 0 0
26081 194 0 0
24852 1162 0 0
24716 1618 0 0
25448 868 0 0
25110 900 0 0
24743 1265 1 1
25361 1261 0 0
25099 731 0 0
25069 1183 1 1
24873 1141 2 2
24850 1209 0 0
25440 528 0 0
25262 856 0 0
25274 605 1 1
24420 1548 0 0
24536 1375 2 2
25186 875 0 0
25701 362 0 0
25280 1031 0 0
24649 1509 2 2
25211 936 0 0
25184 853 2 2
25319 745 0 0
25181 877 0 0
24468 1827 1 1
24572 1528 0 0
24695 1374 0 0
25369 920 0 0
24434 1614 0 0
26048 369 0 0
25283 1118 0 0
25168 920 0 0
24930 1142 0 0
25271 772 0 0
24798 1194 0 0
25009 1238 0 0
25452 857 0 0
25959 288 0 0
24167 1796 0 0
24653 1260 0 0
24551 1891 1 1
25190 919 2 2
24633 1113 0 0
24630 1650 0 0
25261 867 0 0
25291 706 0 0
25055 1198 1 1
24510 1323 0 0
25190 789 0 0
24681 1299 0 0
25488 640 1 1
25207 1155 0 0
24288 1486 0 0
24502 1576 0 0
25569 536 0 0
25076 1056 0 0
25223 867 0 0
24995 1243 0 0
25137 892 1 1
24829 1094 0 0
24579 1548 0 0
36376 1834 0 0
25217 1209 0 0
25759 773 0 0
25538 443 1 1
25503 421 0 0
26043 213 0 0
24748 1031 1 1
25230 738 1 1
24822 1332 0 0
25098 856 1 1
24668 1231 0 0
25517 725 0 0
26013 468 0 0
25759 326 3 3
25297 841 0 0
24477 1345 0 0
25527 717 1 1
25055 951 1 1
25573 397 0 0
25141 886 0 0
24470 1401 0 0
25468 449 0 0
25432 504 0 0
25409 793 0 0
25518 636 0 0
25313 1001 0 0
24430 1555 0 0
25191 716 0 0
25651 479 0 0
25484 602 0 0
24608 1391 0 0
25373 809 1 1
25351 949 0 0
24932 1162 5 5
24948 1013 1 1
25029 1059 0 0
25655 338 0 0
24861 910 0 0
24967 903 0 0
25227 742 1 1
25176 782 2 2
25255 545 1 1
24989 1269 0 0
25278 638 0 0
25492 449 0 0
24887 1132 0 0
25155 847 0 0
24864 1077 1 1
23884 2465 0 0
25526 836 1 1
25551 562 2 2
37215 863 0 0
25021 1079 0 0
25617 517 2 2
24352 1895 0 0
