71464 6902 0 0
12833 12129 0 0
13703 11302 2 2
13583 11125 0 0
14114 10877 0 0
14316 10751 1 1
13160 11859 0 0
15292 9688 0 0
14471 10638 0 0
13951 11102 0 0
23565 1384 0 0
35620 1397 0 0
21994 3018 0 0
24359 543 0 0
23879 1311 3 3
23496 1561 1 1
24253 804 1 1
24297 861 2 2
24085 812 0 0
23731 1213 0 0
24327 759 0 0
24610 397 0 0
24132 728 0 0
24138 735 0 0
23911 1063 0 0
23833 1230 0 0
23431 1417 1 1
24284 663 0 0
24052 810 0 0
24066 990 0 0
23496 1345 0 0
24117 776 0 0
24138 663 0 0
23666 1311 0 0
23783 1141 0 0
24467 663 0 0
24622 304 0 0
23438 1453 0 0
23983 1163 4 4
24531 374 0 0
23555 1456 0 0
23278 1660 0 0
23851 1098 0 0
23630 1277 0 0
24460 489 1 1
23675 1312 0 0
23778 1133 0 0
24012 1047 0 0
23015 1988 0 0
23910 988 0 0
23951 937 0 0
24481 404 0 0
35734 1218 1 1
23828 1203 0 0
23970 965 1 1
23435 1493 0 0
23321 1620 0 0
23816 1108 1 1
24598 489 3 3
23952 1062 2 2
23547 1480 1 1
23096 1773 0 0
24649 308 1 1
24268 647 2 2
23702 1288 1 1
24241 847 0 0
23814 1238 0 0
24117 863 0 0
23530 1440 0 0
23658 1338 0 0
24082 704 1 1
23950 1027 1 1
24599 435 0 0
24189 940 1 1
23681 1271 0 0
24161 726 0 0
23974 1007 4 4
24142 752 0 0
23935 992 0 0
24244 740 0 0
23905 899 0 0
24126 830 0 0
24621 383 0 0
23560 1293 0 0
23312 1745 1 1
23960 928 0 0
23498 1516 1 1
24572 438 0 0
24162 908 0 0
23956 1053 0 0
23770 1089 1 1
24361 562 0 0
24016 1021 1 1
23691 1151 1 1
23970 986 0 0
24075 1026 0 0
24043 828 1 1
24158 722 0 0
23492 1455 1 1
24286 834 0 0
23503 1381 0 0
24289 742 0 0
35825 1158 0 0
24114 665 0 0
23231 1680 0 0
23933 1133 0 0
24139 791 0 0
24474 721 1 1
24565 455 3 3
24026 923 0 0
24000 918 0 0
24306 853 1 1
23383 1703 1 1
24449 491 2 2
23981 987 0 0
24569 865 0 0
24146 959 0 0
23353 1684 1 1
23971 828 1 1
24085 801 0 0
24142 820 0 0
24200 684 1 1
23958 956 0 0
23953 939 0 0
23707 1224 0 0
23795 1156 0 0
23914 1006 2 2
23811 1288 0 0
24559 369 0 0
24565 485 3 3
23875 1154 1 1
23817 1246 0 0
23699 1323 0 0
24132 809 0 0
23906 961 0 0
23726 1105 1 1
24098 927 0 0
24217 875 2 2
24215 753 0 0
24522 405 0 0
24563 483 1 1
24425 568 1 1
23673 1286 0 0
24585 385 2 2
24144 760 0 0
24009 986 1 1
24117 843 0 0
23888 1241 0 0
24177 772 0 0
23615 1562 2 2
23682 1246 2 2
24205 728 1 1
24032 976 3 3
24152 691 0 0
24028 868 1 1
24188 734 3 3
23899 1127 0 0
23692 1267 1 1
24469 620 0 0
23831 1084 0 0
24078 883 1 1
24521 430 0 0
23979 818 0 0
24760 162 0 0
24144 873 0 0
24434 511 2 2
23733 1168 0 0
23658 1294 0 0
24249 655 0 0
23662 1186 0 0
23923 1083 0 0
23780 1242 0 0
24185 923 2 2
23443 1570 0 0
24194 845 0 0
24133 764 0 0
23204 1729 0 0
24092 855 0 0
24109 823 0 0
23901 1062 1 1
23764 1223 0 0
24083 1001 2 2
24125 790 1 1
35939 958 1 1
24189 842 0 0
24064 943 0 0
24086 828 1 1
24100 933 1 1
24080 892 0 0
24086 849 1 1
24606 275 1 1
24636 274 1 1
24053 972 1 1
24252 730 0 0
23667 1180 0 0
24729 181 0 0
24182 976 2 2
24151 827 1 1
23680 1147 0 0
23869 992 0 0
23591 1398 0 0
23805 1150 2 2
23689 1328 0 0
23713 1247 0 0
24156 704 0 0
24289 786 0 0
23779 1149 0 0
24079 833 0 0
23888 959 0 0
23594 1327 1 1
24089 913 0 0
23776 1083 0 0
24421 578 0 0
24110 783 0 0
24227 774 0 0
23590 1342 0 0
23375 1524 1 1
24226 646 0 0
23582 1388 0 0
36031 1339 0 0
24013 810 0 0
24570 291 1 1
23883 1248 1 1
23805 1082 0 0
23091 1848 1 1
23978 980 0 0
24037 988 0 0
22785 1994 1 1
22929 1976 1 1
24310 544 1 1
23929 1091 2 2
24120 875 0 0
23922 951 0 0
24715 283 0 0
24327 625 1 1
23571 1417 0 0
24236 559 0 0
24345 624 0 0
24637 243 0 0
24222 734 0 0
24009 961 1 1
24494 441 0 0
24330 730 0 0
23728 1243 3 3
24007 955 0 0
23273 1599 0 0
24516 423 0 0
24232 744 0 0
23322 1722 5 5
24518 407 0 0
23867 896 0 0
23623 1338 0 0
23949 989 1 1
23940 921 1 1
24114 870 0 0
23489 1401 0 0
23466 1538 0 0
24225 651 1 1
24568 366 0 0
23078 1794 0 0
24829 388 1 1
23929 924 0 0
23508 1404 1 1
23490 1451 2 2
36146 923 0 0
23792 1162 0 0
24210 712 0 0
23950 1098 5 5
24016 968 2 2
23876 1124 0 0
24144 750 0 0
23351 1573 0 0
23100 1767 0 0
24256 720 1 1
23821 1255 0 0
23917 1076 0 0
24421 552 0 0
24234 631 2 2
24479 514 0 0
24576 432 0 0
23985 1051 0 0
24552 349 0 0
23616 1364 0 0
23860 1166 0 0
22952 1988 1 1
23730 1143 1 1
23783 1138 1 1
24337 667 0 0
23978 976 1 1
23891 1042 0 0
24234 737 0 0
23987 994 2 2
24000 958 0 0
23770 1237 0 0
23641 1264 0 0
23667 1298 1 1
24102 776 0 0
24369 760 0 0
23973 1011 0 0
24123 835 0 0
23914 1000 0 0
23933 985 2 2
23748 1240 0 0
24085 1080 0 0
23627 1281 0 0
23727 1171 0 0
23347 1622 2 2
23860 1169 0 0
24295 686 0 0
23935 1022 1 1
24038 895 1 1
24361 590 0 0
22865 2020 1 1
23690 1319 0 0
24020 1045 1 1
24812 512 0 0
24084 924 0 0
23500 1616 0 0
24030 871 0 0
24012 920 0 0
23915 1081 1 1
23672 1459 0 0
22936 2116 1 1
24077 1042 1 1
35758 1318 0 0
23946 869 1 1
22494 2462 2 2
35488 1449 0 0
24078 1019 1 1
24243 851 0 0
24380 632 0 0
24479 432 0 0
24131 809 2 2
24193 840 1 1
24056 857 1 1
24125 753 0 0
24558 472 0 0
23845 1218 0 0
23638 1356 0 0
24176 779 0 0
24229 683 0 0
23373 1525 0 0
24652 604 0 0
23282 1625 0 0
24237 789 1 1
22384 2438 0 0
23814 1106 0 0
23891 1221 0 0
24114 869 0 0
24345 557 0 0
23681 1233 1 1
24387 464 0 0
23783 1146 0 0
24021 933 0 0
35762 1204 1 1
24448 497 1 1
23984 800 0 0
22952 2022 0 0
24392 653 0 0
24200 793 1 1
24601 357 0 0
24478 585 0 0
24441 610 1 1
23335 1609 0 0
23709 1063 0 0
22448 2512 0 0
23786 1106 1 1
23948 1067 0 0
23663 1475 0 0
22534 2354 0 0
23532 1306 0 0
24130 822 0 0
24111 845 0 0
24298 648 0 0
24403 714 0 0
24448 499 0 0
23824 1155 0 0
23752 1121 0 0
24242 723 1 1
23825 1135 0 0
23958 1211 2 2
23995 878 0 0
23722 1243 4 4
23811 1126 0 0
23541 1407 1 1
22859 2138 0 0
24264 718 0 0
23625 1379 0 0
23620 1503 2 2
23192 1706 0 0
24526 511 0 0
24061 896 0 0
23175 1745 0 0
23640 1342 0 0
24124 860 0 0
35703 1454 1 1
23627 1333 0 0
24501 921 0 0
24554 503 0 0
23457 1481 1 1
35791 1218 0 0
24042 1018 0 0
23866 1055 1 1
23886 1113 0 0
24174 650 1 1
24293 985 0 0
23909 1327 0 0
24382 755 1 1
24295 808 0 0
24511 520 0 0
24520 497 0 0
24068 1144 2 2
23739 1174 1 1
22916 2039 0 0
24395 556 1 1
23787 1120 2 2
22931 2139 0 0
23723 1276 0 0
23685 1236 0 0
23767 1243 0 0
23547 1312 0 0
23546 1500 1 1
23874 1193 0 0
23585 1214 0 0
23535 1405 0 0
23304 1613 0 0
23949 988 0 0
23810 1292 0 0
24161 958 3 3
23741 1147 0 0
23917 954 0 0
24051 979 0 0
23552 1390 0 0
23419 1544 0 0
23946 1130 0 0
23919 1131 1 1
23786 1174 0 0
24341 623 0 0
23977 1018 0 0
24507 530 1 1
23699 1338 1 1
24038 987 1 1
24004 818 0 0
23693 1437 0 0
23359 1584 0 0
24419 561 0 0
23858 1250 0 0
24018 993 0 0
24206 702 1 1
24370 457 1 1
23622 1427 0 0
23629 1333 1 1
24227 637 0 0
23754 1275 0 0
23869 1055 3 3
23749 1113 0 0
23941 985 0 0
24351 576 0 0
24132 859 0 0
23426 1547 2 2
23805 1144 0 0
24050 834 0 0
23940 989 2 2
23145 1779 1 1
24149 745 0 0
23825 1205 1 1
24107 782 1 1
23030 2033 1 1
24049 863 1 1
23513 1478 3 3
23272 1686 0 0
24683 285 0 0
24537 444 3 3
23631 1315 0 0
24144 859 0 0
23545 1486 3 3
23365 1621 0 0
23565 1459 0 0
24753 155 0 0
23674 1255 4 4
23912 1036 0 0
23604 1335 0 0
23076 1768 0 0
23452 1515 0 0
24127 852 0 0
24359 839 1 1
24553 665 1 1
23612 1356 0 0
24204 942 0 0
24659 364 3 3
24204 793 0 0
24006 890 0 0
23459 1732 2 2
23783 1120 0 0
24075 942 0 0
23665 1370 0 0
23716 1221 0 0
23764 1165 0 0
24106 806 0 0
23944 1087 1 1
23110 1961 0 0
23441 1574 0 0
24033 906 1 1
24062 733 1 1
23885 1073 0 0
23899 1025 0 0
24237 820 0 0
24144 731 0 0
23325 1544 0 0
23983 1019 0 0
23596 1387 0 0
23779 1264 0 0
24584 383 1 1
24289 692 0 0
22666 2283 0 0
23871 1230 0 0
23544 1266 0 0
24181 828 0 0
36103 937 0 0
24380 576 0 0
23943 1024 0 0
24370 780 3 3
24003 1002 0 0
23399 1430 1 1
24196 705 0 0
23764 1210 0 0
23908 1042 0 0
23652 1265 3 3
24176 737 0 0
23666 1465 0 0
23874 1145 0 0
23673 1340 0 0
23884 1013 0 0
23873 1046 0 0
23887 1121 0 0
23500 1451 1 1
24141 822 0 0
23755 1058 1 1
23747 1333 1 1
24299 730 0 0
23703 1196 0 0
23934 999 1 1
23728 1327 0 0
24195 828 0 0
24217 849 0 0
24445 521 2 2
24289 699 0 0
24036 889 0 0
24006 1015 0 0
24267 745 0 0
23959 883 0 0
24115 959 0 0
23856 927 0 0
24030 922 0 0
23725 1282 1 1
24299 640 0 0
23993 1003 0 0
24247 713 2 2
24128 871 0 0
24442 545 0 0
24310 584 0 0
24095 874 1 1
23749 1180 0 0
24383 602 0 0
23627 1203 0 0
22899 2067 0 0
24217 716 1 1
24240 939 1 1
24111 784 0 0
23828 1118 0 0
23694 1067 0 0
23990 981 0 0
23816 1203 0 0
24287 833 1 1
24335 679 0 0
23962 1022 0 0
24426 571 0 0
23686 1357 0 0
23801 1219 0 0
23694 1184 0 0
24424 452 0 0
24166 667 0 0
24164 706 0 0
23882 1096 0 0
24073 865 0 0
23637 1243 0 0
24275 680 0 0
23450 1622 0 0
24124 819 0 0
24237 679 0 0
24374 747 0 0
24139 887 0 0
24193 689 1 1
23865 1123 0 0
23433 1536 0 0
24055 934 0 0
23603 1455 0 0
23777 1176 0 0
23806 1093 0 0
24145 872 0 0
24268 653 0 0
24066 975 0 0
23401 1582 0 0
24218 800 0 0
24549 652 0 0
24146 892 1 1
23949 1167 0 0
24339 630 1 1
23742 1167 1 1
24505 491 0 0
23974 1187 0 0
23960 888 0 0
23995 833 0 0
23985 1007 0 0
24863 307 2 2
24212 872 0 0
23710 1239 0 0
24470 757 1 1
23794 1136 0 0
24124 961 0 0
24116 727 0 0
23893 1189 0 0
23451 1474 1 1
23868 984 0 0
24395 501 0 0
24007 1026 0 0
24200 636 0 0
24071 841 1 1
24434 515 1 1
24428 565 1 1
23405 1535 1 1
23707 1234 0 0
23498 1372 0 0
24416 881 0 0
23733 1120 0 0
23902 958 0 0
24049 973 5 5
24058 919 1 1
23917 1035 0 0
23729 1311 2 2
23818 1106 1 1
23534 1599 0 0
24094 956 1 1
23346 1598 1 1
23873 1154 0 0
23921 1041 1 1
23883 808 1 1
24239 726 0 0
24398 513 0 0
23366 1650 0 0
24418 550 0 0
24243 669 0 0
24101 801 0 0
24297 710 1 1
23697 1209 8 8
24170 812 0 0
23872 1127 0 0
24628 484 0 0
23533 1290 0 0
24358 579 1 1
24678 394 2 2
23345 1600 0 0
23499 1451 0 0
24278 701 0 0
23657 1256 2 2
23792 1143 0 0
23294 1674 0 0
23023 1967 0 0
24029 922 1 1
23547 1351 0 0
24139 835 1 1
23053 1980 0 0
22715 2182 0 0
23607 1370 0 0
24080 842 0 0
24029 909 0 0
24365 724 0 0
24253 631 0 0
24244 662 0 0
24122 979 1 1
23716 1382 1 1
24161 893 0 0
24285 781 0 0
23925 939 1 1
24338 626 0 0
24293 707 0 0
23912 1066 0 0
23961 1170 0 0
22468 2475 1 1
24055 818 0 0
23287 1705 0 0
23141 1705 0 0
23999 970 0 0
24363 564 0 0
24117 639 0 0
24112 995 0 0
24131 756 0 0
23992 984 2 2
24549 458 0 0
24494 378 2 2
24116 840 0 0
24424 587 2 2
22685 2448 0 0
24171 650 0 0
23411 1713 0 0
23477 1447 0 0
24145 729 0 0
23711 1275 0 0
23126 1797 2 2
23684 1251 0 0
23348 1632 1 1
24136 671 1 1
24185 612 1 1
24092 854 0 0
23319 1556 0 0
23357 1634 0 0
23955 910 0 0
24064 791 0 0
23690 1302 0 0
23430 1558 0 0
24534 765 1 1
24201 689 1 1
24430 658 1 1
24088 797 0 0
24231 750 0 0
24396 752 0 0
23490 1507 0 0
24258 685 0 0
24306 860 0 0
23639 1222 1 1
23822 1407 0 0
24313 603 0 0
24006 1039 0 0
23300 1696 0 0
24306 688 0 0
24437 505 1 1
23669 1314 0 0
24377 498 0 0
23922 953 0 0
24038 947 0 0
24306 685 0 0
24747 169 0 0
23572 1283 1 1
23481 1547 0 0
24122 854 1 1
24281 794 0 0
24009 900 0 0
24397 523 2 2
24142 788 0 0
24191 751 0 0
24021 840 0 0
23879 1245 1 1
24492 531 0 0
23892 981 0 0
24311 748 0 0
24104 858 0 0
23505 1482 0 0
23075 1784 0 0
23873 1111 1 1
24247 736 0 0
24150 906 0 0
23830 972 0 0
23803 1217 0 0
24216 680 2 2
23918 1111 0 0
23999 860 0 0
23208 1860 1 1
23909 969 0 0
24222 724 0 0
24243 694 0 0
24654 567 0 0
24088 905 0 0
23570 1363 0 0
24306 574 0 0
23590 1347 0 0
23729 1228 0 0
24259 620 1 1
23803 1133 0 0
23801 973 1 1
24117 878 0 0
23446 1522 0 0
23721 1191 0 0
24183 880 0 0
23831 1053 0 0
23766 1164 0 0
24185 704 0 0
24527 468 0 0
22537 2455 0 0
24264 872 0 0
23256 1811 1 1
23846 1245 0 0
24164 802 2 2
24149 698 1 1
23456 1703 1 1
23696 1257 0 0
24105 830 0 0
23329 1568 0 0
24185 822 0 0
23037 1892 1 1
24020 970 0 0
23590 1296 1 1
23848 1065 0 0
23978 949 0 0
23959 1008 0 0
24435 480 1 1
24552 367 0 0
23995 836 1 1
23531 1424 0 0
24497 383 0 0
24416 500 0 0
23923 1038 0 0
23730 1186 0 0
23352 1727 0 0
23754 1248 0 0
23585 1270 1 1
23736 1156 0 0
24216 606 0 0
23683 992 0 0
23470 1496 0 0
23108 1778 0 0
24791 293 0 0
24114 911 0 0
24579 320 1 1
23030 2100 0 0
24658 479 0 0
23852 1080 0 0
23763 1032 0 0
23405 1489 0 0
23747 1196 0 0
23979 1002 0 0
23745 1161 0 0
24540 392 0 0
24518 459 0 0
23377 1586 0 0
24221 715 1 1
24170 878 0 0
24668 268 0 0
24226 677 0 0
23720 1254 0 0
23344 1695 0 0
23596 1384 0 0
23444 1621 0 0
23537 1416 1 1
23899 1197 0 0
23686 1485 0 0
23648 1360 1 1
23885 921 0 0
23700 1135 0 0
23225 1668 0 0
24539 459 1 1
23723 1284 0 0
24221 748 0 0
24238 801 0 0
24604 781 0 0
23710 1156 0 0
24180 668 0 0
23734 1208 1 1
24192 635 0 0
23293 1615 0 0
23942 1115 0 0
23676 1409 0 0
23698 1148 1 1
24499 453 0 0
24092 954 0 0
24227 647 1 1
23719 1107 0 0
24373 498 0 0
23485 1275 0 0
24182 825 1 1
23899 1037 0 0
24511 488 0 0
24124 702 0 0
24404 591 0 0
24716 329 0 0
24198 858 0 0
24198 823 0 0
23094 1783 0 0
24195 653 0 0
23720 1343 0 0
23797 1278 0 0
24267 686 0 0
23604 1380 0 0
23605 1377 1 1
23507 1577 0 0
24728 191 0 0
23920 1098 0 0
23660 1392 0 0
24147 729 0 0
24008 937 0 0
23703 1183 1 1
24026 1126 0 0
24135 763 1 1
23722 1110 1 1
23890 1103 1 1
23963 1134 0 0
24473 483 1 1
24213 759 0 0
24340 568 1 1
23441 1517 0 0
23630 1318 0 0
24150 814 0 0
24702 338 0 0
24137 933 0 0
23714 1383 2 2
24015 950 0 0
24052 783 0 0
24260 743 0 0
24018 887 1 1
23215 1930 1 1
23503 1463 0 0
23561 1316 0 0
24172 951 0 0
23396 1583 0 0
24586 399 0 0
23970 1137 1 1
24103 857 0 0
23776 1207 0 0
24055 846 0 0
23824 1140 0 0
23892 1214 0 0
24200 764 0 0
24585 348 0 0
23176 1706 0 0
23666 1307 0 0
23157 1983 3 3
24224 889 1 1
23885 1117 0 0
23368 1557 0 0
24086 812 0 0
24301 620 0 0
23648 1266 0 0
23394 1338 0 0
23982 791 0 0
23637 1266 0 0
24244 705 0 0
24000 1200 5 5
23408 1525 0 0
23347 1574 0 0
24465 534 0 0
23982 1029 2 2
24088 809 0 0
23949 1123 1 1
24056 897 1 1
23856 1124 0 0
23361 1591 2 2
35274 1780 0 0
23833 1263 0 0
24330 631 0 0
24450 482 0 0
24598 352 0 0
24864 176 0 0
23882 1036 0 0
24234 735 0 0
23670 1328 0 0
24158 816 0 0
23895 1025 0 0
24245 741 0 0
24674 416 0 0
24642 283 2 2
24152 795 0 0
23524 1350 0 0
24281 734 0 0
24024 894 0 0
24464 410 1 1
24090 832 0 0
23524 1391 0 0
24396 436 0 0
24448 519 0 0
24166 809 0 0
24278 597 2 2
24062 892 0 0
23667 1375 1 1
24275 661 0 0
24321 516 1 1
24313 566 0 0
23540 1426 0 0
24214 893 0 0
24104 911 0 0
23975 1083 0 0
24002 935 0 0
24005 1032 1 1
24546 291 0 0
23941 994 0 0
23972 851 0 0
24227 745 0 0
24181 825 0 0
24219 576 1 1
23820 1236 0 0
24274 668 0 0
24467 459 0 0
23772 1176 0 0
24110 812 0 0
23938 1041 0 0
22774 2353 4 4
24299 807 1 1
24597 503 2 2
36101 847 0 0
23948 1050 1 1
24524 509 0 0
23096 1876 0 0
