30895 6409 1 1
15536 12550 10 10
16342 11701 1 1
16094 11970 0 0
17022 11304 0 0
16617 11271 0 0
15895 12226 0 0
17635 10402 1 1
17205 11010 0 0
16517 11550 0 0
26154 1440 9 9
26590 1291 0 0
24459 3054 1 1
26855 567 1 1
26401 1378 1 1
26262 1507 1 1
26919 759 3 3
27069 927 1 1
26675 830 1 1
26743 1085 0 0
26872 872 0 0
27287 419 0 0
26883 760 1 1
27458 802 0 0
26454 1057 0 0
26609 1200 0 0
26490 1482 0 0
26894 730 1 1
26681 735 0 0
26689 1102 8 8
26455 1404 0 0
26802 822 0 0
27264 715 0 0
26458 1313 2 2
26444 1270 0 0
27414 661 0 0
27356 409 0 0
26315 1483 0 0
26721 1207 2 2
27279 410 5 5
27396 1453 0 0
26133 1636 0 0
26765 1189 0 0
26399 1312 0 0
27318 507 0 0
26432 1436 8 8
26360 1180 1 1
26231 1502 0 0
25947 1960 0 0
26765 1040 6 6
26664 959 1 1
26971 460 1 1
26264 1269 0 0
26647 1119 7 7
26772 916 1 1
26557 1596 1 1
26029 1683 0 0
26376 1265 0 0
27308 477 0 0
26456 1027 0 0
26290 1383 0 0
26033 1797 0 0
27354 264 1 1
26961 718 9 9
26366 1259 2 2
27207 841 0 0
26760 1290 8 8
26951 848 0 0
26186 1558 0 0
26430 1328 0 0
27135 677 0 0
26550 1046 0 0
27278 460 0 0
26783 941 7 7
26348 1240 1 1
26858 871 0 0
26909 1093 0 0
26766 752 0 0
26744 1032 0 0
26922 735 0 0
26878 1039 0 0
26937 793 0 0
27250 366 0 0
26612 1255 2 2
25947 1752 0 0
26730 993 0 0
26122 1472 0 0
27405 469 5 5
26996 927 0 0
26791 1086 0 0
26488 1164 0 0
27225 702 1 1
26775 1050 0 0
26636 1258 1 1
26867 975 0 0
26795 1002 0 0
26888 855 9 9
27222 809 1 1
26291 1490 1 1
26885 882 0 0
26039 1438 8 8
27068 653 0 0
26650 1178 0 0
27038 774 1 1
25816 1793 0 0
26864 1120 10 10
27196 792 0 0
27178 669 1 1
27658 417 0 0
26798 906 0 0
26773 980 10 10
27412 935 0 0
26389 1635 0 0
27059 478 0 0
26952 963 1 1
26661 795 0 0
26582 902 0 0
26373 1785 5 5
27358 433 1 1
26896 738 0 0
26823 904 0 0
27161 696 1 1
26690 993 0 0
26789 1053 0 0
26348 1228 0 0
26491 1181 0 0
27148 901 0 0
26601 1271 1 1
27172 439 0 0
27357 507 0 0
26608 1222 4 4
26605 1381 1 1
26316 1351 0 0
26735 830 0 0
26857 1066 0 0
26715 1149 0 0
26877 863 0 0
26592 885 0 0
26789 795 0 0
27264 425 0 0
26991 576 0 0
27183 587 0 0
26361 1329 0 0
27430 366 0 0
27188 896 0 0
26574 994 1 1
26233 1262 2 2
26304 1304 0 0
27084 790 0 0
26399 1506 1 1
26109 1543 0 0
26887 738 0 0
26461 1043 1 1
27271 676 0 0
26800 804 0 0
26747 858 0 0
26814 1097 1 1
26606 1350 0 0
27034 673 0 0
26544 1097 0 0
26654 875 0 0
27224 575 0 0
27077 963 0 0
27379 260 0 0
27025 1011 0 0
27394 501 0 0
26652 1260 0 0
26285 1463 2 2
26979 776 0 0
26507 1250 1 1
26513 1130 0 0
26597 1343 2 2
26901 866 0 0
26261 1579 0 0
26713 871 1 1
26628 921 1 1
26593 1656 0 0
26821 843 0 0
28243 715 0 0
26781 953 0 0
26486 1216 0 0
26894 1039 0 0
26581 963 2 2
26864 965 1 1
27539 799 0 0
26647 1028 0 0
26675 832 0 0
27030 748 0 0
26724 752 0 0
26982 873 1 1
27484 255 1 1
27567 318 0 0
26453 1004 1 1
27107 746 0 0
26573 1210 0 0
27434 144 0 0
26859 953 0 0
26829 831 1 1
26310 1412 0 0
26993 1062 0 0
26364 1399 1 1
26651 1089 0 0
26752 1287 1 1
26551 1281 0 0
26826 757 0 0
26979 753 0 0
26354 1324 0 0
26768 871 0 0
26882 1153 0 0
26424 1441 0 0
26798 867 3 3
26826 1227 5 5
26955 545 0 0
26976 726 8 8
27163 784 0 0
26151 1399 0 0
26081 1505 0 0
26980 767 0 0
25942 1350 0 0
26467 1198 0 0
27062 859 6 6
27357 369 0 0
26792 1265 1 1
26855 1099 0 0
25593 1808 0 0
26493 1042 0 0
26573 1082 0 0
25978 1861 0 0
25678 1945 1 1
27375 629 0 0
27178 1169 2 2
26891 908 0 0
26814 930 0 0
29017 410 0 0
27018 620 1 1
26037 1500 0 0
26945 596 0 0
27568 589 0 0
27360 330 0 0
27137 743 0 0
26904 919 1 1
27053 484 0 0
27021 720 0 0
26485 1203 0 0
26717 903 0 0
26241 1466 0 0
27486 437 2 2
26819 791 0 0
26146 1685 1 1
27124 552 0 0
26558 1013 0 0
26591 1308 0 0
26640 975 4 4
26960 982 0 0
26963 1060 9 9
26158 1456 0 0
26139 1588 2 2
27163 758 0 0
27176 413 1 1
26029 1753 4 4
27736 487 0 0
26657 1083 0 0
26657 1482 1 1
26441 1412 0 0
26648 979 8 8
26803 1164 1 1
27305 701 0 0
26799 987 6 6
26764 847 1 1
26635 1185 0 0
26669 759 0 0
25998 1684 1 1
26193 1909 0 0
27027 662 0 0
27412 1216 1 1
27035 1227 0 0
27249 533 0 0
27152 660 1 1
26912 513 0 0
27105 423 1 1
26598 989 0 0
27146 356 1 1
26063 1435 0 0
26646 1117 0 0
25825 1939 0 0
26875 1152 0 0
26890 1026 0 0
26706 678 5 5
27026 1051 1 1
26633 1159 2 2
26802 748 0 0
26714 960 1 1
26477 1233 0 0
26282 1262 3 3
26546 1253 1 1
26461 1288 5 5
26701 765 0 0
27199 779 0 0
26915 941 0 0
26860 876 0 0
26668 934 7 7
26883 1012 0 0
26505 1336 0 0
26769 1000 0 0
26315 1329 0 0
26695 840 0 0
26204 1669 0 0
26908 1251 1 1
26634 969 0 0
26345 1223 0 0
27009 835 0 0
27054 628 0 0
25593 2098 0 0
26550 1321 1 1
26937 976 6 6
27568 627 0 0
26590 880 0 0
26220 1585 0 0
26785 1082 0 0
26635 1062 0 0
26653 1059 2 2
26516 1476 0 0
25929 2206 7 7
26827 997 1 1
26369 1423 0 0
26964 830 0 0
25027 2470 0 0
26057 1532 10 10
26803 991 1 1
26719 798 0 0
27451 649 4 4
27173 433 0 0
26798 904 0 0
27144 865 8 8
26788 935 9 9
26746 795 0 0
27621 618 0 0
26744 1227 0 0
26242 1361 0 0
26912 763 1 1
27058 763 0 0
26215 1387 0 0
27715 568 0 0
25839 1575 2 2
26686 850 1 1
25377 2296 1 1
26921 1162 0 0
26718 1183 12 12
26999 806 0 0
26997 599 0 0
26707 1115 8 8
27402 431 1 1
26442 1114 0 0
26748 826 0 0
26927 1267 2 2
27131 655 0 0
26964 923 0 0
25796 1971 0 0
26822 705 0 0
27037 743 1 1
27385 414 0 0
27473 527 0 0
27313 599 0 0
26178 1622 0 0
26399 1105 0 0
25132 2496 0 0
26496 1143 0 0
26810 1014 0 0
26183 1604 5 5
25447 2382 0 0
26687 1357 0 0
27109 792 0 0
26929 814 0 0
27090 587 0 0
27347 676 1 1
27186 539 0 0
26650 1061 2 2
26961 1200 10 10
27052 711 1 1
26541 1190 0 0
26815 1269 5 5
26794 847 0 0
26332 1220 0 0
27006 1244 0 0
26462 1409 0 0
25550 2215 8 8
27064 825 0 0
26329 1369 0 0
26424 1320 0 0
26186 1682 1 1
27235 473 1 1
26995 925 2 2
26201 1872 3 3
26338 1392 0 0
27002 827 0 0
26784 1331 0 0
26131 1409 0 0
27214 902 0 0
27302 514 0 0
26322 1487 0 0
26461 1244 0 0
26662 1049 0 0
26894 1031 0 0
26627 1149 1 1
27126 668 0 0
27039 944 1 1
26707 1232 2 2
26753 724 0 0
27119 767 0 0
27538 574 0 0
27232 500 0 0
28171 1080 0 0
26323 1476 0 0
25836 1966 8 8
27364 631 1 1
26643 1098 0 0
25726 2044 6 6
26628 1241 0 0
26388 1270 1 1
26300 1276 0 0
26515 1425 0 0
26432 1462 0 0
26536 1204 0 0
26781 1282 5 5
26246 1454 0 0
26011 1667 8 8
26556 1066 0 0
26694 1290 0 0
27173 1119 0 0
26713 1128 2 2
26816 1025 0 0
27063 909 0 0
26446 1485 0 0
26193 1416 0 0
26948 1185 0 0
26485 1179 1 1
26798 1155 2 2
27521 647 5 5
26663 912 0 0
27352 531 1 1
26762 1257 0 0
27093 1019 11 11
26647 869 0 0
26889 1501 0 0
26047 1680 1 1
27043 537 0 0
26737 1246 1 1
26657 982 1 1
27277 701 0 0
27153 534 0 0
26163 1488 1 1
26653 1293 0 0
27301 747 0 0
26643 1263 0 0
26786 1000 0 0
26870 1117 0 0
26536 1022 9 9
26903 738 0 0
26901 936 6 6
25972 1468 0 0
26575 1107 1 1
26982 933 1 1
26531 1053 0 0
26121 1801 1 1
27224 685 0 0
26554 1193 0 0
27069 745 0 0
25935 2060 11 11
26808 850 1 1
26439 1451 5 5
26209 1803 0 0
27434 320 0 0
27059 532 1 1
26317 1521 3 3
26644 864 0 0
26255 1553 0 0
26415 1580 0 0
26043 1506 0 0
27685 235 3 3
26421 1297 0 0
27188 1009 0 0
26304 1596 0 0
25769 1719 0 0
26424 1608 0 0
27006 939 0 0
27194 763 12 12
27279 635 0 0
26265 1395 3 3
26766 1095 0 0
27277 412 0 0
26964 848 0 0
26569 1040 0 0
26544 1715 1 1
26761 938 0 0
28228 968 1 1
26348 1412 0 0
26318 1209 0 0
26306 1212 0 0
27274 833 0 0
26755 1211 9 9
26028 1982 0 0
26012 1556 0 0
26808 939 0 0
26879 842 0 0
26579 1081 1 1
26734 1106 0 0
26744 901 0 0
27052 746 7 7
25896 1635 0 0
26660 1085 5 5
26726 1430 0 0
26247 1376 0 0
27390 525 0 0
26873 777 0 0
25337 2248 0 0
26862 1235 0 0
26130 1269 0 0
26630 948 0 0
27419 882 1 1
27107 600 0 0
26440 1026 0 0
27121 710 0 0
26645 971 0 0
26167 1356 0 0
27108 734 1 1
26556 1210 0 0
26503 991 1 1
26236 1319 1 1
26557 1050 1 1
26118 1597 0 0
26919 1120 0 0
26501 1298 1 1
26607 1102 0 0
26830 958 0 0
26686 1093 0 0
26330 1400 0 0
27211 825 0 0
26654 1073 0 0
26699 1245 0 0
27020 828 1 1
26597 1180 0 0
26768 1051 0 0
26166 1376 0 0
26975 760 0 0
26607 912 0 0
27440 615 0 0
27413 678 0 0
26613 911 6 6
26786 1071 0 0
27041 803 3 3
26780 858 1 1
26840 1013 0 0
26904 968 0 0
26523 970 1 1
26707 1243 0 0
27094 678 1 1
26829 1013 0 0
26844 714 1 1
27119 886 0 0
27606 586 11 11
27166 561 8 8
27141 843 0 0
26645 1121 0 0
27204 674 0 0
26621 1126 8 8
26225 2080 2 2
27001 793 1 1
27008 931 0 0
27385 825 0 0
26858 1224 0 0
26378 1214 1 1
26938 1082 0 0
26522 1371 1 1
27319 839 1 1
26773 831 0 0
26822 995 0 0
27211 726 0 0
26894 1576 0 0
26463 1278 6 6
26735 1183 6 6
27206 622 0 0
26721 587 10 10
27168 692 0 0
26755 1021 1 1
27007 826 3 3
26624 1275 4 4
27032 635 0 0
26171 1735 0 0
26976 856 0 0
26927 750 0 0
27380 749 0 0
26700 924 0 0
26661 803 1 1
26716 1054 0 0
26605 1629 0 0
26718 1177 0 0
26030 1435 0 0
26512 1179 0 0
26868 1070 0 0
26860 971 0 0
27215 684 1 1
26743 1119 0 0
26398 1651 0 0
27027 867 0 0
27511 689 1 1
27166 877 1 1
26584 1232 0 0
27169 674 1 1
26815 1180 0 0
27166 549 0 0
26803 1199 0 0
26873 896 1 1
27007 849 1 1
26656 1091 0 0
27916 305 0 0
26872 868 1 1
26421 1359 0 0
27009 935 0 0
26724 1094 0 0
27165 870 1 1
26703 875 1 1
26432 1345 0 0
26390 1568 1 1
26732 1066 3 3
27141 661 1 1
26907 1112 0 0
26935 741 0 0
26944 899 0 0
27384 512 1 1
26819 560 1 1
26306 1553 1 1
26890 1220 0 0
26635 1317 0 0
27254 891 1 1
26656 1069 0 0
26538 999 0 0
27141 949 1 1
26655 975 0 0
26615 1231 0 0
26482 1586 0 0
26543 1074 0 0
26099 1805 0 0
27198 919 0 0
26257 1621 0 0
26386 1235 0 0
27073 1012 0 0
27336 1033 12 12
26882 723 14 14
27315 529 1 1
26416 1628 0 0
27172 562 0 0
26988 775 0 0
26875 895 1 1
27352 785 9 9
26659 1211 8 8
27149 858 1 1
26770 1276 0 0
26852 630 1 1
26179 1485 0 0
27223 645 1 1
27218 475 0 0
26120 1653 1 1
26212 1618 1 1
26980 776 0 0
26131 1302 0 0
26942 1471 0 0
25998 1763 2 2
25855 1951 0 0
26892 832 1 1
26287 1320 0 0
26675 824 0 0
25600 1986 0 0
25623 2144 0 0
26472 1332 0 0
27249 844 0 0
26546 907 0 0
27393 658 1 1
26932 709 0 0
27296 738 3 3
26983 996 1 1
26421 1395 0 0
26884 913 0 0
27220 925 1 1
26652 899 0 0
27284 598 0 0
27526 755 0 0
26533 1096 0 0
26955 1221 0 0
25704 2382 0 0
26793 918 0 0
26240 1754 0 0
26055 1663 1 1
26757 999 6 6
27293 592 5 5
26885 914 0 0
26743 1176 0 0
27031 817 0 0
26749 991 2 2
27151 457 0 0
27400 406 0 0
26906 914 1 1
27288 630 0 0
25444 2591 0 0
26940 664 0 0
26547 1668 0 0
26293 1490 0 0
26782 824 0 0
26559 1331 0 0
26348 1882 0 0
26403 1370 0 0
25701 2014 1 1
27370 673 1 1
27177 681 1 1
27031 894 0 0
26343 1511 0 0
26477 1607 0 0
26718 1005 0 0
27311 849 6 6
26304 1309 0 0
26269 1508 0 0
27309 697 8 8
26901 801 0 0
27267 662 10 10
26795 879 0 0
26944 742 0 0
26859 830 0 0
26116 1770 0 0
26890 732 0 0
27252 834 0 0
26705 1243 0 0
26738 1397 0 0
27490 509 0 0
26657 1163 0 0
26013 1639 1 1
27212 763 0 0
27333 525 0 0
26496 1389 0 0
27030 599 0 0
26949 993 0 0
27280 944 0 0
27018 808 1 1
27605 205 0 0
26478 1403 1 1
26068 1620 1 1
26786 934 5 5
27546 870 0 0
27113 1059 1 1
27219 560 8 8
27035 878 0 0
27225 816 0 0
27702 794 0 0
26707 1323 0 0
26995 505 0 0
26700 1067 0 0
26923 813 0 0
27104 876 0 0
26407 1517 0 0
26068 1718 0 0
26432 1085 0 0
27027 816 1 1
26920 849 0 0
26583 1093 0 0
26880 1111 1 1
27061 599 0 0
26659 1187 1 1
27058 936 8 8
25908 1824 0 0
26881 942 0 0
27060 772 0 0
27184 803 1 1
27200 650 0 0
27141 859 0 0
26443 1435 3 3
26899 633 0 0
26506 1491 0 0
26617 1317 0 0
27116 638 0 0
26389 1163 0 0
26927 920 1 1
26881 885 0 0
25897 1551 1 1
26472 1217 0 0
27048 980 0 0
26273 1058 1 1
26682 1197 0 0
27296 762 1 1
27415 468 1 1
25129 2488 0 0
27474 780 0 0
26042 1912 10 10
26433 1261 0 0
27132 839 0 0
26937 710 0 0
25923 1726 0 0
27102 1205 1 1
26698 859 1 1
26080 1738 0 0
26924 882 0 0
25649 2038 0 0
26591 1016 0 0
26503 1276 0 0
26487 1116 2 2
26642 1096 0 0
27213 1028 0 0
27114 452 10 10
27290 347 2 2
26889 1002 0 0
26302 1452 0 0
27402 301 1 1
27610 401 0 0
26752 1085 0 0
26472 1306 2 2
26299 1742 0 0
26521 1282 2 2
26510 1394 0 0
26227 1145 0 0
27065 771 0 0
26588 996 0 0
26200 1470 0 0
25765 1835 0 0
27592 308 0 0
26773 913 0 0
27308 480 1 1
26000 2237 1 1
27091 507 0 0
26434 1108 1 1
26889 1099 0 0
26357 1565 0 0
26325 1300 0 0
26645 1099 0 0
26273 1338 0 0
27370 429 0 0
27359 454 0 0
26282 1690 0 0
27023 737 10 10
26902 930 0 0
27415 262 1 1
27120 688 0 0
26253 1395 0 0
26330 1683 0 0
26052 1492 0 0
25840 1782 2 2
26445 1378 1 1
26645 1208 1 1
26463 1430 1 1
26598 1309 0 0
26996 1007 8 8
26224 1117 0 0
26037 1708 2 2
26963 387 1 1
26678 1331 0 0
27265 788 0 0
27099 892 0 0
27121 909 0 0
26620 1207 0 0
27136 623 2 2
26248 1355 0 0
27426 469 10 10
26368 1732 0 0
26389 1176 0 0
26465 1329 0 0
26728 1218 2 2
27140 407 0 0
26803 941 6 6
27421 631 0 0
26468 1219 0 0
27315 640 0 0
26499 1368 0 0
26935 805 0 0
26664 1006 1 1
27361 460 0 0
27015 715 6 6
27152 605 1 1
27825 341 0 0
27081 910 1 1
27325 852 0 0
26232 1854 0 0
27077 595 0 0
26712 1418 0 0
26427 1380 1 1
27438 651 1 1
26246 1520 0 0
26433 1351 0 0
26266 1524 1 1
27873 261 0 0
26461 1165 7 7
26240 1730 0 0
27370 796 1 1
26605 991 0 0
26443 1221 0 0
26875 1250 2 2
26721 754 0 0
26869 1310 1 1
26786 1209 0 0
26531 1178 0 0
27215 459 0 0
27143 861 2 2
27100 541 5 5
26066 1628 0 0
26490 1292 0 0
26893 696 0 0
27438 346 0 0
27122 999 0 0
26385 1359 0 0
26824 917 0 0
26854 845 4 4
27024 660 0 0
26832 902 0 0
26042 1978 4 4
27195 1460 0 0
26547 1362 2 2
26856 1035 0 0
26097 1606 1 1
27841 368 0 0
26833 1123 0 0
26678 1033 0 0
26793 1158 1 1
26987 939 0 0
26398 1289 1 1
26657 1265 1 1
27359 683 0 0
27596 355 0 0
26012 1694 0 0
26456 1230 0 0
25979 1956 8 8
26870 861 0 0
26009 1243 0 0
26311 1674 1 1
26963 955 7 7
27074 723 0 0
26726 1286 5 5
26187 1368 0 0
27146 764 2 2
26521 1396 0 0
27096 664 2 2
26906 1134 2 2
26059 1575 0 0
26255 1596 0 0
27208 571 0 0
26905 1057 9 9
27017 825 0 0
26842 1224 0 0
26645 938 6 6
26479 1131 0 0
26417 1598 0 0
26074 1908 4 4
26862 1199 0 0
27527 664 0 0
27066 486 0 0
27216 358 0 0
27556 227 0 0
26329 1030 0 0
26762 762 0 0
26548 1330 1 1
26738 891 0 0
26421 1164 0 0
27139 795 0 0
27926 412 10 10
27459 459 0 0
27033 854 0 0
26197 1354 0 0
27081 772 0 0
27063 852 0 0
27223 359 0 0
26984 840 0 0
26350 1448 0 0
27247 453 1 1
26982 580 1 1
27244 821 1 1
27268 577 0 0
27008 927 0 0
26128 1502 1 1
26752 694 0 0
27420 525 0 0
27081 684 0 0
26196 1408 0 0
27018 862 2 2
27112 898 10 10
27974 1098 0 0
26994 1024 0 0
26710 1067 0 0
27335 424 1 1
26486 968 0 0
26736 943 0 0
26816 738 1 1
26959 775 0 0
26989 579 3 3
26624 1290 0 0
26889 751 0 0
27228 483 0 0
26531 1164 9 9
26917 756 0 0
26661 1017 11 11
25662 2331 0 0
27195 808 0 0
27402 591 5 5
39590 894 1 1
26777 1045 0 0
27243 455 3 3
26348 1828 3 3
