77689 6939 0 0
14573 12523 1 1
15518 11349 0 0
15216 11810 0 0
15976 11293 0 0
15925 11156 1 1
14949 12119 0 0
16385 10625 1 1
16117 11159 2 2
15864 11335 0 0
25169 1440 0 0
37720 1352 0 0
23482 3202 0 0
25953 540 0 0
25588 1405 0 0
25355 1562 3 3
26050 797 0 0
26178 935 1 1
25725 840 1 1
25736 1086 0 0
26020 788 0 0
26393 387 0 0
25899 772 0 0
26556 758 0 0
25553 1074 0 0
25757 1131 0 0
25536 1452 0 0
25953 737 0 0
25695 794 0 0
25837 1122 2 2
25487 1367 0 0
25853 823 0 0
26391 626 0 0
25639 1276 3 3
25534 1231 0 0
26499 686 1 1
26518 294 0 0
25311 1425 1 1
26000 1176 1 1
26376 414 0 0
25788 1376 1 1
25095 1656 0 0
25796 1153 0 0
25398 1294 0 0
26304 487 0 0
25544 1401 1 1
25450 1179 1 1
25490 1388 0 0
24922 1995 1 1
25847 1070 2 2
25689 961 1 1
26078 465 0 0
37500 1239 0 0
25719 1118 2 2
25726 940 1 1
25650 1644 0 0
25131 1633 0 0
25576 1145 1 1
26407 520 0 0
25584 1026 1 1
25349 1346 0 0
25033 1796 0 0
26432 305 1 1
26012 782 2 2
25445 1327 0 0
26225 828 0 0
25857 1260 0 0
26032 912 0 0
25413 1538 0 0
25414 1390 0 0
26200 672 0 0
25653 1065 0 0
26309 485 0 0
25923 1040 1 1
25360 1333 0 0
25857 873 1 1
25955 1167 1 1
25858 754 0 0
25845 993 0 0
26099 738 0 0
26043 999 0 0
26036 816 0 0
26350 357 0 0
25586 1303 0 0
25127 1647 0 0
25799 1005 0 0
25023 1613 1 1
26476 475 1 1
26158 897 0 0
25820 1140 0 0
25507 1155 0 0
26400 601 2 2
25776 1090 2 2
25633 1210 0 0
25831 965 0 0
25808 1076 0 0
25931 920 1 1
26072 791 1 1
25292 1494 0 0
26019 820 0 0
25145 1322 0 0
26071 761 0 0
25600 1202 0 0
26177 683 0 0
24857 1775 0 0
25983 1158 1 1
26206 830 1 1
26220 701 2 2
26617 472 0 0
25785 972 0 0
25947 946 0 0
26567 946 0 0
25234 1730 0 0
26090 464 0 0
26056 922 0 0
26343 847 0 0
25560 1016 0 0
25374 1872 1 1
26068 760 1 1
25956 714 0 0
25957 864 0 0
26083 742 0 0
25774 998 0 0
25824 1115 1 1
25445 1232 1 1
25509 1278 0 0
25959 1101 0 0
25794 1255 0 0
26165 403 0 0
26509 476 0 0
25755 1187 1 1
25848 1361 3 3
25365 1309 1 1
25782 903 0 0
25919 1023 0 0
25929 1114 1 1
25962 898 0 0
25665 942 0 0
25973 778 0 0
26324 441 0 0
26193 563 0 0
26260 628 0 0
25326 1332 0 0
26447 352 2 2
26115 849 0 0
25734 992 0 0
25164 1167 0 0
25415 1233 0 0
26154 744 1 1
25385 1615 0 0
24961 1713 0 0
25797 813 0 0
25644 1118 0 0
26124 714 0 0
25813 817 0 0
25841 810 2 2
25745 1108 0 0
25663 1331 0 0
26309 577 0 0
25467 1166 0 0
25803 835 1 1
26445 502 0 0
26109 877 0 0
26500 226 0 0
26171 968 0 0
26504 456 1 1
25609 1274 0 0
25398 1424 0 0
25994 800 0 0
25528 1241 0 0
25585 1113 1 1
25510 1342 0 0
25921 970 0 0
25224 1633 0 0
25783 879 1 1
25609 879 0 0
25531 1695 0 0
25966 855 1 1
26935 765 0 0
25754 1003 0 0
25588 1191 0 0
26108 926 0 0
25804 788 0 0
37958 1048 0 0
26303 825 1 1
25776 1019 0 0
25900 774 0 0
26087 832 0 0
25806 785 0 0
26079 844 1 1
26573 257 0 0
26594 324 0 0
25603 990 0 0
26098 837 2 2
25548 1175 1 1
26485 147 0 0
26096 904 0 0
26046 759 0 0
25499 1263 1 1
25925 1024 0 0
25462 1414 1 1
25682 1122 1 1
25849 1344 1 1
25533 1396 1 1
25798 777 0 0
26223 755 1 1
25383 1349 1 1
25816 772 1 1
25988 1041 1 1
25432 1387 0 0
25813 922 0 0
25761 1210 0 0
25983 619 1 1
26009 720 2 2
26274 735 0 0
25302 1375 0 0
25115 1544 1 1
25833 753 0 0
25167 1270 0 0
37697 1323 0 0
26028 930 0 0
26288 350 0 0
25869 1338 0 0
25688 1034 1 1
24624 1848 0 0
25550 1049 1 1
25487 1076 0 0
24770 1883 0 0
24627 2072 2 2
26283 674 1 1
26053 1174 1 1
25916 973 1 1
25791 958 0 0
27256 381 0 0
26009 603 1 1
25077 1451 0 0
26052 518 0 0
26392 675 0 0
26436 319 0 0
26091 822 0 0
25864 978 0 0
26177 483 2 2
26155 681 1 1
25529 1225 0 0
25815 916 0 0
25258 1549 0 0
26484 415 0 0
25923 800 0 0
25177 1663 0 0
26199 537 0 0
25547 1025 0 0
25664 1282 1 1
25696 975 0 0
25888 1043 2 2
26052 1079 0 0
25130 1491 0 0
25240 1582 0 0
26137 792 0 0
26183 451 1 1
25020 1737 1 1
27005 444 0 0
25633 1071 0 0
25634 1390 0 0
25494 1459 0 0
37874 942 0 0
25644 1250 0 0
26360 749 1 1
25850 1068 2 2
25591 1065 0 0
25591 1222 0 0
25673 810 0 0
25155 1639 0 0
25142 1872 0 0
26106 633 0 0
26303 1312 0 0
26034 1123 0 0
26368 554 0 0
26191 664 0 0
26036 492 1 1
26170 458 0 0
25748 1014 0 0
26111 382 0 0
25238 1409 0 0
25713 1117 1 1
24791 1954 0 0
25947 1102 0 0
25794 1132 1 1
25834 727 0 0
26171 1014 0 0
25688 1165 1 1
25937 732 0 0
25762 1020 0 0
25573 1088 0 0
25469 1245 0 0
25552 1265 0 0
25546 1307 2 2
25820 743 0 0
26209 748 0 0
25862 1023 0 0
25902 916 0 0
25699 949 0 0
25991 983 1 1
25444 1472 0 0
25777 1056 0 0
25240 1365 0 0
25520 1180 2 2
25175 1714 1 1
25759 1214 0 0
25755 901 0 0
25559 1074 0 0
25720 933 1 1
26151 667 0 0
24497 2214 1 1
25603 1288 2 2
25901 1031 1 1
26883 608 0 0
25667 926 0 0
25187 1657 0 0
26115 974 0 0
25848 935 0 0
25595 1132 2 2
25531 1583 0 0
24965 2203 0 0
25812 1027 0 0
37518 1479 1 1
25991 886 1 1
24198 2438 0 0
25189 1447 0 0
25902 1055 0 0
25848 839 2 2
26357 746 0 0
26147 477 0 0
25868 854 1 1
26328 856 0 0
25848 924 0 0
25750 825 0 0
26668 618 1 1
25825 1189 0 0
25293 1426 0 0
25840 750 0 0
26213 727 1 1
25126 1471 0 0
26849 574 0 0
24779 1652 0 0
25933 848 1 1
24287 2351 0 0
25970 1141 1 1
25838 1173 0 0
26073 877 1 1
26031 584 0 0
25690 1122 1 1
26134 476 3 3
25636 1071 0 0
25753 894 1 1
37765 1298 0 0
26124 636 0 0
26054 929 0 0
24478 2030 0 0
25991 714 0 0
26076 756 1 1
26351 387 0 0
26409 599 0 0
26381 643 0 0
25274 1638 0 0
25461 1025 0 0
24082 2659 0 0
25543 1179 1 1
25797 1033 0 0
25470 1492 1 1
24406 2417 0 0
25824 1291 0 0
26244 762 0 0
25894 854 0 0
26094 640 1 1
26388 764 1 1
26257 522 0 0
25614 1160 2 2
25885 1268 0 0
26098 696 1 1
25451 1289 0 0
25954 1294 1 1
25566 994 0 0
25454 1243 0 0
26036 1172 0 0
25384 1491 0 0
24851 2074 1 1
26170 775 0 0
25310 1419 0 0
25527 1502 0 0
25090 1690 0 0
26378 462 0 0
26168 846 1 1
25042 1905 0 0
25319 1446 0 0
26008 918 0 0
37957 1284 0 0
25128 1434 0 0
26413 895 0 0
26513 503 1 1
25428 1461 0 0
37558 1272 0 0
25748 1112 0 0
25835 1065 1 1
25687 1178 0 0
26213 646 0 0
26135 1040 3 3
25778 1225 0 0
25931 752 1 1
26100 794 1 1
26432 566 0 0
26378 550 0 0
26368 1099 0 0
25330 1405 0 0
24873 2050 0 0
26487 583 0 0
25604 1162 0 0
24559 2259 1 1
25556 1231 0 0
25401 1230 0 0
25401 1262 0 0
25566 1347 1 1
25354 1488 0 0
25535 1359 0 0
25777 1240 1 1
25390 1392 1 1
25244 1650 1 1
25600 1072 0 0
25853 1265 0 0
26230 1077 0 0
25689 1212 0 0
25744 958 0 0
26047 1034 0 0
25469 1489 0 0
25098 1582 0 0
25981 1243 1 1
25549 1159 2 2
25834 1151 1 1
26562 649 0 0
25665 994 0 0
26403 577 0 0
25860 1274 1 1
26121 1039 2 2
25662 872 0 0
25860 1579 0 0
25205 1603 0 0
26142 573 0 0
25951 1316 0 0
25620 1014 1 1
26298 679 0 0
26285 475 1 1
25254 1512 1 1
25635 1366 0 0
26369 734 1 1
25580 1383 1 1
25696 1097 0 0
25970 1077 0 0
25689 965 0 0
26006 658 0 0
26057 909 0 0
24933 1583 0 0
25532 1115 0 0
26082 912 0 0
25561 1078 1 1
25068 1842 0 0
26149 652 0 0
25652 1192 0 0
25977 815 0 0
24874 2101 0 0
25900 828 0 0
25459 1454 0 0
25225 1739 0 0
26505 318 0 0
26169 440 0 0
25316 1411 0 0
25747 886 0 0
25476 1548 0 0
25313 1713 0 0
25271 1487 0 0
26761 205 1 1
25505 1238 1 1
26155 1033 3 3
25221 1554 0 0
24800 1782 0 0
25300 1637 0 0
25879 944 0 0
26381 767 0 0
26340 705 1 1
25267 1491 0 0
25965 1005 0 0
26399 425 0 0
25992 859 1 1
25718 966 0 0
25468 1860 0 0
25720 1043 0 0
26516 1000 0 0
25240 1402 0 0
25439 1200 0 0
25351 1210 0 0
26073 926 0 0
25923 1166 0 0
25287 1894 5 5
25162 1566 0 0
25821 944 0 0
25976 783 0 0
25470 1150 0 0
25775 1102 0 0
25908 918 2 2
26003 747 0 0
25028 1557 0 0
25782 1061 1 1
25675 1362 0 0
25395 1393 0 0
26547 467 0 0
25876 832 0 0
24429 2263 1 1
25989 1211 0 0
25143 1282 0 0
25858 852 0 0
38474 980 0 0
26178 533 0 0
25471 1115 0 0
26257 729 1 1
25648 1020 0 0
25223 1401 0 0
26182 679 0 0
25606 1247 0 0
25457 1056 0 0
25273 1298 0 0
25549 1074 0 0
25143 1613 0 0
26029 1097 0 0
25655 1277 0 0
25705 1124 0 0
25766 1002 1 1
25626 1246 0 0
25345 1418 2 2
26213 815 0 0
25610 1125 0 0
25715 1286 0 0
26165 771 0 0
25487 1261 0 0
25825 1049 0 0
25143 1442 0 0
25994 803 0 0
25807 838 0 0
26387 530 0 0
26387 750 0 0
25667 889 0 0
25690 1062 0 0
26226 732 0 0
25716 982 0 0
25891 985 0 0
25620 940 0 0
25644 946 0 0
25719 1312 0 0
26167 657 0 0
25955 1014 0 0
25763 765 1 1
26147 917 0 0
26676 571 0 0
26190 554 0 0
26316 750 1 1
25556 1210 0 0
26275 656 0 0
25462 1219 0 0
25193 2049 0 0
26174 748 0 0
26001 918 0 0
26074 895 0 0
25906 1181 0 0
25446 1176 0 0
25800 1085 0 0
25526 1375 0 0
26480 869 0 0
25936 771 0 0
25794 1068 2 2
26434 651 0 0
25361 1451 0 0
25519 1316 0 0
25729 1229 0 0
26244 509 0 0
25729 644 0 0
26114 712 0 0
25601 1183 0 0
25933 903 1 1
25644 1300 2 2
26101 649 0 0
25336 1657 0 0
25952 841 0 0
26047 704 0 0
26335 721 0 0
25679 851 0 0
25617 838 0 0
25606 1132 0 0
25663 1506 0 0
25961 1058 1 1
25101 1536 0 0
25553 1179 0 0
25880 1054 1 1
26054 940 0 0
26213 641 1 1
25819 1010 0 0
25471 1606 1 1
26108 816 0 0
26693 684 0 0
26222 933 1 1
25693 1296 1 1
26214 638 2 2
25707 1208 0 0
26371 467 0 0
25799 1226 1 1
25864 937 1 1
25855 818 0 0
25922 1075 0 0
26951 332 0 0
26012 833 1 1
25426 1330 0 0
26170 816 0 0
25803 1047 0 0
26105 945 0 0
25753 801 0 0
25596 1306 0 0
25512 1470 2 2
25680 1066 0 0
26287 584 0 0
25860 1090 0 0
26089 684 0 0
26022 904 0 0
26133 558 0 0
25995 506 1 1
25552 1508 1 1
25675 1243 0 0
25621 1259 1 1
26379 891 0 0
25712 996 0 0
25633 952 0 0
26101 917 0 0
25793 954 0 0
25574 1240 1 1
25660 1388 0 0
25582 1030 0 0
25239 1792 0 0
26174 981 0 0
25221 1690 0 0
25612 1167 2 2
25862 1040 0 0
26323 982 1 1
25918 730 1 1
26172 566 0 0
25524 1626 0 0
26166 599 0 0
26077 726 0 0
25936 886 0 0
26416 820 1 1
25609 1218 0 0
26288 856 0 0
25932 1142 1 1
26118 547 1 1
25261 1400 0 0
26288 626 1 1
26177 531 0 0
25201 1622 0 0
25358 1442 0 0
26000 719 0 0
25274 1240 0 0
25637 1466 0 0
24990 1755 0 0
25016 1928 0 0
25753 1000 0 0
25327 1371 0 0
25718 892 1 1
24752 1997 0 0
24601 2192 0 0
25526 1363 0 0
26275 878 0 0
25682 885 0 0
26501 682 0 0
26020 647 0 0
26292 746 0 0
26072 1015 0 0
25392 1464 1 1
25983 917 0 0
26212 968 2 2
25787 894 0 0
26241 640 0 0
26330 776 0 0
25595 1085 1 1
25996 1251 1 1
24623 2400 1 1
25892 834 0 0
25224 1858 0 0
24895 1804 0 0
25904 931 1 1
26337 597 0 0
26041 891 0 0
25902 1104 1 1
26118 744 0 0
25824 919 0 0
26255 482 0 0
26511 364 0 0
25890 904 0 0
26407 607 0 0
24578 2557 1 1
25918 644 0 0
25402 1742 0 0
25336 1492 1 1
25832 760 2 2
25596 1377 0 0
25432 1721 0 0
25411 1356 0 0
24849 1905 0 0
26262 718 0 0
26052 719 1 1
26025 949 0 0
25228 1585 2 2
25566 1478 0 0
25582 1099 0 0
26122 853 1 1
25435 1340 0 0
25321 1602 1 1
26305 782 0 0
25883 826 0 0
26398 671 0 0
25915 758 0 0
25934 800 0 0
25877 923 0 0
25195 1711 0 0
25818 799 0 0
26422 808 0 0
25682 1208 1 1
25802 1434 0 0
26616 508 0 0
25772 1106 0 0
25076 1663 0 0
26337 753 0 0
26418 493 1 1
25493 1435 0 0
25933 586 1 1
25896 1052 0 0
26285 982 0 0
25994 726 0 0
26601 195 0 0
25606 1324 0 0
25282 1529 0 0
25947 859 0 0
26622 832 0 0
26072 1064 0 0
26272 512 0 0
26077 926 1 1
26181 844 0 0
26589 792 0 0
25581 1413 0 0
26076 521 0 0
25722 1095 0 0
25992 759 0 0
26149 902 0 0
25616 1456 0 0
24882 1764 0 0
25390 1150 1 1
26086 751 0 0
25865 972 0 0
25568 1116 0 0
25911 1231 0 0
26195 554 3 3
25895 1077 0 0
26350 830 1 1
25033 1882 0 0
25899 945 2 2
26145 731 0 0
26192 720 0 0
26414 625 0 0
25963 943 0 0
25497 1366 0 0
26022 539 1 1
25531 1427 0 0
25424 1408 0 0
26187 629 2 2
25258 1291 0 0
25852 1046 1 1
25858 887 0 0
25005 1524 0 0
25501 1245 0 0
26038 964 0 0
25362 1071 0 0
25646 1176 0 0
26304 749 0 0
26444 450 0 0
24105 2614 1 1
26440 895 0 0
25156 1899 0 0
25429 1325 0 0
26156 808 0 0
25997 701 2 2
25173 1611 0 0
26206 1162 0 0
25832 791 0 0
25077 1594 0 0
25787 870 0 0
24805 1913 0 0
25760 986 0 0
25217 1319 1 1
25584 1134 0 0
25636 1070 0 0
25912 1063 0 0
26070 532 1 1
26285 394 1 1
25769 997 0 0
25311 1428 0 0
26361 356 0 0
26498 452 0 0
25607 1171 0 0
25477 1255 1 1
25315 1696 0 0
25557 1215 0 0
25654 1390 1 1
25305 1265 0 0
26203 664 0 0
25754 998 0 0
25232 1558 0 0
24764 1872 0 0
26720 318 0 0
25883 947 0 0
26388 458 0 0
25070 2244 0 0
26295 495 0 0
25297 1134 0 0
25828 1160 0 0
25326 1532 0 0
25444 1271 0 0
25557 1083 0 0
25432 1241 0 0
26283 465 0 0
26244 541 4 4
25523 1526 2 2
26071 778 0 0
25792 886 0 0
26388 283 5 5
26049 748 0 0
25090 1368 0 0
25486 1623 0 0
25245 1449 0 0
24974 1732 0 0
25382 1485 0 0
25591 1290 0 0
25493 1535 1 1
25583 1379 0 0
26094 1065 0 0
25254 1191 0 0
25115 1642 0 0
26036 443 0 0
25898 1217 0 0
26228 762 0 0
26285 820 0 0
26387 864 0 0
25633 1170 2 2
26012 751 0 0
25377 1295 0 0
26345 634 0 0
25474 1651 0 0
25534 1206 0 0
25539 1354 0 0
25876 1233 0 0
26096 466 0 0
25791 1014 0 0
26380 734 0 0
25478 1255 0 0
26322 592 0 0
25661 1307 0 0
26109 815 0 0
25732 1046 1 1
26381 458 0 0
26072 675 1 1
26285 574 0 0
26722 376 0 0
26129 959 0 0
26365 789 0 0
25110 1889 2 2
25995 668 0 0
25639 1422 0 0
25309 1453 0 0
26381 745 0 0
25395 1491 0 0
25511 1278 0 0
25552 1480 0 0
26944 280 0 0
25576 1174 0 0
25510 1610 0 0
26293 873 0 0
25784 972 0 0
25481 1238 0 0
26100 1219 0 0
25700 715 0 0
25846 1284 0 0
25849 1191 0 0
25710 1110 0 0
26285 444 1 1
26143 874 1 1
26139 559 0 0
25134 1562 0 0
25237 1350 0 0
25945 821 0 0
26625 331 0 0
26084 980 1 1
25261 1572 0 0
25820 959 0 0
25903 799 0 0
26080 726 0 0
25958 855 0 0
25116 1911 1 1
25893 1558 0 0
25534 1403 0 0
25945 1015 0 0
25203 1570 0 0
26786 378 0 0
26057 1092 1 1
25813 934 0 0
25590 1244 0 0
25996 869 0 0
25391 1306 0 0
25700 1244 0 0
26245 783 1 1
26704 319 0 0
25017 1720 0 0
25494 1209 0 0
25133 1960 1 1
25832 974 0 0
25159 1240 0 0
25358 1685 1 1
25977 947 0 0
26024 694 0 0
25775 1268 0 0
25199 1317 1 1
26031 784 0 0
25461 1286 0 0
26232 666 0 0
26063 1123 1 1
24962 1510 0 0
25246 1624 0 0
26222 558 0 0
25927 1010 1 1
25963 883 0 0
25898 1146 0 0
25801 898 1 1
25550 1055 0 0
25293 1595 0 0
37214 1826 0 0
25935 1277 0 0
26676 639 0 0
26121 530 0 0
26263 334 0 0
26690 258 1 1
25381 1059 0 0
25934 706 0 0
25529 1370 0 0
25778 912 0 0
25456 1184 0 0
26235 763 0 0
26927 420 0 0
26515 343 0 0
26168 882 0 0
25206 1378 0 0
26284 728 1 1
25857 887 0 0
26303 379 0 0
25997 876 0 0
25281 1403 0 0
26192 453 0 0
26124 566 0 0
26035 874 0 0
26319 582 0 0
26007 982 0 0
25312 1447 0 0
25827 716 0 0
26411 529 1 1
26122 676 0 0
25273 1425 1 1
26145 836 0 0
26184 871 0 0
26323 1074 0 0
25746 1017 0 0
25771 1084 0 0
26368 359 0 0
25449 1005 0 0
25716 878 0 0
25919 745 0 0
25988 737 1 1
25943 565 0 0
25717 1276 0 0
25900 730 0 0
26292 435 0 0
25609 1138 1 1
25996 777 0 0
25517 1167 0 0
24755 2312 0 0
26303 786 0 0
26520 472 0 0
38404 898 0 0
25854 1025 0 0
26347 500 1 1
25365 1831 0 0
