29817 5757 2 2
15889 12392 11 11
16519 11660 4 4
16456 11770 0 0
17242 11299 0 0
17066 11088 5 5
16221 11989 0 0
17932 10334 0 0
17325 10984 12 12
16942 11408 1 1
26313 1415 11 11
26742 1310 0 0
24443 3159 0 0
26989 621 2 2
26673 1274 0 0
26417 1488 0 0
26988 779 0 0
27230 930 0 0
26789 851 6 6
26929 1066 0 0
26930 870 0 0
27468 400 14 14
26969 826 3 3
27566 778 1 1
26511 1066 0 0
26719 1108 0 0
26574 1454 5 5
27017 775 1 1
26911 725 0 0
26835 1115 1 1
26626 1392 0 0
26915 793 0 0
27501 643 0 0
26741 1193 12 12
26607 1200 0 0
27572 675 0 0
27473 463 0 0
26372 1461 0 0
26855 1269 9 9
27468 421 0 0
27681 1416 1 1
26256 1742 4 4
26846 1201 0 0
26513 1291 0 0
27477 492 7 7
26636 1398 0 0
26510 1142 0 0
26504 1447 7 7
26052 1915 0 0
26965 1021 0 0
26944 919 0 0
27155 486 0 0
26614 1108 2 2
26738 1097 0 0
27043 917 7 7
26680 1611 12 12
26155 1642 0 0
26611 1227 12 12
27521 470 0 0
26526 1018 0 0
26443 1353 14 14
26092 1787 0 0
27501 291 1 1
27099 744 8 8
26521 1330 8 8
27280 896 10 10
26840 1309 0 0
26989 846 0 0
26285 1537 0 0
26463 1308 0 0
27360 642 9 9
26719 1076 0 0
27418 482 0 0
26905 996 6 6
26365 1321 1 1
27069 868 1 1
27091 1036 5 5
26967 762 1 1
26983 1072 4 4
27201 750 0 0
27013 1092 0 0
27060 807 0 0
27345 390 5 5
26736 1258 0 0
26167 1677 1 1
26919 977 0 0
26295 1478 0 0
27533 481 3 3
27191 885 0 0
26949 1064 9 9
26646 1100 0 0
27453 647 12 12
27006 982 0 0
26880 1159 4 4
26981 1013 1 1
26915 928 0 0
27102 820 0 0
27384 827 1 1
26634 1309 12 12
26922 864 0 0
26234 1393 11 11
27139 676 0 0
26786 1189 0 0
27453 734 2 2
25995 1770 0 0
27084 1052 12 12
27420 763 0 0
27207 670 0 0
27847 424 7 7
26955 894 0 0
27031 881 0 0
27675 879 8 8
26511 1689 1 1
27178 487 0 0
27071 915 14 14
26846 803 0 0
26666 906 0 0
26655 1675 2 2
27406 628 5 5
26989 727 0 0
26955 890 1 1
27335 628 0 0
26886 966 0 0
26878 1108 0 0
26588 1159 1 1
26742 1147 0 0
27317 902 0 0
26755 1258 0 0
27343 410 7 7
27497 503 9 9
26825 1137 6 6
26800 1312 3 3
26407 1392 8 8
26976 804 0 0
26939 1094 0 0
26930 1141 0 0
26996 910 0 0
26655 901 0 0
27019 774 0 0
27435 425 6 6
27095 557 0 0
27361 596 0 0
26597 1242 0 0
27629 358 10 10
27209 991 0 0
26774 951 0 0
26369 1265 11 11
26523 1211 0 0
27272 767 6 6
26535 1545 0 0
26251 1564 0 0
27058 750 1 1
26564 1090 8 8
27459 708 8 8
26969 770 15 15
26906 849 5 5
26879 1139 0 0
26636 1355 0 0
27259 638 0 0
26562 1132 0 0
26856 892 1 1
27360 553 0 0
27212 885 0 0
27573 230 0 0
27127 1016 1 1
27550 499 0 0
26728 1350 2 2
26528 1443 2 2
27177 772 0 0
26539 1263 0 0
26710 1100 2 2
26551 1470 0 0
27052 840 0 0
26495 1538 14 14
26820 910 0 0
26783 875 0 0
26679 1763 10 10
27027 840 0 0
28361 794 11 11
26894 1003 7 7
26493 1383 3 3
27199 878 19 19
26844 883 1 1
26983 984 8 8
27677 747 12 12
26760 1063 0 0
26930 805 0 0
27205 840 6 6
26634 886 0 0
27219 824 1 1
27706 293 0 0
27686 273 0 0
26729 979 0 0
27090 843 0 0
26732 1213 7 7
27551 159 0 0
27018 1014 0 0
26951 893 2 2
26413 1398 0 0
27019 1062 0 0
26558 1369 14 14
26718 1072 0 0
26837 1280 0 0
26719 1274 7 7
26889 758 0 0
27106 829 0 0
26404 1340 0 0
27072 810 4 4
27029 1179 2 2
26529 1394 0 0
26918 883 7 7
26946 1272 0 0
27049 571 0 0
27109 736 13 13
27281 738 0 0
26300 1376 0 0
26198 1531 12 12
27122 813 0 0
26219 1271 0 0
26300 1316 0 0
27257 834 9 9
27499 368 0 0
26950 1264 0 0
27029 1093 0 0
25778 1820 0 0
26664 1004 7 7
26592 1212 7 7
26119 1937 0 0
25836 2012 0 0
27615 624 0 0
27348 1195 0 0
27084 906 0 0
26989 935 0 0
29357 323 0 0
27207 601 0 0
26004 1591 0 0
27073 577 0 0
27717 579 11 11
27477 395 3 3
27160 814 0 0
27175 872 0 0
27254 488 0 0
27214 682 7 7
26564 1255 0 0
26857 953 0 0
26161 1596 0 0
27592 368 7 7
26918 811 9 9
26346 1623 6 6
27360 530 0 0
26730 982 0 0
26788 1280 6 6
26733 1054 12 12
27089 976 0 0
27001 1007 0 0
26303 1397 0 0
26276 1539 0 0
27344 766 0 0
27237 419 0 0
26138 1832 7 7
27682 455 0 0
26786 1036 0 0
26793 1403 0 0
26643 1391 9 9
26852 920 0 0
26828 1181 0 0
27488 676 0 0
26928 920 11 11
26794 1027 0 0
26812 1167 0 0
26803 801 0 0
26102 1673 0 0
26249 1921 0 0
27205 633 0 0
27620 1183 4 4
27186 1145 0 0
27409 487 0 0
27285 704 0 0
27063 510 0 0
27202 432 0 0
26631 1039 0 0
27292 348 15 15
26234 1443 4 4
26799 1021 0 0
25969 1969 8 8
27049 1184 1 1
27077 1120 6 6
26827 725 0 0
27308 1017 0 0
26763 1205 10 10
27037 735 0 0
26910 931 0 0
26685 1203 2 2
26384 1294 11 11
26697 1233 0 0
26632 1256 9 9
26927 728 0 0
27395 749 0 0
27049 981 9 9
26990 873 8 8
26750 991 9 9
27063 1030 0 0
26688 1279 0 0
26943 993 0 0
26477 1308 0 0
26953 862 6 6
26208 1788 9 9
27116 1153 0 0
26863 869 0 0
26587 1123 0 0
27214 851 0 0
27239 606 7 7
25648 2196 0 0
26812 1251 9 9
27074 1004 1 1
27592 614 1 1
26569 1099 9 9
26240 1614 1 1
26889 1179 2 2
26761 1002 0 0
26700 1139 0 0
26448 1543 0 0
25926 2385 1 1
26943 933 0 0
26486 1436 0 0
27070 862 1 1
25405 2302 0 0
26221 1490 15 15
26886 1058 8 8
26796 837 9 9
27560 636 16 16
27291 445 0 0
27151 787 1 1
27358 848 11 11
26955 917 0 0
26862 845 10 10
27744 663 0 0
26801 1267 0 0
26359 1431 12 12
27064 801 1 1
27247 732 0 0
26328 1450 4 4
27856 539 1 1
26013 1574 5 5
26911 837 5 5
25555 2294 8 8
27033 1180 9 9
26867 1196 9 9
27044 887 0 0
27112 626 8 8
26900 1102 2 2
27550 451 7 7
26457 1129 0 0
26955 844 0 0
27080 1274 0 0
27326 652 0 0
27188 843 0 0
25978 1944 4 4
26899 693 0 0
27154 758 0 0
27505 461 1 1
27609 536 5 5
27389 693 0 0
26342 1595 8 8
26464 1095 0 0
25011 2727 0 0
26537 1190 9 9
26796 1045 0 0
26448 1591 0 0
25515 2404 0 0
26925 1298 1 1
27268 793 0 0
27063 773 9 9
27231 534 0 0
27459 755 0 0
27440 477 0 0
26761 1123 9 9
27066 1171 5 5
27236 688 5 5
26752 1160 0 0
27025 1235 1 1
26873 947 10 10
26468 1266 7 7
27210 1220 0 0
26713 1376 0 0
25860 2093 1 1
27220 881 0 0
26497 1295 0 0
26528 1442 2 2
26316 1653 0 0
27434 457 10 10
27180 880 0 0
26421 1888 0 0
26537 1352 1 1
27117 886 11 11
26893 1345 8 8
26358 1335 0 0
27066 893 0 0
27412 495 1 1
26464 1439 0 0
26657 1104 0 0
26777 1057 0 0
27037 1055 0 0
26753 1133 8 8
27345 629 5 5
27109 1032 0 0
26855 1298 7 7
27016 665 1 1
27270 806 0 0
27544 664 0 0
27437 474 6 6
28288 1147 1 1
26455 1435 0 0
25979 2044 0 0
27620 564 1 1
26767 1150 0 0
25705 2185 0 0
26817 1181 7 7
26674 1215 0 0
26455 1221 0 0
26727 1430 0 0
26578 1464 1 1
26708 1211 9 9
26971 1190 5 5
26442 1449 0 0
26217 1599 0 0
26760 987 0 0
26709 1400 0 0
27300 1038 0 0
26779 1248 12 12
26983 1069 0 0
27177 942 0 0
26543 1440 0 0
26238 1465 0 0
27100 1209 10 10
26444 1187 0 0
27041 1078 4 4
27682 633 0 0
26735 931 0 0
27484 522 0 0
26879 1251 0 0
27217 1031 10 10
26811 798 0 0
26854 1540 0 0
26289 1633 5 5
27257 537 0 0
26807 1388 5 5
26663 985 0 0
27466 650 9 9
27405 486 7 7
26221 1549 0 0
26597 1418 0 0
27493 714 9 9
26737 1271 13 13
26889 1031 0 0
26998 1093 0 0
26680 1081 2 2
27068 717 0 0
27075 829 0 0
26058 1568 0 0
26675 1194 4 4
27157 948 13 13
26754 998 0 0
26464 1641 0 0
27478 655 1 1
26725 1153 3 3
27293 720 0 0
26113 2060 0 0
27018 822 0 0
26548 1499 0 0
26459 1635 1 1
27681 255 0 0
27266 478 2 2
26399 1571 0 0
26718 860 0 0
26383 1566 10 10
26577 1574 0 0
26174 1482 0 0
27846 236 2 2
26619 1231 12 12
27351 1064 3 3
26495 1585 0 0
26053 1693 1 1
26661 1548 1 1
27194 858 0 0
27302 789 10 10
27290 688 0 0
26397 1400 0 0
26907 1073 0 0
27389 426 0 0
27175 808 0 0
26766 1001 0 0
26615 1686 0 0
26793 1092 0 0
28416 961 7 7
26448 1532 0 0
26537 1202 0 0
26400 1225 0 0
27408 897 0 0
27043 1040 7 7
26104 2009 0 0
26097 1599 0 0
27059 881 4 4
27162 778 0 0
26539 1153 0 0
26887 1032 0 0
26970 876 7 7
27074 804 0 0
26097 1526 0 0
26872 1020 8 8
26782 1479 0 0
26449 1455 6 6
27575 532 4 4
26938 758 0 0
25644 2266 4 4
27130 1181 0 0
26315 1280 12 12
26809 913 8 8
27440 895 0 0
27325 512 0 0
26552 1053 0 0
27270 716 5 5
26736 976 0 0
26303 1366 8 8
27182 682 0 0
26846 1121 10 10
26610 981 0 0
26396 1303 11 11
26721 1054 0 0
26222 1671 2 2
27018 1129 1 1
26677 1339 0 0
26783 1077 0 0
27047 935 6 6
26663 1214 0 0
26517 1399 3 3
27298 893 0 0
26810 1059 0 0
26794 1270 0 0
27085 864 0 0
26815 1187 1 1
26884 1078 0 0
26199 1411 0 0
27072 818 6 6
26866 847 1 1
27657 550 15 15
27569 726 1 1
26740 924 12 12
26852 1104 0 0
27249 666 2 2
26969 811 0 0
26962 1072 7 7
27009 958 1 1
26803 921 0 0
26788 1341 0 0
27152 739 1 1
26999 1041 0 0
26990 733 0 0
27176 860 0 0
27789 565 0 0
27324 573 9 9
27428 769 0 0
26770 1164 0 0
27418 642 0 0
26828 1085 1 1
26634 1882 0 0
27295 765 0 0
27139 884 0 0
27447 889 0 0
27043 1172 0 0
26494 1221 0 0
27103 1143 3 3
26644 1317 0 0
27357 887 8 8
27081 629 0 0
26871 1119 0 0
27486 693 0 0
27113 1538 0 0
26648 1288 0 0
26849 1238 7 7
27360 539 0 0
26842 649 0 0
27266 717 0 0
26924 1077 0 0
27096 870 2 2
26804 1285 0 0
27027 777 0 0
26344 1643 0 0
27152 848 6 6
27020 719 0 0
27412 756 0 0
26918 941 0 0
26816 823 0 0
26727 1078 0 0
26807 1526 0 0
26885 1131 0 0
26167 1415 0 0
26549 1212 0 0
27081 1055 0 0
27035 1003 0 0
27297 660 0 0
26972 1040 0 0
26623 1542 0 0
27038 900 0 0
27542 680 0 0
27546 778 7 7
26691 1179 7 7
27374 627 14 14
26941 1179 0 0
27353 504 0 0
26839 1125 12 12
27096 917 0 0
27102 813 0 0
26941 1030 0 0
28002 293 0 0
27103 831 0 0
26724 1271 1 1
27278 786 0 0
26962 1036 0 0
27115 1045 3 3
26831 867 0 0
26520 1358 0 0
26596 1538 7 7
26838 1015 0 0
27327 616 0 0
26980 1166 0 0
27093 759 0 0
27145 926 0 0
27392 555 0 0
26964 582 1 1
26446 1563 10 10
26868 1284 0 0
26736 1405 0 0
27460 880 8 8
26827 1077 0 0
26733 991 0 0
27321 950 0 0
26697 1014 0 0
26709 1271 0 0
26782 1370 0 0
26716 1050 7 7
26158 1812 0 0
27427 870 7 7
26288 1732 3 3
26555 1169 11 11
27228 1034 0 0
27571 929 15 15
26959 763 4 4
27466 541 13 13
26459 1772 11 11
27306 557 0 0
27131 754 0 0
27104 972 4 4
27526 781 0 0
26783 1221 0 0
27291 883 6 6
27027 1172 8 8
27047 571 15 15
26405 1426 6 6
27328 668 0 0
27426 451 0 0
26406 1595 0 0
26207 1701 0 0
26989 809 0 0
26354 1245 0 0
27068 1485 9 9
26112 1792 10 10
26043 1936 0 0
27119 924 0 0
26383 1329 0 0
26839 803 0 0
25645 2001 0 0
25682 2189 0 0
26599 1341 14 14
27300 844 0 0
26697 855 0 0
27433 690 0 0
27132 796 2 2
27345 772 0 0
27013 1072 8 8
26544 1398 0 0
26933 930 0 0
27358 890 0 0
26925 838 0 0
27426 605 4 4
27552 883 0 0
26653 1016 0 0
26996 1267 6 6
25795 2363 11 11
26920 896 0 0
26157 1880 0 0
26051 1868 4 4
26973 989 1 1
27347 672 0 0
27035 923 0 0
26947 1079 0 0
27228 762 0 0
26995 933 1 1
27363 453 0 0
27611 370 0 0
27149 887 0 0
27192 838 3 3
25482 2593 0 0
27050 645 0 0
26506 1786 0 0
26590 1362 8 8
27043 715 9 9
26694 1274 0 0
26423 1977 6 6
26510 1377 0 0
25816 2021 0 0
27539 705 0 0
27401 640 0 0
27443 735 0 0
26503 1518 0 0
26542 1646 0 0
26936 957 2 2
27403 829 0 0
26506 1303 0 0
26425 1483 4 4
27412 715 0 0
27032 794 0 0
27399 649 1 1
26914 896 0 0
27065 728 0 0
26790 937 0 0
26265 1781 1 1
26947 799 0 0
27433 789 0 0
26884 1229 7 7
26923 1383 0 0
27703 504 10 10
26644 1207 0 0
26242 1586 0 0
27210 848 0 0
27472 525 9 9
26590 1403 0 0
27218 579 0 0
27062 984 0 0
27185 996 0 0
27412 707 1 1
27726 231 0 0
26630 1339 0 0
26258 1565 0 0
27013 882 0 0
27568 850 0 0
27215 1002 0 0
27369 542 5 5
27185 865 0 0
27405 868 1 1
27851 825 0 0
26801 1366 5 5
27066 549 0 0
26871 1025 0 0
27082 762 0 0
27178 880 0 0
26593 1488 0 0
25956 1886 0 0
26523 1077 0 0
27074 917 2 2
27062 894 0 0
26716 1080 0 0
27109 1134 0 0
27085 694 6 6
26817 1133 0 0
27307 914 0 0
26098 1826 0 0
27106 923 6 6
27520 810 0 0
27294 735 0 0
27262 649 0 0
27414 908 8 8
26700 1338 6 6
27057 664 3 3
26693 1407 0 0
26698 1224 0 0
27314 589 7 7
26665 1095 3 3
27080 1008 0 0
26985 949 10 10
26107 1572 0 0
26644 1228 0 0
27098 1062 4 4
26527 1013 15 15
26909 1120 0 0
27495 688 0 0
27461 512 0 0
25255 2553 1 1
27485 870 2 2
26204 1927 0 0
26459 1346 0 0
27293 845 0 0
27069 663 0 0
26035 1797 0 0
27155 1188 0 0
26977 752 0 0
26299 1607 0 0
27131 836 0 0
25880 1952 0 0
26781 921 0 0
26642 1353 0 0
26517 1246 1 1
26852 1057 0 0
27217 1093 0 0
27255 495 0 0
27459 353 2 2
27059 998 0 0
26635 1276 0 0
27400 339 0 0
27643 457 0 0
26790 1109 0 0
26652 1258 5 5
26413 1721 0 0
26548 1295 0 0
26611 1357 0 0
26342 1298 0 0
27295 693 0 0
26710 1139 2 2
26449 1388 0 0
25896 1847 0 0
27751 324 0 0
26888 939 7 7
27350 488 0 0
26014 2307 1 1
27257 492 0 0
26514 1084 0 0
27058 1131 0 0
26376 1626 0 0
26411 1300 0 0
26760 1125 0 0
26379 1332 0 0
27447 454 0 0
27463 583 7 7
26622 1514 0 0
27247 673 12 12
26957 1009 3 3
27526 316 1 1
27262 727 0 0
26322 1537 1 1
26477 1665 0 0
26286 1388 0 0
26033 1750 0 0
26577 1379 0 0
26751 1127 0 0
26610 1441 8 8
26614 1332 0 0
27165 1026 0 0
26427 1105 0 0
26232 1679 0 0
27065 488 0 0
26876 1317 0 0
27199 820 1 1
27221 913 1 1
27093 850 0 0
26666 1227 0 0
27110 740 0 0
26471 1334 0 0
27624 463 1 1
26421 1728 12 12
26611 1110 0 0
26563 1340 7 7
26775 1302 1 1
27328 390 0 0
26921 972 7 7
27527 602 0 0
26624 1213 7 7
27415 585 0 0
26702 1332 1 1
27139 717 0 0
26951 981 1 1
27532 406 8 8
27198 671 0 0
27308 562 0 0
27843 344 0 0
27155 959 0 0
27504 815 0 0
26439 1795 5 5
27073 670 0 0
26975 1314 0 0
26456 1394 0 0
27620 694 0 0
26405 1518 4 4
26667 1327 0 0
26464 1517 0 0
28028 287 0 0
26611 1112 0 0
26400 1618 0 0
27359 887 0 0
26766 1027 2 2
26598 1206 0 0
26928 1376 3 3
26807 832 0 0
27267 1176 0 0
26988 1182 0 0
26635 1277 1 1
27365 495 6 6
27209 919 0 0
27282 529 0 0
26161 1654 0 0
26498 1392 0 0
27108 701 0 0
27637 338 7 7
27295 997 0 0
26469 1428 0 0
26967 948 0 0
27097 753 0 0
27235 668 0 0
27004 913 2 2
26006 2057 0 0
27241 1505 0 0
26724 1282 0 0
27037 1032 0 0
26381 1526 8 8
27938 350 0 0
27050 1115 0 0
26723 990 0 0
26928 1189 2 2
27228 886 0 0
26580 1231 0 0
26875 1208 0 0
27284 833 0 0
27773 297 1 1
26151 1645 0 0
26618 1197 0 0
26078 1951 0 0
27001 888 9 9
26086 1267 0 0
26314 1774 0 0
27218 876 1 1
27124 709 0 0
26885 1268 11 11
26448 1326 0 0
27158 831 0 0
26768 1303 0 0
27187 725 0 0
27091 1137 0 0
26284 1535 0 0
26491 1498 7 7
27423 561 0 0
27010 1034 5 5
27115 812 0 0
26965 1255 1 1
26861 881 0 0
26509 1106 0 0
26684 1493 6 6
26187 1865 10 10
26901 1238 0 0
27547 728 0 0
27279 476 5 5
27316 364 0 0
27770 235 8 8
26548 1043 0 0
26844 828 1 1
26561 1367 0 0
26857 983 2 2
26537 1205 1 1
27138 837 0 0
28096 368 0 0
27648 461 9 9
27110 920 0 0
26324 1331 0 0
27186 864 3 3
27124 929 7 7
27288 401 0 0
27217 840 0 0
26528 1505 0 0
27376 511 0 0
27061 589 1 1
27434 806 0 0
27480 560 0 0
27163 913 0 0
26394 1407 1 1
26901 689 6 6
27622 550 5 5
27234 641 0 0
26487 1373 1 1
27147 853 13 13
27255 875 0 0
28171 1049 0 0
27214 969 0 0
26899 1096 0 0
27473 409 0 0
26724 988 0 0
26968 856 11 11
26978 749 0 0
27173 741 5 5
27194 602 0 0
26701 1293 0 0
27246 644 0 0
27404 475 0 0
26713 1113 5 5
27038 765 0 0
26757 1064 0 0
25630 2418 2 2
27439 719 0 0
27590 561 0 0
27628 830 0 0
26855 1139 0 0
27328 538 0 0
26463 1893 0 0
