79242 6895 31 31
15545 12368 1 1
16111 11673 0 0
15992 11844 0 0
16672 11456 0 0
16632 11102 1 1
15714 12129 0 0
17436 10357 1 1
16785 11243 0 0
16421 11534 3 3
25962 1410 1 1
38421 1410 0 0
24295 3042 0 0
26639 584 0 0
26481 1258 3 3
26229 1401 2 2
26728 802 0 0
26931 920 0 0
26480 781 1 1
26395 1149 0 0
26756 839 2 2
27160 409 0 0
26526 817 0 0
27297 742 1 1
26142 1155 0 0
26426 1151 2 2
26315 1434 1 1
26587 822 0 0
26438 798 0 0
26474 1151 1 1
26247 1386 0 0
26599 801 0 0
27075 654 0 0
26219 1358 0 0
26271 1235 0 0
27250 675 0 0
27250 384 1 1
26001 1503 0 0
26708 1187 6 6
27098 424 0 0
27089 1384 3 3
26018 1622 0 0
26612 1128 0 0
26145 1332 1 1
26976 521 0 0
26258 1449 1 1
26256 1056 1 1
26179 1466 0 0
25655 2004 0 0
26559 998 0 0
26546 976 0 0
26836 414 0 0
26091 1231 2 2
26510 1111 0 0
26517 927 1 1
26324 1687 1 1
25934 1614 0 0
26217 1222 4 4
27166 474 0 0
26208 1103 0 0
25948 1435 0 0
25827 1773 0 0
27163 281 0 0
26691 762 0 0
26191 1330 0 0
26926 850 1 1
26669 1233 0 0
26733 867 0 0
26024 1610 0 0
26244 1319 0 0
26923 676 0 0
26427 1102 0 0
27023 500 0 0
26617 1053 1 1
26065 1326 1 1
26646 862 0 0
26707 1067 1 1
26614 687 0 0
26499 1098 1 1
26691 749 1 1
26757 973 9 9
26796 774 0 0
27014 370 0 0
26394 1241 0 0
25821 1702 0 0
26578 909 0 0
25822 1541 0 0
27291 424 0 0
26816 951 0 0
26550 1147 1 1
26325 1113 0 0
27139 615 1 1
26638 1003 1 1
26427 1196 1 1
26671 969 0 0
26627 973 0 0
26684 847 2 2
26875 913 0 0
26163 1397 1 1
26681 883 0 0
25789 1384 1 1
26804 743 0 0
26398 1241 0 0
26902 693 0 0
25586 1800 0 0
26680 1087 0 0
27000 793 0 0
27030 655 0 0
27409 423 0 0
26604 914 0 0
26630 943 0 0
27361 894 0 0
25996 1709 0 0
26879 468 0 0
26732 990 0 0
26476 805 2 2
26367 941 0 0
26154 1826 0 0
26966 449 2 2
26651 753 0 0
26578 936 0 0
26913 763 1 1
26529 923 0 0
26540 1138 0 0
26188 1246 1 1
26169 1275 0 0
26831 999 1 1
26400 1314 0 0
26885 463 0 0
27136 505 0 0
26421 1227 1 1
26620 1329 0 0
26116 1348 1 1
26663 773 1 1
26657 1055 0 0
26462 1129 0 0
26633 954 1 1
26462 936 0 0
26596 793 0 0
27045 437 0 0
26866 556 0 0
26986 605 0 0
26070 1377 0 0
27225 359 0 0
26911 951 0 0
26480 1004 0 0
25935 1275 2 2
26148 1259 0 0
26880 770 0 0
26202 1548 2 2
25934 1581 6 6
26666 716 4 4
26178 1113 1 1
27010 724 2 2
26558 866 8 8
26538 825 0 0
26503 1145 0 0
26436 1303 0 0
26839 646 0 0
26234 1152 0 0
26419 921 0 0
27084 597 0 0
26765 948 0 0
27239 253 2 2
26834 1048 1 1
27189 475 1 1
26512 1170 0 0
26158 1398 1 1
26767 767 0 0
26335 1223 0 0
26374 1069 0 0
26308 1318 0 0
26665 960 0 0
26143 1553 0 0
26429 934 1 1
26408 916 0 0
26270 1761 0 0
26668 854 0 0
28024 795 1 1
26515 1064 1 1
26251 1236 2 2
26759 1037 0 0
26393 859 0 0
26586 1007 0 0
27181 801 0 0
26444 1034 2 2
26549 779 0 0
26810 900 1 1
26520 825 0 0
26815 841 0 0
27366 252 1 1
27370 304 0 0
26369 947 2 2
26866 818 1 1
26418 1137 0 0
27176 182 0 0
26689 1040 1 1
26615 858 0 0
26236 1284 0 0
26749 1014 0 0
26184 1393 1 1
26372 1133 0 0
26552 1351 0 0
26286 1298 1 1
26460 831 0 0
26904 775 1 1
26183 1312 0 0
26535 797 0 0
26746 1068 0 0
26181 1409 0 0
26567 899 0 0
26661 1172 1 1
26712 598 1 1
26746 747 0 0
27022 718 0 0
25977 1401 0 0
25787 1530 1 1
26662 737 0 0
25754 1316 0 0
26317 1253 0 0
26873 838 1 1
27125 348 0 0
26537 1303 1 1
26656 1041 0 0
25399 1815 0 0
26268 1025 0 0
26185 1203 0 0
25605 1945 1 1
25375 2071 1 1
27112 660 0 0
27060 1172 0 0
26699 892 1 1
26485 1017 0 0
28584 440 0 0
26788 601 0 0
25789 1543 0 0
26709 599 0 0
27433 596 7 7
27112 350 0 0
26936 780 0 0
26538 912 0 0
26869 510 0 0
26858 722 0 0
26199 1271 0 0
26542 923 0 0
25913 1566 1 1
27244 424 0 0
26584 803 1 1
25923 1774 3 3
26961 564 0 0
26363 1005 2 2
26438 1282 1 1
26374 1044 0 0
26598 1020 0 0
26853 1032 0 0
26013 1405 0 0
25963 1568 0 0
26943 748 1 1
26950 425 0 0
25881 1717 1 1
27612 479 0 0
26462 1017 1 1
26386 1436 0 0
26252 1372 1 1
26457 925 1 1
26417 1245 0 0
27082 720 1 1
26580 1048 1 1
26625 903 2 2
26513 1224 0 0
26348 854 0 0
25816 1667 1 1
25912 1934 0 0
26752 695 0 0
27164 1232 0 0
26843 1140 0 0
27149 500 0 0
26846 710 0 0
26681 552 0 0
26834 474 0 0
26380 1035 0 0
26879 389 0 0
25967 1399 0 0
26492 1099 0 0
25650 1891 1 1
26726 1072 0 0
26630 1091 0 0
26537 722 0 0
26901 988 2 2
26413 1140 0 0
26614 799 2 2
26353 1070 0 0
26233 1261 0 0
26237 1129 0 0
26345 1243 3 3
26331 1237 7 7
26490 759 0 0
26930 799 0 0
26655 1043 0 0
26670 833 2 2
26431 947 1 1
26624 1057 0 0
26348 1310 0 0
26492 1045 0 0
26040 1399 0 0
26292 913 2 2
25996 1665 1 1
26629 1319 0 0
26489 907 0 0
26286 1057 0 0
26746 928 0 0
26812 711 0 0
25317 2174 1 1
26307 1308 1 1
26673 1027 0 0
27536 640 1 1
26424 934 0 0
26023 1608 0 0
26696 1037 1 1
26509 1010 0 0
26370 1127 3 3
26287 1551 0 0
25825 2079 1 1
26553 957 0 0
26038 1485 1 1
26684 889 0 0
24887 2428 0 0
25855 1551 1 1
26677 1021 1 1
26465 858 1 1
27128 669 0 0
26990 411 0 0
26639 826 3 3
27038 868 8 8
26572 897 1 1
26438 826 0 0
27421 671 0 0
26546 1269 0 0
26002 1382 0 0
26578 798 1 1
26873 768 2 2
25869 1524 1 1
27573 562 0 0
25597 1652 1 1
26639 859 0 0
25071 2368 0 0
26727 1145 1 1
26438 1232 1 1
26746 847 0 0
26796 595 1 1
26494 1121 1 1
27147 421 0 0
26267 1078 0 0
26411 931 2 2
26764 1196 11 11
26944 585 2 2
26745 922 1 1
25572 1948 0 0
26657 758 0 0
26762 748 1 1
27201 372 0 0
27210 577 2 2
27153 645 0 0
26002 1632 0 0
26127 1074 0 0
24718 2701 0 0
26289 1183 5 5
26477 1041 0 0
26023 1599 0 0
25117 2474 1 1
26466 1309 1 1
26975 721 0 0
26658 872 0 0
26861 602 0 0
27206 716 0 0
27047 461 0 0
26313 1156 2 2
26766 1224 0 0
26909 701 0 0
26399 1158 0 0
26635 1302 0 0
26602 816 1 1
26181 1256 0 0
26780 1295 1 1
26230 1448 0 0
25397 2145 1 1
26840 828 0 0
26094 1419 0 0
26240 1338 3 3
25970 1719 0 0
27102 450 0 0
26828 898 0 0
25802 1896 2 2
26066 1445 1 1
26695 919 0 0
26534 1349 0 0
25919 1388 0 0
27192 885 0 0
27169 558 0 0
26222 1408 0 0
26369 1139 1 1
26525 1076 1 1
26709 991 1 1
26399 1136 1 1
26936 626 0 0
26870 984 1 1
26533 1256 0 0
26662 735 0 0
26883 795 0 0
27364 613 1 1
27034 608 0 0
27750 1106 0 0
26049 1475 1 1
25464 2098 0 0
27194 594 0 0
26324 1190 0 0
25269 2325 0 0
26383 1247 0 0
26022 1342 1 1
26068 1301 0 0
26466 1376 1 1
26038 1537 1 1
26448 1174 0 0
26639 1159 1 1
25975 1486 1 1
25917 1586 1 1
26333 1083 0 0
26468 1361 0 0
26924 1140 0 0
26454 1182 0 0
26541 1035 0 0
26805 1010 0 0
26189 1516 0 0
25963 1431 0 0
26777 1210 0 0
26302 1115 1 1
26629 1146 0 0
27312 646 0 0
26443 1022 0 0
27183 575 1 1
26505 1327 0 0
26833 1091 0 0
26364 855 0 0
26690 1472 0 0
25927 1631 0 0
26805 586 0 0
26634 1292 0 0
26396 1015 0 0
27058 698 1 1
26984 523 0 0
26026 1479 0 0
26299 1452 0 0
27105 723 0 0
26409 1263 0 0
26578 979 0 0
26698 1102 0 0
26382 1029 1 1
26675 748 0 0
26774 895 1 1
25608 1637 1 1
26375 1083 0 0
26838 871 3 3
26350 994 0 0
25934 1810 0 0
26993 687 0 0
26384 1185 0 0
26779 802 0 0
25763 2110 0 0
26600 813 0 0
26194 1464 0 0
26070 1696 1 1
27212 335 0 0
26894 478 0 0
26005 1596 1 1
26344 913 0 0
26102 1611 11 11
26074 1701 0 0
26000 1464 0 0
27471 224 0 0
26127 1343 0 0
27013 979 1 1
26137 1555 0 0
25488 1825 0 0
26198 1516 0 0
26722 934 0 0
27042 804 0 0
27084 691 0 0
26081 1409 0 0
26572 1089 1 1
27069 462 0 0
26734 861 0 0
26441 957 0 0
26404 1672 0 0
26374 1089 0 0
28052 976 0 0
25958 1591 0 0
26130 1255 0 0
26064 1227 1 1
26961 931 1 1
26586 1241 0 0
25853 1919 0 0
25799 1612 0 0
26641 934 0 0
26733 748 0 0
26249 1105 1 1
26566 1065 0 0
26560 914 0 0
26815 764 0 0
25815 1529 0 0
26440 1074 0 0
26442 1472 1 1
26094 1417 1 1
27201 516 0 0
26580 862 0 0
25041 2407 0 0
26882 1134 0 0
25917 1296 8 8
26485 972 1 1
39259 978 0 0
26844 642 0 0
26256 1048 0 0
26973 705 0 0
26419 947 0 0
25888 1409 0 0
26889 669 0 0
26405 1166 0 0
26208 1068 0 0
26095 1265 1 1
26249 1128 0 0
25906 1616 0 0
26879 1050 0 0
26424 1246 0 0
26469 1065 0 0
26539 1032 0 0
26409 1253 0 0
26177 1360 1 1
26976 801 0 0
26349 1174 1 1
26328 1359 3 3
26878 836 0 0
26316 1259 1 1
26542 1074 1 1
25927 1439 0 0
26755 820 2 2
26558 830 0 0
27272 555 2 2
27217 715 0 0
26514 827 2 2
26598 1059 0 0
26981 727 1 1
26533 902 0 0
26679 923 0 0
26394 1006 0 0
26359 1033 1 1
26477 1254 0 0
26958 657 1 1
26684 1029 0 0
26546 692 1 1
26909 914 0 0
27410 607 0 0
26941 590 3 3
26924 860 1 1
26364 1147 0 0
27005 656 1 1
26413 1110 0 0
26032 2042 0 0
26906 744 0 0
26777 948 0 0
27198 833 1 1
26597 1257 0 0
26098 1264 0 0
26634 1095 0 0
26361 1336 1 1
27186 883 10 10
26762 693 0 0
26501 1074 0 0
27103 686 0 0
26533 1530 0 0
26270 1276 2 2
26432 1242 1 1
27028 518 0 0
26435 655 1 1
26943 687 0 0
26395 1151 1 1
26749 877 0 0
26345 1292 1 1
26845 654 1 1
26097 1651 0 0
26791 861 0 0
26693 786 0 0
27061 791 0 0
26564 906 1 1
26293 903 1 1
26305 1165 0 0
26468 1529 0 0
26636 1057 0 0
25865 1483 0 0
26263 1212 0 0
26631 1090 0 0
26667 1019 0 0
26965 651 0 0
26522 1088 1 1
26217 1623 0 0
26860 829 0 0
27363 687 2 2
27070 820 1 1
26461 1226 2 2
26959 666 1 1
26649 1220 1 1
27136 514 0 0
26655 1156 0 0
26654 882 0 0
26676 861 1 1
26568 1110 0 0
27745 313 0 0
26638 844 0 0
26287 1264 1 1
26917 825 0 0
26578 1044 0 0
26859 917 0 0
26504 846 0 0
26196 1365 0 0
26271 1483 0 0
26462 1027 0 0
26988 605 0 0
26698 1161 0 0
26748 742 1 1
26759 926 0 0
27137 529 0 0
26677 554 9 9
26254 1525 5 5
26492 1263 0 0
26408 1350 1 1
27043 877 0 0
26459 986 0 0
26357 939 1 1
26806 1043 1 1
26468 962 0 0
26329 1241 0 0
26449 1404 0 0
26314 1049 2 2
25997 1779 0 0
26983 977 0 0
25985 1662 0 0
26223 1263 1 1
26835 1056 1 1
27093 1049 0 0
26576 760 0 0
27000 547 1 1
26072 1716 0 0
26909 607 1 1
26837 691 0 0
26626 941 0 0
27242 738 2 2
26344 1258 1 1
26930 902 0 0
26631 1242 0 0
26785 521 2 2
26001 1477 0 0
27037 621 1 1
26998 491 0 0
25838 1723 1 1
26034 1591 0 0
26734 823 0 0
25952 1278 0 0
26718 1465 0 0
25784 1741 0 0
25821 1888 0 0
26641 926 0 0
26187 1278 0 0
26425 876 0 0
25467 1973 0 0
25442 2177 0 0
26294 1317 0 0
27006 878 0 0
26387 920 0 0
27154 696 1 1
26807 690 0 0
27046 757 0 0
26812 975 1 1
26242 1347 1 1
26686 967 0 0
27084 906 0 0
26410 926 0 0
27038 629 0 0
27329 755 0 0
26308 1077 1 1
26815 1190 0 0
25452 2366 0 0
26627 881 0 0
26002 1756 0 0
25916 1597 1 1
26581 1031 1 1
27095 573 0 0
26800 866 0 0
26565 1089 0 0
26840 761 1 1
26504 1001 0 0
26917 504 0 0
27198 384 0 0
26753 837 0 0
27064 698 0 0
25202 2640 0 0
26693 670 0 0
26279 1697 0 0
26058 1497 1 1
26608 730 1 1
26238 1430 0 0
26095 1956 0 0
26238 1326 0 0
25675 1868 1 1
27037 710 1 1
26892 701 0 0
26887 836 0 0
26027 1598 0 0
26200 1609 0 0
26460 991 1 1
27083 847 0 0
26149 1379 1 1
26000 1575 10 10
27166 718 0 0
26802 681 1 1
27133 659 2 2
26597 820 0 0
26691 846 0 0
26652 864 0 0
25925 1696 1 1
26700 724 0 0
27134 844 0 0
26430 1264 2 2
26586 1408 1 1
27330 549 0 0
26420 1135 0 0
25846 1670 1 1
27072 757 0 0
27091 552 0 0
26250 1456 1 1
26764 584 0 0
26691 1037 0 0
26980 1028 1 1
26803 764 2 2
27326 218 0 0
26308 1376 0 0
25904 1667 0 0
26758 756 0 0
27341 857 0 0
26854 1041 0 0
26984 507 1 1
26875 903 1 1
27009 840 1 1
27434 885 2 2
26503 1294 3 3
26831 532 0 0
26507 1057 0 0
26844 723 1 1
26892 911 0 0
26266 1529 0 0
25706 1797 0 0
26227 1079 0 0
26715 910 0 0
26667 948 0 0
26303 1137 0 0
26747 1155 0 0
26701 744 0 0
26534 1164 1 1
26862 988 0 0
25700 1827 0 0
26638 991 0 0
26912 739 0 0
26957 732 0 0
27131 621 0 0
26942 894 1 1
26325 1350 0 0
26660 638 2 2
26467 1399 0 0
26371 1266 0 0
26858 664 0 0
26086 1201 0 0
26688 966 0 0
26642 903 0 0
25677 1568 1 1
26233 1232 0 0
26796 979 0 0
26097 1049 4 4
26512 1204 0 0
27068 763 0 0
27209 476 1 1
24902 2519 0 0
27243 833 0 0
25951 1852 0 0
26192 1319 0 0
26905 790 0 0
26653 772 0 0
25718 1792 1 1
26879 1216 1 1
26576 791 1 1
25962 1579 0 0
26760 854 0 0
25544 1916 2 2
26504 976 0 0
26153 1268 1 1
26281 1173 0 0
26330 1167 0 0
26921 1038 1 1
26906 490 1 1
27161 323 0 0
26608 1046 0 0
26118 1428 0 0
27070 329 0 0
27233 455 0 0
26467 1103 0 0
26259 1235 1 1
26008 1762 1 1
26219 1302 0 0
26343 1344 0 0
26109 1197 1 1
26889 712 0 0
26506 995 0 0
25979 1520 0 0
25541 1868 0 0
27450 323 1 1
26560 1003 0 0
27052 511 0 0
25770 2298 1 1
27008 471 0 0
25989 1237 0 0
26582 1174 0 0
26177 1479 0 0
26185 1256 0 0
26445 1079 0 0
26145 1276 0 0
27062 488 0 0
27225 496 0 0
26125 1571 1 1
26809 732 0 0
26763 864 0 0
27176 261 1 1
26829 751 1 1
26046 1448 1 1
26106 1767 0 0
25946 1446 1 1
25633 1812 0 0
26210 1386 0 0
26471 1154 0 0
26410 1361 0 0
26432 1309 0 0
26748 1061 5 5
26012 1146 0 0
25753 1725 0 0
26780 460 1 1
26496 1304 0 0
26971 799 0 0
26984 830 0 0
26962 927 0 0
26320 1234 0 0
26841 701 1 1
25990 1397 0 0
27198 506 7 7
26198 1688 0 0
26261 1176 0 0
26116 1474 1 1
26541 1277 0 0
26904 431 0 0
26544 991 0 0
27055 769 0 0
26274 1257 0 0
27244 469 0 0
26215 1420 1 1
26847 772 1 1
26458 1085 0 0
27121 502 0 0
26828 691 0 0
26939 607 0 0
27540 427 0 0
26914 974 1 1
27139 844 0 0
25963 1873 1 1
26738 676 0 0
26425 1455 1 1
26140 1398 1 1
27104 725 0 0
26147 1465 0 0
26287 1308 3 3
26121 1539 0 0
27622 295 1 1
26276 1122 0 0
26062 1619 0 0
27118 816 0 0
26403 1046 0 0
26242 1201 0 0
26758 1275 0 0
26398 817 0 0
26869 1101 1 1
26567 1227 4 4
26392 1238 2 2
26936 546 0 0
26912 922 1 1
26845 606 1 1
25951 1510 0 0
26252 1325 0 0
26647 785 0 0
27243 361 0 0
26899 958 1 1
25972 1563 1 1
26592 942 0 0
26639 810 0 0
26906 659 1 1
26668 809 0 0
25642 2139 0 0
26913 1482 0 0
26350 1289 0 0
26637 1034 0 0
25900 1634 0 0
27680 381 0 0
26639 1116 0 0
26537 1009 0 0
26330 1217 0 0
26843 872 0 0
26205 1266 0 0
26436 1267 0 0
26970 804 0 0
27440 322 0 0
25743 1722 0 0
26181 1278 0 0
25845 1952 0 0
26667 866 0 0
25810 1252 0 0
26015 1737 0 0
26730 963 1 1
26789 692 0 0
26608 1181 0 0
25982 1366 3 3
26864 745 0 0
26403 1285 0 0
26856 777 0 0
26737 1189 3 3
25875 1589 1 1
26030 1586 1 1
27059 506 0 0
26786 1019 0 0
26807 833 1 1
26599 1221 0 0
26463 913 0 0
26172 1192 0 0
26221 1562 0 0
38106 1808 0 0
26692 1240 0 0
27312 688 0 0
26841 504 0 0
27006 358 0 0
27394 244 1 1
26126 1036 0 0
26530 785 1 1
26329 1372 0 0
26534 950 0 0
26207 1143 2 2
26982 752 0 0
27778 403 0 0
27280 350 0 0
26866 874 0 0
26056 1297 0 0
26898 784 0 0
26679 999 0 0
26956 431 0 0
26766 856 0 0
26168 1559 0 0
26972 476 0 0
26822 539 0 0
26862 833 0 0
27087 616 1 1
26799 914 0 0
26007 1512 1 1
26640 635 0 0
27165 586 0 0
26854 682 0 0
26088 1364 0 0
26758 911 1 1
26887 908 0 0
27438 1160 1 1
26782 952 1 1
26545 1059 0 0
27099 447 0 0
26183 1018 0 0
26506 909 0 0
26619 720 0 0
26645 747 0 0
26716 575 1 1
26448 1285 0 0
26812 673 0 0
27037 458 0 0
26351 1182 10 10
26662 817 0 0
26354 1076 1 1
25501 2340 1 1
26952 797 1 1
27285 545 1 1
39372 836 0 0
26624 1033 0 0
27028 508 0 0
26063 1869 1 1
