78635 6601 0 0
15142 12425 2 2
16036 11438 0 0
15523 12050 0 0
16304 11570 0 0
16277 11298 1 1
15233 12322 0 0
17063 10398 3 3
16552 11213 2 2
16183 11502 2 2
25737 1336 0 0
38137 1375 0 0
23954 3164 0 0
26407 570 0 0
26042 1407 1 1
26064 1349 0 0
26495 786 1 1
26670 872 1 1
26107 842 0 0
26181 1067 1 1
26519 797 0 0
26883 411 0 0
26308 804 1 1
27060 768 0 0
26002 1034 0 0
26194 1120 0 0
25957 1502 0 0
26349 778 1 1
26232 722 0 0
26316 1109 1 1
25909 1415 0 0
26309 809 0 0
26806 648 0 0
25987 1355 1 1
25902 1318 1 1
26927 702 0 0
26985 356 0 0
25697 1499 0 0
26382 1230 1 1
26895 372 0 0
26363 1501 2 2
25708 1683 0 0
26268 1146 0 0
25882 1264 1 1
26723 480 0 0
26008 1421 0 0
25809 1229 0 0
25939 1404 0 0
25453 1942 0 0
26175 1147 0 0
26223 957 0 0
26513 478 0 0
37977 1242 1 1
26231 1068 1 1
26135 1001 0 0
26134 1600 0 0
25516 1719 0 0
26031 1139 1 1
26847 511 0 0
25982 1051 0 0
25667 1470 0 0
25565 1722 0 0
26857 286 0 0
26462 786 0 0
25910 1310 0 0
26571 981 0 0
26298 1289 0 0
26519 816 0 0
25774 1603 1 1
25915 1339 0 0
26620 722 0 0
26129 1098 0 0
26783 480 0 0
26351 1045 0 0
25799 1327 0 0
26380 842 0 0
26436 1096 2 2
26291 765 0 0
26207 1139 0 0
26572 693 0 0
26443 1016 0 0
26514 767 0 0
26793 338 1 1
26095 1266 0 0
25495 1706 0 0
26268 965 0 0
25493 1599 0 0
26886 492 1 1
26491 1018 1 1
26275 1161 0 0
25995 1132 0 0
26885 588 0 0
26308 1046 1 1
26172 1164 0 0
26485 927 0 0
26328 1006 0 0
26523 776 0 0
26603 797 1 1
25697 1578 0 0
26391 895 0 0
25511 1389 0 0
26594 680 0 0
26008 1236 0 0
26608 675 0 0
25290 1783 0 0
26504 1024 0 0
26623 828 0 0
26664 743 0 0
27118 436 1 1
26258 956 0 0
26531 831 1 1
27038 949 2 2
25708 1670 0 0
26561 478 0 0
26464 978 1 1
26727 863 0 0
26031 980 0 0
25877 1813 1 1
26559 449 2 2
26385 746 0 0
26401 856 0 0
26571 751 0 0
26225 961 0 0
26314 1050 0 0
25943 1200 0 0
25945 1258 0 0
26447 1091 0 0
26195 1265 1 1
26665 403 0 0
26823 555 0 0
26212 1160 0 0
26333 1334 0 0
25827 1346 2 2
26297 864 0 0
26369 1082 0 0
26279 1100 1 1
26504 848 0 0
26196 882 0 0
26337 795 0 0
26766 440 0 0
26642 514 1 1
26658 674 0 0
25874 1277 2 2
26876 375 0 0
26797 822 0 0
26197 999 0 0
25477 1305 0 0
25885 1263 0 0
26539 849 1 1
25843 1646 0 0
25875 1302 4 4
26332 758 0 0
26047 1040 0 0
26563 738 0 0
26212 904 1 1
26312 796 2 2
26202 1163 1 1
26058 1377 0 0
26562 669 2 2
26001 1077 0 0
26135 948 1 1
26889 561 0 0
26541 884 0 0
26963 241 0 0
26639 934 0 0
26933 485 5 5
26187 1215 0 0
25892 1406 0 0
26501 757 0 0
26037 1236 0 0
26072 1099 1 1
25952 1416 0 0
26491 845 1 1
25716 1696 1 1
26250 866 0 0
26075 914 0 0
26164 1633 0 0
26434 817 1 1
27740 769 0 0
26168 1051 0 0
26042 1194 0 0
26486 1038 1 1
26138 841 1 1
38469 1024 1 1
26833 785 0 0
26199 1019 0 0
26298 796 0 0
26480 946 0 0
26280 786 0 0
26587 815 0 0
27019 301 0 0
27125 301 1 1
26056 986 0 0
26665 761 1 1
26049 1172 2 2
26873 159 0 0
26508 952 0 0
26399 852 1 1
26011 1243 0 0
26399 1043 0 0
25911 1423 1 1
26205 1053 0 0
26217 1417 0 0
26037 1323 0 0
26214 784 0 0
26628 813 0 0
25899 1322 0 0
26203 832 0 0
26393 1083 0 0
25901 1395 0 0
26326 891 0 0
26435 1108 2 2
26406 613 0 0
26415 777 0 0
26684 738 0 0
25669 1442 0 0
25479 1590 0 0
26329 771 0 0
25545 1307 0 0
38207 1260 0 0
26616 831 0 0
26764 383 1 1
26297 1304 0 0
26324 1079 0 0
25161 1770 1 1
25923 1098 1 1
25988 1147 1 1
25238 1978 1 1
25068 2097 0 0
26687 582 1 1
26664 1170 0 0
26408 913 0 0
26314 925 0 0
28092 348 0 0
26555 619 0 0
25487 1541 0 0
26468 549 0 0
27111 658 0 0
26838 315 0 0
26632 755 1 1
26267 1002 0 0
26612 481 1 1
26512 790 0 0
26041 1181 0 0
26148 1027 0 0
25646 1594 0 0
26969 397 0 0
26373 812 0 0
25625 1704 1 1
26694 551 0 0
26067 1033 0 0
26148 1299 1 1
26164 966 0 0
26386 978 0 0
26497 1085 0 0
25646 1471 0 0
25586 1680 2 2
26636 732 0 0
26697 397 0 0
25474 1792 0 0
27415 428 0 0
26078 1130 0 0
26186 1358 0 0
25894 1429 0 0
38322 944 2 2
26149 1227 0 0
26848 684 0 0
26337 1012 0 0
26117 1012 0 0
26243 1208 0 0
26141 763 0 0
25589 1644 0 0
25780 1782 0 0
26558 624 0 0
26924 1294 0 0
26447 1193 0 0
26863 515 0 0
26598 675 0 0
26434 536 0 0
26610 446 0 0
26074 1081 0 0
26570 386 1 1
25583 1494 0 0
26175 1125 0 0
25271 1951 0 0
26346 1130 0 0
26288 1123 0 0
26190 726 0 0
26665 964 0 0
26066 1231 0 0
26347 764 0 0
26210 984 1 1
25999 1233 0 0
25995 1134 0 0
25855 1375 1 1
25943 1335 0 0
26210 757 0 0
26606 791 0 0
26358 1007 0 0
26335 907 0 0
26115 984 0 0
26385 1031 0 0
25999 1386 0 0
26226 1071 0 0
25842 1348 0 0
25915 1202 0 0
25676 1690 0 0
26460 1195 0 0
26217 881 2 2
25969 1106 0 0
26302 874 1 1
26550 707 0 0
25020 2185 0 0
25989 1368 0 0
26316 1084 1 1
27323 648 1 1
26113 936 0 0
25664 1654 1 1
26372 1084 0 0
26254 987 0 0
26065 1102 0 0
26066 1489 0 0
25516 2109 1 1
26343 952 1 1
25753 1466 0 0
26443 860 0 0
24637 2402 0 0
25561 1445 0 0
26418 1017 0 0
26258 863 0 0
26837 718 0 0
26684 430 0 0
26416 782 1 1
26799 844 0 0
26308 891 0 0
26209 793 0 0
27188 620 1 1
26354 1175 0 0
25666 1460 0 0
26213 861 1 1
26655 716 0 0
25626 1482 1 1
27350 598 1 1
25369 1551 0 0
26427 804 1 1
24934 2191 0 0
26455 1157 0 0
26304 1146 0 0
26458 893 0 0
26440 647 0 0
26184 1112 2 2
26790 456 1 1
25943 1121 0 0
26140 957 0 0
38689 1157 1 1
26654 564 1 1
26522 893 1 1
25351 1933 2 2
26446 695 0 0
26458 838 0 0
26826 386 0 0
26926 559 0 0
26893 613 0 0
25707 1641 0 0
25866 1061 0 0
24571 2611 0 0
26018 1154 0 0
26221 1036 0 0
25825 1569 0 0
24946 2338 0 0
26155 1383 0 0
26602 801 0 0
26395 853 0 0
26621 565 0 0
26950 707 1 1
26774 459 0 0
25952 1198 0 0
26434 1204 0 0
26631 672 0 0
26064 1146 1 1
26350 1294 1 1
26228 834 1 1
25975 1175 1 1
26473 1282 0 0
25862 1496 0 0
25256 2094 0 0
26640 771 3 3
25891 1354 1 1
25867 1507 2 2
25790 1645 0 0
26720 550 1 1
26480 970 0 0
25550 1880 2 2
25833 1436 1 1
26525 838 0 0
38347 1412 0 0
25488 1521 0 0
26839 926 0 0
26955 521 0 0
25947 1419 0 0
38257 1141 1 1
26229 1115 1 1
26341 1054 0 0
26081 1186 0 0
26623 678 1 1
26493 1126 0 0
26375 1205 0 0
26451 692 1 1
26581 836 0 0
27122 583 1 1
26864 515 0 0
27213 1092 0 0
25710 1472 0 0
25261 2036 1 1
26910 622 1 1
25957 1259 0 0
25003 2288 0 0
26102 1261 0 0
25789 1271 0 0
25826 1307 0 0
25976 1361 0 0
25842 1481 0 0
26099 1240 0 0
26301 1232 1 1
25699 1507 1 1
25677 1619 1 1
26083 1065 0 0
26288 1342 2 2
26678 1107 0 0
26162 1214 0 0
26177 1075 0 0
26554 961 0 0
25864 1535 0 0
25647 1480 0 0
26358 1200 2 2
25955 1189 0 0
26248 1217 2 2
27020 651 0 0
26210 938 0 0
26868 582 0 0
26249 1343 0 0
26646 992 0 0
26020 940 0 0
26464 1428 0 0
25633 1626 1 1
26630 513 0 0
26545 1179 1 1
26060 1035 0 0
26740 718 0 0
26695 505 0 0
25630 1617 0 0
26117 1341 0 0
26855 725 0 0
26114 1303 0 0
26283 999 0 0
26393 1133 0 0
26063 1039 0 0
26432 714 1 1
26523 873 0 0
25448 1494 0 0
26005 1150 2 2
26620 824 0 0
25960 1113 0 0
25696 1736 0 0
26673 715 0 0
26055 1270 1 1
26454 798 0 0
25323 2138 0 0
26300 868 0 0
25893 1488 0 0
25688 1782 1 1
26928 355 0 0
26576 510 0 0
25877 1424 1 1
26248 821 0 0
25860 1614 2 2
25958 1536 0 0
25701 1484 0 0
27173 242 1 1
25891 1265 2 2
26628 1074 0 0
25796 1631 0 0
25372 1683 1 1
25794 1619 0 0
26317 981 1 1
26699 847 0 0
26758 690 0 0
25883 1331 0 0
26346 1042 0 0
26806 429 0 0
26530 792 0 0
26124 974 0 0
26149 1663 0 0
26143 1051 0 0
27641 920 0 0
25772 1514 0 0
25858 1231 0 0
25719 1301 1 1
26766 845 0 0
26419 1120 7 7
25564 1976 0 0
25552 1601 0 0
26293 948 0 0
26415 788 2 2
25977 1066 0 0
26324 1026 0 0
26408 860 0 0
26520 734 0 0
25493 1579 0 0
26277 1043 1 1
26183 1422 0 0
25836 1398 1 1
26969 491 0 0
26372 797 0 0
24660 2489 0 0
26488 1232 0 0
25587 1299 0 0
26211 967 1 1
38843 1047 0 0
26646 573 0 0
26012 1009 0 0
26656 769 1 1
26138 1001 0 0
25602 1449 0 0
26601 697 0 0
26045 1271 1 1
25939 1033 0 0
25698 1326 0 0
26006 1084 0 0
25588 1638 0 0
26499 1127 0 0
26057 1312 0 0
26131 1122 0 0
26260 1015 0 0
26195 1169 1 1
25774 1457 1 1
26714 798 1 1
26072 1134 0 0
26045 1354 0 0
26582 840 0 0
26004 1234 0 0
26303 1027 0 0
25595 1465 0 0
26421 844 0 0
26311 811 1 1
27002 551 0 0
26931 692 1 1
26076 935 0 0
26217 1085 0 0
26706 706 1 1
26224 931 0 0
26365 952 0 0
26123 954 0 0
26184 838 0 0
26143 1338 1 1
26618 658 0 0
26406 1027 0 0
26330 670 0 0
26623 900 0 0
27199 550 2 2
26629 637 3 3
26719 811 3 3
26115 1112 0 0
26818 568 1 1
25943 1154 0 0
25653 2096 0 0
26678 719 1 1
26440 989 0 0
26797 890 0 0
26328 1243 0 0
25879 1223 0 0
26355 1060 0 0
26086 1319 0 0
26969 854 0 0
26405 752 1 1
26221 1093 1 1
26854 678 0 0
26032 1488 0 0
26002 1291 0 0
26150 1236 0 0
26728 513 0 0
26189 635 0 0
26610 713 0 0
26149 1110 0 0
26362 932 0 0
26103 1264 0 0
26507 698 0 0
25867 1591 0 0
26453 865 0 0
26445 751 1 1
26791 788 0 0
26126 874 0 0
25999 862 1 1
26118 1083 0 0
26149 1526 0 0
26359 1137 1 1
25633 1440 0 0
26009 1181 0 0
26375 1053 0 0
26430 1000 0 0
26744 570 0 0
26190 1130 0 0
25974 1549 3 3
26554 824 0 0
27083 742 0 0
26735 868 0 0
26153 1265 1 1
26667 677 0 0
26369 1209 0 0
26860 469 0 0
26248 1232 0 0
26338 911 1 1
26356 840 0 0
26415 1039 0 0
27495 285 0 0
26441 855 2 2
25866 1367 1 1
26599 831 1 1
26219 1083 0 0
26456 1030 0 0
26174 886 0 0
25940 1379 0 0
25984 1468 0 0
26196 1010 0 0
26658 662 0 0
26349 1195 0 0
26409 808 0 0
26543 857 0 0
26675 526 0 0
26360 566 3 3
25902 1587 0 0
26089 1260 1 1
26172 1271 0 0
26865 863 0 0
26118 1008 0 0
26188 856 0 0
26581 927 0 0
26201 972 0 0
25996 1283 0 0
26127 1447 0 0
26025 1037 1 1
25687 1770 0 0
26672 980 0 0
25693 1663 0 0
26026 1191 0 0
26572 1015 1 1
26882 963 0 0
26325 765 0 0
26650 581 0 0
26031 1576 0 0
26625 593 0 0
26515 716 0 0
26456 849 0 0
26936 771 1 1
26102 1210 0 0
26638 955 0 0
26303 1260 0 0
26590 520 0 0
25708 1444 1 1
26716 658 0 0
26706 470 1 1
25631 1674 0 0
25702 1632 0 0
26463 802 0 0
25601 1349 0 0
26457 1465 1 1
25583 1644 0 0
25393 2010 0 0
26321 906 0 0
25857 1313 0 0
26235 814 0 0
25235 1949 0 0
25100 2231 0 0
25944 1395 0 0
26775 824 0 0
26107 887 0 0
26795 822 0 0
26564 626 0 0
26703 782 0 0
26554 968 1 1
25898 1425 0 0
26473 893 0 0
26811 849 0 0
26235 895 0 0
26718 662 0 0
26968 792 0 0
26005 1096 0 0
26584 1194 1 1
25124 2351 0 0
26315 886 0 0
25741 1785 0 0
25336 1853 0 0
26329 979 0 0
26779 618 0 0
26522 882 0 0
26409 1069 0 0
26466 825 0 0
26167 1048 0 0
26629 540 0 0
26935 415 0 0
26370 894 0 0
26777 681 0 0
24868 2713 0 0
26398 645 0 0
25940 1717 0 0
25844 1428 0 0
26358 704 0 0
26045 1360 0 0
25758 1990 0 0
26003 1258 0 0
25243 1969 0 0
26687 763 0 0
26544 723 0 0
26489 937 0 0
25833 1520 1 1
25865 1633 0 0
26110 1024 0 0
26589 856 0 0
25943 1307 0 0
25683 1685 0 0
26747 775 0 0
26437 763 0 0
26809 722 0 0
26368 801 0 0
26418 784 0 0
26277 850 0 0
25700 1687 0 0
26380 738 0 0
26808 925 0 0
26071 1205 1 1
26358 1346 0 0
27069 553 2 2
26054 1213 0 0
25453 1766 1 1
26793 742 0 0
26911 463 0 0
25858 1527 0 0
26506 521 0 0
26401 1024 0 0
26755 966 0 0
26502 701 1 1
27153 190 0 0
25994 1440 0 0
25738 1558 0 0
26407 844 0 0
26985 942 0 0
26551 1067 0 0
26704 560 0 0
26537 926 0 0
26672 843 0 0
27026 866 0 0
26123 1345 0 0
26539 549 1 1
26249 1037 0 0
26495 789 0 0
26649 858 0 0
26007 1498 1 1
25332 1804 0 0
25890 1114 2 2
26514 821 0 0
26241 1054 0 0
26133 1040 0 0
26452 1164 0 0
26572 606 0 0
26318 1119 1 1
26657 963 0 0
25553 1844 0 0
26316 993 0 0
26550 795 0 0
26610 730 0 0
26954 578 0 0
26635 921 2 2
26028 1349 1 1
26426 564 0 0
25993 1503 0 0
26035 1291 0 0
26640 629 1 1
25862 1144 0 0
26409 971 0 0
26358 906 1 1
25525 1477 0 0
25905 1297 0 0
26477 1016 0 0
25885 1008 0 0
26128 1244 0 0
26871 692 0 0
26870 535 0 0
24445 2668 0 0
26996 785 0 0
25635 1893 0 0
25949 1290 0 0
26573 877 0 0
26421 749 0 0
25382 1833 0 0
26640 1190 0 0
26256 840 0 0
25545 1651 0 0
26493 849 1 1
25216 1984 0 0
26201 1000 0 0
25858 1283 1 1
25979 1201 0 0
26197 1004 0 0
26589 1076 0 0
26582 505 0 0
26778 389 0 0
26316 962 0 0
25801 1417 1 1
26794 324 1 1
26969 466 0 0
26180 1072 1 1
25910 1264 0 0
25760 1742 0 0
25942 1286 1 1
26087 1393 0 0
25735 1280 0 0
26569 744 0 0
26112 1079 0 0
25805 1409 0 0
25410 1697 0 0
27199 309 0 0
26344 949 0 0
26834 471 0 0
25423 2352 1 1
26773 464 0 0
25788 1179 0 0
26340 1113 0 0
25752 1595 0 0
25940 1244 0 0
26052 1155 0 0
25831 1311 0 0
26718 453 0 0
26950 495 2 2
25823 1618 1 1
26547 738 2 2
26485 927 0 0
26833 294 1 1
26488 790 0 0
25567 1383 0 0
25818 1773 0 0
25577 1543 1 1
25375 1783 0 0
25860 1472 0 0
26124 1232 0 0
25929 1535 0 0
26158 1281 1 1
26593 978 0 0
25668 1197 0 0
25533 1650 0 0
26531 416 0 0
26279 1285 0 0
26674 765 0 0
26672 874 0 0
26801 878 0 0
26081 1182 0 0
26541 706 0 0
25834 1284 1 1
26897 557 0 0
25818 1773 1 1
26030 1152 0 0
25990 1334 1 1
26239 1327 0 0
26611 440 1 1
26308 949 1 1
26803 760 0 0
26071 1185 0 0
26839 573 0 0
26014 1369 0 0
26589 770 0 0
26193 1054 1 1
26816 502 0 0
26463 747 0 0
26681 628 0 0
27238 417 0 0
26672 937 0 0
26794 868 0 0
25651 1827 0 0
26528 608 0 0
26316 1264 1 1
25904 1398 0 0
26832 689 0 0
25738 1597 0 0
25808 1381 0 0
25884 1539 2 2
27410 298 0 0
26058 1117 0 0
25848 1678 0 0
26712 951 0 0
26160 1010 0 0
25895 1236 0 0
26536 1179 0 0
26132 812 0 0
26451 1177 0 0
26337 1176 0 0
26134 1235 0 0
26728 498 0 0
26710 859 0 0
26596 574 0 0
25623 1568 0 0
25689 1422 0 0
26419 751 0 0
27021 326 0 0
26496 1041 1 1
25833 1416 0 0
26311 950 0 0
26363 782 1 1
26519 759 1 1
26380 834 0 0
25720 1773 0 0
26590 1530 0 0
26041 1361 0 0
26328 1092 0 0
25690 1538 0 0
27381 366 0 0
26320 1198 0 0
26274 970 0 0
26063 1244 0 0
26532 906 0 0
25854 1307 2 2
26228 1208 0 0
26740 757 0 0
27150 328 0 0
25420 1782 0 0
26054 1146 0 0
25629 1889 0 0
26409 853 0 0
25533 1284 0 0
25810 1675 0 0
26468 955 0 0
26457 714 0 0
26287 1182 0 0
25609 1399 1 1
26484 792 0 0
26027 1363 1 1
26765 667 0 0
26480 1168 0 0
25521 1562 0 0
25854 1529 0 0
26769 507 0 0
26368 1020 0 0
26493 859 1 1
26322 1211 0 0
26176 926 0 0
25931 1132 0 0
25919 1524 1 1
37696 1834 0 0
26338 1292 0 0
27173 680 0 0
26601 489 0 0
26738 354 0 0
27190 241 1 1
25858 1034 0 0
26351 717 0 0
26029 1345 1 1
26292 890 0 0
25913 1169 0 0
26651 805 0 0
27500 362 0 0
26959 328 0 0
26663 845 0 0
25727 1339 0 0
26707 776 0 0
26486 903 0 0
26684 443 0 0
26528 809 0 0
25813 1397 0 0
26651 477 0 0
26576 551 0 0
26561 827 0 0
26782 586 0 0
26475 970 0 0
25698 1527 3 3
26307 666 0 0
26902 526 0 0
26574 694 0 0
25715 1475 0 0
26586 859 0 0
26619 897 1 1
27095 1121 1 1
26473 987 1 1
26196 1127 0 0
26786 437 0 0
25909 1014 1 1
26212 892 0 0
26340 697 0 0
26350 795 1 1
26357 596 1 1
26116 1317 0 0
26427 728 0 0
26711 500 0 0
26082 1145 0 0
26403 816 0 0
26090 1025 1 1
25160 2386 0 0
26633 883 1 1
26941 567 0 0
38884 962 0 0
26319 1055 0 0
26746 536 1 1
25845 1869 1 1
