25219 0 25 25
24777 0 8 8
24773 51 3 3
24785 4 0 0
24535 67 0 0
24743 0 1 1
24632 0 0 0
24680 0 0 0
24723 10 1 1
24356 318 11 11
24667 1 8 8
24630 5 0 0
24554 24 0 0
24614 23 0 0
24637 31 2 2
24628 0 0 0
24618 0 2 2
24714 3 1 1
24774 0 0 0
24620 10 0 0
24662 8 0 0
24600 0 1 1
24668 0 8 8
24559 255 0 0
24762 51 0 0
24599 95 0 0
24601 0 0 0
24688 0 0 0
24675 35 0 0
24680 42 0 0
24704 0 0 0
24632 45 4 4
24585 19 0 0
24698 0 0 0
24561 117 9 9
24564 103 8 8
24624 0 0 0
24663 0 0 0
24710 0 0 0
24525 199 0 0
24523 167 0 0
24618 5 0 0
24665 1 6 6
24637 0 0 0
24567 121 0 0
24545 122 1 1
24458 237 8 8
24618 0 0 0
24588 25 0 0
24702 6 1 1
24621 0 0 0
24583 116 0 0
24632 51 2 2
24628 0 0 0
24618 0 0 0
24653 25 5 5
24720 0 1 1
24679 0 7 7
24574 7 2 2
24699 0 0 0
24661 22 5 5
24673 0 0 0
24782 10 4 4
24699 0 0 0
24674 0 8 8
24689 8 1 1
24687 55 0 0
24639 0 0 0
24655 64 2 2
24684 0 0 0
24572 26 0 0
24626 0 0 0
24672 9 0 0
24658 4 4 4
24674 0 8 8
24680 0 7 7
24628 7 0 0
24685 0 5 5
24609 1 0 0
24748 46 3 3
24683 0 0 0
24720 102 4 4
24668 1 11 11
24595 0 0 0
24678 0 9 9
24711 0 0 0
24622 0 0 0
24686 3 0 0
24681 0 0 0
24693 0 0 0
24671 4 0 0
24590 38 0 0
24638 44 5 5
24646 0 0 0
24677 0 9 9
24683 0 0 0
24670 18 0 0
24643 39 8 8
24617 0 0 0
24630 0 0 0
24697 0 0 0
24578 42 0 0
24622 0 0 0
24629 0 0 0
24499 85 0 0
24726 0 0 0
24672 21 10 10
24667 7 9 9
24724 14 0 0
24610 21 0 0
24601 11 0 0
24694 0 13 13
24704 12 0 0
24602 8 0 0
24665 1 7 7
24607 8 0 0
24671 0 11 11
24675 17 7 7
24624 83 0 0
24573 122 0 0
24718 4 0 0
24663 0 0 0
24676 0 7 7
24671 22 0 0
24625 57 8 8
24667 0 5 5
24677 0 10 10
24679 20 7 7
24594 95 5 5
24639 55 9 9
24668 2 10 10
24740 2 0 0
24593 0 0 0
24576 0 0 0
24685 2 11 11
24687 0 10 10
24607 7 0 0
24725 0 0 0
24630 8 0 0
24574 3 0 0
24697 0 0 0
24654 30 0 0
24790 19 5 5
24592 36 0 0
24575 49 0 0
24581 48 0 0
24649 0 9 9
24674 0 10 10
24679 0 5 5
24662 0 7 7
24586 0 0 0
24697 5 1 1
24627 0 0 0
24601 77 2 2
24655 67 1 1
24668 8 0 0
24666 54 0 0
24612 6 0 0
24582 13 1 1
24588 28 0 0
24629 57 0 0
24667 4 9 9
24686 0 5 5
24695 0 0 0
24731 8 1 1
24401 318 0 0
18516 6161 0 0
24721 0 0 0
24586 0 1 1
24729 0 2 2
24608 81 12 12
24686 35 0 0
24708 0 0 0
24695 0 1 1
24675 0 5 5
24597 0 0 0
24589 0 0 0
24623 1 0 0
24606 84 3 3
24666 9 8 8
24719 8 0 0
24553 135 0 0
24574 114 14 14
24650 0 0 0
24609 0 0 0
24661 13 5 5
24558 89 0 0
24582 34 0 0
24704 3 0 0
24675 0 0 0
24706 0 1 1
24642 32 0 0
24689 0 10 10
24800 0 0 0
24693 0 0 0
24650 5 0 0
24553 147 0 0
24470 128 0 0
24683 0 14 14
24672 0 0 0
24416 197 0 0
24420 202 0 0
24574 129 0 0
24731 9 1 1
24621 0 0 0
24667 0 6 6
24479 139 1 1
24594 130 1 1
24553 38 0 0
24628 0 0 0
24573 100 1 1
24641 0 1 1
24561 104 1 1
24527 146 1 1
24607 0 1 1
24621 0 0 0
24678 0 14 14
24673 0 0 0
24643 37 8 8
24665 2 8 8
24721 0 0 0
24613 0 0 0
24723 0 0 0
24641 44 9 9
24603 16 1 1
24680 0 1 1
24685 0 0 0
24676 15 0 0
24593 35 0 0
24662 5 6 6
24669 0 4 4
24674 0 9 9
24665 14 0 0
24737 11 3 3
24617 50 11 11
24611 0 0 0
24604 0 0 0
24631 3 0 0
24622 2 0 0
24244 427 12 12
24419 270 6 6
24704 0 11 11
24697 0 0 0
24693 3 0 0
24613 10 0 0
24435 243 11 11
24623 0 0 0
24625 1 0 0
24625 44 3 3
24599 30 0 0
24671 0 7 7
24557 67 1 1
24722 1 0 0
24683 0 7 7
24698 32 0 0
24525 83 0 0
24608 0 0 0
24710 3 0 0
24693 32 0 0
24531 181 1 1
24690 1 8 8
24687 0 1 1
24668 0 4 4
24634 0 0 0
24606 11 0 0
24664 31 0 0
24647 0 7 7
24595 0 0 0
24607 0 0 0
24643 48 0 0
24615 78 1 1
24597 96 0 0
24587 6 0 0
24665 0 8 8
24711 3 0 0
24667 0 0 0
24483 135 0 0
24637 0 0 0
24683 0 1 1
24696 0 0 0
24658 27 9 9
24677 3 0 0
24693 0 0 0
24695 0 0 0
24741 0 0 0
24665 1 0 0
24671 0 9 9
24805 0 6 6
24561 31 0 0
24653 66 0 0
24586 3 0 0
24617 6 0 0
24627 52 0 0
24716 0 3 3
24679 0 5 5
24615 52 11 11
24585 12 0 0
24706 12 0 0
24692 4 8 8
24681 0 6 6
24620 0 0 0
24613 0 0 0
24598 90 8 8
24675 0 4 4
24682 0 0 0
24685 1 0 0
24684 2 0 0
24540 56 0 0
24605 0 0 0
24679 0 6 6
24626 0 1 1
24676 0 10 10
24638 64 0 0
24685 0 6 6
20965 3611 0 0
24667 0 5 5
24642 17 11 11
24682 25 15 15
24561 52 0 0
24711 2 0 0
24675 0 0 0
24447 175 0 0
24499 137 0 0
24724 3 0 0
24694 0 0 0
24523 53 0 0
24558 125 6 6
24538 141 0 0
24615 59 4 4
24668 0 3 3
24670 5 0 0
24635 0 0 0
24660 25 4 4
24448 135 0 0
24672 6 0 0
24684 0 6 6
24790 0 8 8
24606 54 0 0
24644 46 5 5
24609 0 0 0
24716 0 0 0
24577 0 0 0
24608 95 0 0
24425 203 0 0
24688 0 13 13
24686 1 1 1
24704 0 0 0
24634 45 0 0
24613 11 0 0
24669 0 8 8
24721 0 0 0
24520 156 8 8
24681 0 0 0
24572 16 0 0
24696 0 0 0
24700 0 8 8
24672 0 6 6
24619 0 0 0
24537 162 1 1
24628 46 5 5
24711 7 0 0
24714 0 0 0
24674 5 10 10
24446 143 0 0
24481 204 0 0
24675 9 0 0
24666 2 6 6
24669 30 0 0
24415 162 0 0
24556 122 4 4
24620 0 0 0
24673 0 6 6
24618 12 0 0
24536 141 12 12
24587 95 0 0
24627 74 0 0
24663 0 8 8
24375 232 0 0
24602 0 0 0
24700 0 0 0
24667 20 0 0
24672 0 8 8
24649 50 0 0
24602 90 0 0
24599 134 0 0
24676 0 6 6
24581 0 0 0
24656 0 0 0
24187 482 10 10
24559 117 3 3
24699 24 1 1
24674 4 8 8
24456 248 1 1
24714 12 0 0
24613 61 8 8
24507 154 6 6
24613 24 0 0
24586 7 0 0
24563 34 0 0
24667 29 0 0
24606 65 8 8
24675 13 0 0
24682 7 0 0
24678 0 12 12
24586 0 0 0
24523 63 0 0
24643 36 0 0
24662 20 9 9
24676 0 8 8
24646 26 5 5
24700 0 0 0
24656 14 7 7
24675 13 5 5
24590 0 0 0
24586 2 0 0
24470 162 0 0
24483 120 0 0
24668 5 5 5
24641 0 0 0
24598 10 0 0
24607 14 0 0
24673 0 8 8
24688 39 0 0
24674 0 0 0
24680 0 0 0
24675 0 8 8
24621 0 0 0
24697 2 0 0
24648 16 7 7
24727 0 0 0
24673 0 0 0
24623 0 0 0
24564 114 8 8
24701 5 1 1
24709 0 1 1
24715 0 0 0
24697 20 0 0
24557 50 0 0
24600 0 0 0
24682 7 0 0
24665 9 0 0
24556 33 1 1
24690 10 7 7
24629 0 0 0
24674 7 4 4
24660 3 0 0
24626 0 0 0
24453 228 6 6
24651 78 0 0
24599 0 0 0
24729 0 0 0
24651 31 0 0
24716 7 1 1
24634 46 0 0
24713 0 1 1
24713 0 0 0
24686 8 0 0
24670 42 0 0
24617 57 6 6
24670 0 9 9
24706 0 0 0
24698 0 4 4
24364 324 0 0
24570 103 8 8
24592 83 2 2
24769 0 0 0
24572 60 0 0
24580 124 0 0
24688 0 15 15
24664 5 5 5
24626 48 6 6
24690 0 0 0
24668 0 8 8
24553 35 0 0
24783 13 3 3
24674 0 13 13
24668 0 5 5
24627 0 0 0
24584 0 0 0
24572 0 0 0
24687 0 8 8
24683 0 0 0
24745 0 2 2
24625 77 5 5
24637 55 7 7
24540 90 1 1
24610 29 0 0
24635 0 0 0
24716 0 0 0
24653 26 6 6
24610 65 4 4
24591 7 0 0
24684 0 0 0
24653 28 0 0
24712 11 0 0
24545 101 0 0
24686 0 9 9
24688 0 0 0
24656 19 7 7
24710 3 0 0
24713 6 0 0
24621 4 0 0
24686 0 0 0
24688 3 0 0
24545 86 0 0
24674 14 11 11
24793 28 5 5
24681 0 0 0
24578 0 0 0
24589 38 0 0
24648 48 1 1
24665 6 4 4
24590 0 1 1
24708 11 0 0
24653 6 0 0
24586 35 1 1
24591 0 0 0
24588 0 0 0
24723 0 0 0
24604 0 0 0
24642 33 0 0
24691 51 0 0
24702 0 0 0
24676 0 9 9
24667 1 7 7
24672 3 7 7
24700 18 0 0
24611 0 0 0
24677 0 6 6
24576 116 2 2
24655 55 0 0
24652 31 9 9
24652 32 0 0
24706 0 0 0
24677 0 0 0
24560 91 0 0
24502 131 0 0
24687 32 1 1
24585 4 1 1
24690 0 0 0
24434 239 5 5
24678 43 0 0
24619 19 0 0
24664 11 5 5
24633 0 0 0
24681 0 0 0
24667 71 0 0
24620 52 0 0
24686 0 1 1
24682 4 0 0
24774 27 4 4
24697 36 0 0
24551 59 0 0
24597 0 0 0
24674 0 5 5
24671 0 8 8
24580 98 0 0
24549 79 0 0
24672 36 0 0
24673 0 5 5
24695 0 0 0
24675 11 0 0
24612 64 8 8
24607 0 0 0
24683 0 5 5
24683 0 11 11
24466 238 0 0
24613 17 0 0
24573 55 0 0
24591 39 0 0
24822 0 6 6
24694 10 0 0
24591 43 0 0
24582 5 0 0
24701 0 9 9
24599 0 0 0
24705 0 0 0
24570 53 0 0
24664 5 10 10
24678 0 0 0
24714 0 1 1
24723 0 0 0
24644 40 5 5
24643 45 9 9
24570 83 0 0
24612 22 0 0
24617 0 0 0
24571 57 0 0
24575 0 0 0
24617 0 0 0
24701 0 1 1
24671 3 10 10
24658 18 0 0
24671 7 0 0
24678 4 17 17
24768 4 1 1
24699 0 1 1
24690 0 0 0
24606 37 0 0
24564 75 1 1
24789 1 0 0
24618 0 0 0
24825 0 0 0
24697 16 0 0
24684 18 0 0
24664 0 9 9
24684 0 7 7
24733 0 0 0
24616 0 0 0
24621 12 0 0
24582 0 0 0
24582 0 0 0
24680 3 0 0
24567 33 0 0
24672 0 9 9
24584 93 14 14
24758 4 0 0
24688 0 0 0
24705 0 0 0
24635 92 0 0
24671 8 6 6
24606 0 0 0
24733 0 1 1
24670 0 7 7
24629 67 0 0
24605 67 9 9
24658 0 7 7
24678 0 8 8
24716 0 0 0
24496 208 0 0
24521 161 0 0
24690 0 0 0
24708 0 0 0
24685 0 4 4
24449 134 0 0
24423 182 1 1
24698 0 1 1
24798 4 0 0
24671 9 0 0
24523 148 18 18
24506 157 4 4
24605 48 0 0
24552 114 2 2
24695 8 0 0
24690 0 5 5
24661 3 5 5
24674 0 10 10
24671 0 10 10
24676 0 6 6
24775 0 0 0
24607 43 1 1
24556 114 4 4
24659 3 7 7
24675 0 9 9
24726 0 0 0
24589 44 0 0
24681 5 12 12
24628 0 0 0
24662 6 0 0
24719 0 0 0
24583 49 0 0
24621 5 0 0
24813 32 6 6
24574 118 1 1
24672 0 5 5
24639 0 0 0
24654 27 4 4
24710 2 0 0
24553 113 2 2
24620 74 0 0
24653 22 12 12
24641 59 0 0
24610 6 1 1
24531 84 0 0
24690 0 6 6
24581 18 0 0
24666 6 7 7
24679 13 6 6
24607 0 0 0
24743 0 12 12
24717 0 0 0
24702 0 0 0
24644 54 0 0
24585 0 0 0
21965 2630 0 0
24680 0 7 7
24681 13 5 5
24630 50 7 7
24511 71 0 0
24684 0 0 0
24592 0 0 0
24652 16 0 0
24596 72 4 4
24628 0 0 0
24692 0 0 0
24623 0 2 2
24651 22 8 8
24659 52 0 0
24619 32 0 0
24616 6 0 0
24543 102 2 2
24678 0 9 9
24674 33 1 1
24713 0 0 0
24519 61 0 0
24571 24 0 0
24689 3 0 0
24611 0 0 0
24671 0 7 7
24666 0 0 0
24679 7 11 11
24631 2 0 0
24712 0 10 10
24677 0 10 10
24685 7 10 10
24609 4 0 0
24684 0 4 4
24684 4 0 0
24615 42 14 14
24640 44 0 0
24615 4 0 0
24706 0 0 0
24588 42 7 7
24545 76 0 0
24700 12 2 2
24555 67 0 0
24678 0 5 5
24591 71 2 2
24582 20 0 0
24324 346 0 0
24693 0 0 0
24724 0 1 1
24668 32 4 4
24570 131 1 1
24513 163 10 10
24729 0 0 0
24682 0 7 7
24703 0 1 1
24506 135 0 0
24563 144 1 1
24688 0 0 0
24600 77 1 1
24690 0 0 0
24777 119 13 13
24396 182 0 0
24654 49 7 7
24678 7 7 7
24731 0 0 0
24685 0 13 13
24673 0 9 9
24678 38 1 1
24583 47 0 0
24820 0 10 10
24686 28 0 0
24746 0 0 0
24510 81 1 1
24565 50 0 0
24627 0 0 0
21651 3018 3 3
24533 213 2 2
24556 43 0 0
24299 396 0 0
24694 5 0 0
24789 0 8 8
24710 0 0 0
24651 11 10 10
24628 51 10 10
24682 3 0 0
24684 0 8 8
24691 0 0 0
24726 0 0 0
24572 110 0 0
24636 45 6 6
24809 0 6 6
24513 136 0 0
24525 198 0 0
24482 184 6 6
24684 0 3 3
24715 0 0 0
24699 0 1 1
24465 124 0 0
24563 159 0 0
24664 7 0 0
24681 15 0 0
24701 0 0 0
24535 135 8 8
24587 17 0 0
24714 0 1 1
24597 18 0 0
24682 0 0 0
24667 16 9 9
24581 21 0 0
24710 0 0 0
24684 8 7 7
24618 0 0 0
24699 16 0 0
24575 20 0 0
24639 38 12 12
24658 14 5 5
24618 0 0 0
24638 0 0 0
24549 48 0 0
24676 1 6 6
24710 10 0 0
24704 0 0 0
24806 0 4 4
24428 249 6 6
24597 0 0 0
24672 15 0 0
24624 0 0 0
24407 263 0 0
24602 27 0 0
24591 87 0 0
24600 20 0 0
24692 11 0 0
24596 13 0 0
24554 39 0 0
24493 119 0 0
24612 14 0 0
24622 0 0 0
24679 16 3 3
24720 0 0 0
24645 36 8 8
24625 6 1 1
24670 0 10 10
24590 20 0 0
24688 0 4 4
24669 0 14 14
24622 22 0 0
24693 8 0 0
24567 127 3 3
24654 0 0 0
24717 0 0 0
24375 306 7 7
24615 92 2 2
24644 30 6 6
24462 236 1 1
24628 5 0 0
24636 69 1 1
24642 23 10 10
24639 73 0 0
24691 0 6 6
24689 0 0 0
24666 61 0 0
24612 8 0 0
24699 0 12 12
24703 0 0 0
24668 6 0 0
24623 48 0 0
24602 4 0 0
24681 3 0 0
24621 0 0 0
24738 44 3 3
24595 55 0 0
24713 0 0 0
24623 66 14 14
24678 0 5 5
24666 21 4 4
24692 0 5 5
24722 1 0 0
24689 0 13 13
24674 0 6 6
24658 7 6 6
24667 0 7 7
24654 0 8 8
24661 38 0 0
24668 0 6 6
24597 89 0 0
24789 8 0 0
24456 190 0 0
24667 0 5 5
24667 0 0 0
24679 16 0 0
24630 0 0 0
24547 23 0 0
24672 0 5 5
24697 0 0 0
24674 0 12 12
24675 0 10 10
24640 30 2 2
24680 0 0 0
24685 5 0 0
24678 3 8 8
24678 0 8 8
24706 6 1 1
24546 47 0 0
24670 0 0 0
24614 0 1 1
24608 0 0 0
24675 16 4 4
24649 37 8 8
24682 0 9 9
24609 63 8 8
24673 0 6 6
24703 6 0 0
24683 0 7 7
24657 61 0 0
24674 0 6 6
24645 0 0 0
24606 0 0 0
24691 0 0 0
24749 0 1 1
24629 7 1 1
24688 0 4 4
24673 0 6 6
24675 0 9 9
24689 23 0 0
24694 11 2 2
24629 0 0 0
24701 23 0 0
24714 0 7 7
24624 0 0 0
24581 120 0 0
24665 46 0 0
24583 8 0 0
24622 53 3 3
24527 57 0 0
24483 90 0 0
24647 0 5 5
24703 7 0 0
24580 0 0 0
24628 52 0 0
24622 50 0 0
24680 0 6 6
24688 0 0 0
24610 0 0 0
24680 0 9 9
24625 13 0 0
24544 141 6 6
24706 0 0 0
24683 0 0 0
24708 0 1 1
24497 111 2 2
24677 3 9 9
24711 0 0 0
24667 0 5 5
24819 0 0 0
24677 44 1 1
24711 0 0 0
24690 0 0 0
24663 0 11 11
24682 0 7 7
24654 19 4 4
24568 121 4 4
24600 31 1 1
24703 5 9 9
24791 0 4 4
24788 34 3 3
24638 91 0 0
24554 80 1 1
24693 8 15 15
24663 0 11 11
24696 2 0 0
24393 231 0 0
24668 11 0 0
24674 0 8 8
24670 0 0 0
24529 151 0 0
24506 165 9 9
24619 70 13 13
24622 0 0 0
24697 0 0 0
24710 0 1 1
24497 131 0 0
24467 138 0 0
24673 0 6 6
24654 0 7 7
24674 4 5 5
24550 71 0 0
24719 6 0 0
24589 62 0 0
24653 18 6 6
24672 3 3 3
24694 0 0 0
24601 16 0 0
24707 9 0 0
24692 0 3 3
24588 26 0 0
24782 0 0 0
24676 3 0 0
24666 19 0 0
24666 5 0 0
24671 11 0 0
24717 0 1 1
24656 19 7 7
24531 91 0 0
24613 18 0 0
24671 0 8 8
24722 0 0 0
24583 45 1 1
24690 0 0 0
24635 40 10 10
24658 0 3 3
24681 0 7 7
24871 0 0 0
24710 11 0 0
24679 2 8 8
24556 37 0 0
24692 0 0 0
24661 25 0 0
