25074 0 41 41
24500 0 0 0
24522 0 0 0
24513 6 0 0
24467 65 1 1
24551 0 0 0
24518 0 0 0
24527 0 1 1
24510 6 1 1
24207 321 1 1
24510 0 0 0
24531 0 0 0
24497 22 0 0
24504 20 1 1
24487 33 3 3
24528 4 0 0
24530 1 0 0
24529 2 1 1
24591 0 1 1
24520 10 0 0
24523 0 0 0
24533 0 0 0
24562 0 0 0
24257 256 0 0
24468 49 0 0
24436 96 0 0
24535 0 0 0
24526 0 0 0
24491 35 0 0
24477 44 0 0
24533 0 0 0
24525 0 1 1
24502 19 1 1
24530 0 1 1
24411 117 0 0
24428 102 0 0
24564 0 1 1
24499 0 3 3
24530 0 1 1
24380 153 2 2
24356 166 0 0
24527 5 0 0
24530 0 0 0
24568 4 0 0
24395 120 0 0
24425 120 1 1
24279 239 0 0
24525 0 1 1
24500 23 0 0
24528 6 0 0
24521 0 0 0
24532 12 0 0
24523 6 0 0
24590 0 0 0
24507 0 0 0
24510 23 1 1
24506 0 1 1
24524 0 0 0
24501 6 0 0
24519 0 0 0
24507 22 0 0
24514 0 0 0
24522 9 1 1
22324 2194 0 0
24537 0 0 0
24536 7 0 0
24488 56 0 0
24538 0 0 0
24456 66 0 0
24519 0 0 0
24476 28 0 0
24529 0 0 0
24528 10 1 1
24525 2 0 0
24536 0 1 1
24522 8 0 0
24507 8 0 0
24513 0 0 0
24514 0 1 1
24510 5 2 2
24531 0 0 0
24416 105 0 0
24518 0 0 0
24534 0 0 0
24532 0 0 0
24530 0 0 0
24570 0 0 0
24561 2 1 1
24532 0 2 2
24523 0 0 0
24543 4 0 0
24520 36 1 1
24472 45 0 0
24533 0 1 1
24535 0 1 1
24528 0 0 0
24517 6 0 0
24492 33 0 0
24580 0 0 0
24520 0 0 0
24523 0 1 1
24481 38 0 0
24505 0 0 0
24538 0 0 0
24444 82 0 0
24528 0 0 0
24528 2 3 3
24513 8 0 0
24490 15 0 0
24500 16 0 0
24544 11 0 0
24542 0 0 0
24520 12 0 0
24529 8 1 1
24514 2 0 0
24534 7 3 3
24529 0 0 0
24499 19 0 0
24428 78 0 0
24405 126 0 0
24514 3 0 0
24527 0 0 0
24540 0 0 0
24491 22 0 0
24479 56 0 0
24519 0 1 1
24529 0 3 3
24504 20 0 0
24515 0 0 0
24469 55 0 0
24525 3 1 1
24581 3 0 0
24526 0 1 1
24511 0 0 0
24529 0 0 0
24531 0 0 0
24505 5 1 1
24512 0 0 0
24515 10 0 0
24503 3 0 0
24535 0 0 0
24520 16 2 2
24486 19 0 0
24489 40 1 1
24467 49 0 0
24501 49 0 0
24520 0 0 0
24534 0 0 0
24517 0 1 1
24526 0 0 0
24516 0 1 1
24517 5 0 0
24527 0 0 0
24508 0 1 1
24455 69 0 0
24505 8 1 1
24470 55 0 0
24524 9 0 0
24506 17 3 3
24520 27 1 1
24483 56 1 1
24519 3 0 0
24526 0 3 3
24527 0 0 0
24507 2 1 1
24201 316 0 0
18583 5943 1 1
24524 0 0 0
24528 0 0 0
24508 0 2 2
24448 78 0 0
24494 35 0 0
24529 0 0 0
24515 0 0 0
24520 0 0 0
24525 0 0 0
24514 0 0 0
24557 0 0 0
24540 6 0 0
24520 6 1 1
24519 2 0 0
24406 125 0 0
24423 114 0 0
24526 6 0 0
24533 0 0 0
24500 15 0 0
24483 89 0 0
24493 34 1 1
24526 0 1 1
24525 0 0 0
24527 0 1 1
24490 35 1 1
24532 0 1 1
24542 0 0 0
24527 0 0 0
24490 0 0 0
24375 150 2 2
24392 128 0 0
24540 0 0 0
24519 0 0 0
24343 200 0 0
24292 141 0 0
24403 129 0 0
24535 10 0 0
24514 2 0 0
24527 0 2 2
24363 138 0 0
24399 128 2 2
24482 40 0 0
24532 0 0 0
24516 8 1 1
24521 0 1 1
24478 33 1 1
24457 62 0 0
24532 2 0 0
24558 0 0 0
24524 0 1 1
24531 0 1 1
24490 35 0 0
24504 7 1 1
24515 0 1 1
24527 0 1 1
24544 0 0 0
24495 45 0 0
24510 17 0 0
24518 0 1 1
24543 0 0 0
24507 16 0 0
24487 36 0 0
24520 6 0 0
24520 0 1 1
24523 0 0 0
24522 11 1 1
24519 10 1 1
24471 52 0 0
24512 0 0 0
24524 0 0 0
24534 3 0 0
24570 0 0 0
24084 435 0 0
24485 40 0 0
24533 0 0 0
24510 0 0 0
24548 1 0 0
24546 13 0 0
24277 245 0 0
24549 0 1 1
24570 0 0 0
24478 46 1 1
24519 30 1 1
24527 0 0 0
24518 62 1 1
24523 9 1 1
24520 0 0 0
24505 25 0 0
24456 85 0 0
24536 0 0 0
24527 5 1 1
24486 30 0 0
24343 179 0 0
24524 3 0 0
24531 0 0 0
24508 14 0 0
24531 0 0 0
24532 9 0 0
24497 32 0 0
24509 0 0 0
24533 0 0 0
24524 0 0 0
24474 51 1 1
24506 8 1 1
24419 93 0 0
24519 7 0 0
24509 0 0 0
24533 3 0 0
24525 0 1 1
24423 131 0 0
24530 0 1 1
24555 0 0 0
24508 0 1 1
24497 29 1 1
24530 1 0 0
24508 0 0 0
24534 0 2 2
24559 0 0 0
24493 2 0 0
24534 0 0 0
24530 0 1 1
24474 35 0 0
24571 0 0 0
24516 0 0 0
24538 5 1 1
24480 47 0 0
24532 0 1 1
24511 0 1 1
24467 51 0 0
24523 8 0 0
24512 12 0 0
24510 4 0 0
24524 0 0 0
24552 0 0 0
24547 1 0 0
24444 88 0 0
24521 0 0 0
24523 0 1 1
24523 0 1 1
24508 4 1 1
24464 54 1 1
24514 0 1 1
24534 0 2 2
24526 0 0 0
24517 0 0 0
24484 65 0 0
24531 0 0 0
21024 3491 0 0
24513 9 0 0
24474 15 0 0
24518 24 1 1
24457 50 0 0
24518 4 0 0
24459 0 0 0
24287 229 0 0
24393 135 0 0
24535 0 0 0
24523 0 1 1
24459 50 0 0
24400 126 1 1
24374 145 0 0
24462 56 0 0
24516 0 0 0
24509 5 0 0
24531 0 0 0
24501 26 1 1
24402 127 0 0
24526 1 0 0
24533 0 1 1
24523 0 0 0
24471 55 0 0
24494 47 2 2
24527 0 1 1
24551 0 0 0
24524 0 0 0
24439 94 1 1
24301 217 0 0
24519 2 0 0
24519 0 0 0
24517 0 0 0
24468 42 0 0
24514 10 0 0
24529 0 0 0
24530 0 0 0
24515 6 0 0
24535 0 0 0
24509 13 0 0
24528 0 0 0
24541 0 0 0
24525 0 1 1
24510 0 0 0
24366 161 0 0
24478 47 1 1
24525 8 1 1
24515 0 0 0
24522 5 2 2
24382 145 0 0
24322 207 0 0
24522 8 1 1
24524 0 0 0
24499 28 1 1
24341 162 1 1
24416 121 0 0
24551 0 0 0
24537 0 1 1
24508 11 0 0
24390 140 0 0
24422 93 0 0
24445 73 0 0
24511 0 0 0
24297 230 0 0
24519 0 0 0
24524 0 0 0
24501 25 0 0
24527 0 0 0
24482 51 1 1
24438 74 1 1
24545 6 0 0
24524 0 1 1
24518 0 0 0
24583 0 0 0
24046 480 0 0
24514 22 0 0
24489 27 1 1
24521 4 0 0
24272 248 1 1
24519 11 3 3
24456 68 0 0
24411 101 0 0
24544 26 0 0
24530 0 0 0
24497 32 0 0
24498 28 1 1
24458 66 1 1
24516 15 0 0
24766 7 3 3
24502 0 0 0
24525 0 0 0
24440 80 0 0
24492 38 0 0
24505 20 0 0
24526 0 0 0
24505 24 0 0
24539 0 0 0
24501 14 1 1
24517 10 0 0
24506 0 0 0
24518 11 0 0
24354 163 0 0
24410 119 0 0
24518 6 0 0
24524 0 0 0
24539 1 0 0
24516 15 4 4
24527 0 3 3
24470 43 0 0
24526 0 0 0
24535 0 0 0
24525 0 0 0
24527 0 0 0
24538 0 0 0
24500 15 2 2
24535 0 0 0
24526 0 0 0
24526 0 1 1
24381 107 0 0
24524 5 0 0
24547 0 0 0
24522 0 0 0
24482 22 0 0
24486 50 0 0
24516 0 1 1
24518 7 0 0
24498 11 1 1
24484 34 0 0
24500 10 1 1
24575 0 0 0
24531 9 0 0
24520 1 0 0
24538 0 0 0
24310 226 1 1
24453 76 0 0
24526 0 1 1
24531 0 1 1
24494 32 0 0
24516 5 1 1
24486 47 0 0
24505 9 0 0
24520 0 0 0
24525 5 0 0
24479 43 0 0
24474 55 0 0
24533 0 0 0
24517 0 1 1
24520 0 1 1
24424 98 0 0
24426 107 0 0
24524 0 0 0
24548 0 0 0
24468 59 0 0
24412 126 0 0
24512 1 0 0
24526 2 1 1
24468 47 0 0
24512 0 0 0
24512 0 0 0
24479 34 0 0
24515 15 0 0
24537 0 1 1
24523 1 0 0
24566 0 0 0
24529 0 0 0
24514 0 0 0
24533 0 0 0
24514 2 2 2
24578 0 7 7
24441 75 2 2
24492 51 0 0
24459 91 0 0
24529 28 0 0
24564 0 0 0
24536 0 0 0
24497 27 1 1
24453 64 0 0
24533 8 2 2
24527 0 0 0
24486 23 1 1
24533 12 0 0
24422 100 1 1
24524 0 0 0
24532 0 0 0
24514 17 0 0
24526 6 0 0
24510 5 0 0
24525 3 0 0
24530 0 0 0
24508 0 1 1
24477 92 0 0
24506 19 0 0
24535 0 2 2
24537 0 0 0
24510 0 1 1
24531 36 0 0
24463 44 2 2
24521 8 1 1
24517 0 1 1
24528 13 1 1
24520 5 0 0
24498 33 0 0
24514 0 0 0
24522 0 0 0
24518 0 1 1
24528 0 0 0
24497 29 1 1
24475 53 0 0
24534 0 0 0
24523 0 0 0
24540 0 1 1
24525 1 0 0
24514 17 0 0
24511 0 0 0
24516 0 1 1
24529 5 0 0
24448 53 0 0
24486 31 1 1
24490 29 0 0
24526 0 0 0
24527 0 0 0
24482 94 1 1
24492 42 0 0
24479 39 0 0
24527 3 0 0
24525 0 0 0
24293 237 1 1
24493 44 1 1
24503 29 0 0
24518 7 1 1
24532 0 0 0
24531 0 0 0
24458 69 0 0
24457 62 1 1
24520 0 0 0
24518 5 0 0
24509 0 0 0
24488 37 0 0
24455 53 0 0
24528 0 0 0
24529 0 0 0
24527 0 0 0
24425 101 0 0
24449 78 1 1
24466 36 1 1
24527 0 1 1
24540 0 1 1
24511 12 0 0
24465 62 0 0
24535 0 0 0
24523 0 0 0
24528 0 1 1
24272 237 1 1
24538 28 1 1
24523 52 0 0
24516 45 0 0
24522 0 1 1
24521 6 0 0
24493 41 0 0
24524 3 0 0
24512 0 0 0
24524 0 0 0
24530 0 0 0
24462 54 0 0
24617 7 1 1
24530 0 0 0
24530 0 2 2
24536 0 0 0
24488 41 0 0
24484 47 0 0
24441 83 0 0
24507 23 0 0
24521 0 0 0
24467 54 0 0
24516 0 0 0
24507 0 0 0
24541 0 1 1
24530 0 0 0
24498 20 0 0
24526 8 0 0
24514 3 2 2
24521 3 0 0
24517 0 1 1
24523 0 0 0
24524 36 0 0
24501 12 0 0
24507 1 0 0
24523 0 0 0
24521 0 0 0
24520 15 0 0
24522 19 0 0
24525 0 0 0
24526 0 0 0
24509 0 0 0
24520 0 0 0
24516 16 0 0
24528 0 0 0
24531 0 0 0
24520 3 0 0
24485 35 0 0
24525 0 0 0
24438 90 1 1
24537 4 1 1
24533 0 0 0
24523 0 1 1
24437 95 0 0
24523 5 0 0
24510 0 0 0
24538 0 0 0
24516 0 0 0
24483 62 0 0
24464 67 0 0
24499 0 0 0
24527 0 0 0
24531 0 0 0
24331 206 0 0
24351 161 0 0
24505 0 0 0
24529 0 0 0
24530 0 0 0
24390 135 0 0
24337 180 0 0
24529 0 0 0
24516 1 1 1
24517 3 1 1
24382 148 0 0
24362 159 0 0
24480 46 0 0
24487 34 0 0
24511 9 0 0
24530 0 0 0
24505 10 0 0
24564 0 0 0
24518 0 0 0
24532 0 1 1
24585 0 0 0
24487 46 0 0
24470 57 1 1
24504 0 0 0
24520 0 0 0
24518 0 0 0
24516 43 0 0
24527 5 0 0
24516 0 0 0
24430 6 1 1
24526 0 0 0
24522 52 0 0
24551 4 1 1
24557 30 1 1
24519 8 0 0
24538 0 0 0
24532 0 0 0
24497 27 0 0
24530 0 0 0
24483 34 0 0
24452 70 0 0
24506 21 0 0
24470 54 0 0
24541 0 0 0
24454 87 0 0
24522 0 0 0
24486 19 0 0
24521 5 1 1
24523 14 1 1
24526 0 0 0
24462 0 3 3
24512 0 0 0
24531 4 0 0
24471 54 0 0
24517 0 1 1
22031 2487 1 1
24537 0 0 0
24515 10 1 1
24471 47 1 1
24463 72 0 0
24519 0 1 1
24514 0 0 0
24509 19 0 0
24436 78 2 2
24529 0 0 0
24514 0 1 1
24523 0 0 0
24508 18 0 0
24475 52 0 0
24490 37 0 0
24548 13 2 2
24477 17 1 1
24529 0 0 0
24487 30 0 0
24516 3 0 0
24452 65 1 1
24506 23 0 0
24516 6 0 0
24528 0 0 0
24525 0 2 2
24572 0 0 0
24519 6 0 0
24520 1 0 0
24535 0 1 1
24508 0 0 0
24505 6 1 1
24517 5 0 0
24523 1 1 1
24524 3 0 0
24474 45 0 0
24486 45 1 1
24544 5 1 1
24524 0 1 1
24572 43 0 0
24427 78 0 0
24521 8 0 0
24448 67 2 2
24521 0 1 1
24510 3 0 0
24505 23 0 0
24162 364 1 1
24523 0 1 1
24531 0 1 1
24530 0 1 1
24387 131 1 1
24369 160 1 1
24538 1 0 0
24515 0 0 0
24513 0 0 0
24430 135 0 0
24370 144 2 2
24515 0 1 1
24510 17 1 1
24534 0 1 1
24412 0 0 0
24310 186 0 0
24621 47 2 2
24532 0 0 0
24530 0 0 0
24523 0 0 0
24530 0 0 0
24496 36 1 1
24475 46 1 1
24535 0 0 0
24501 29 0 0
24579 0 0 0
24444 85 0 0
24479 49 0 0
24508 0 1 1
21710 2815 0 0
24314 215 1 1
24490 39 1 1
24134 394 0 0
24526 1 1 1
24529 0 0 0
24522 5 0 0
24503 10 2 2
24462 55 0 0
24517 6 0 0
24511 0 0 0
24537 0 0 0
24521 0 0 0
24423 105 0 0
24491 38 0 0
24578 0 0 0
24391 134 0 0
24344 198 0 0
24336 186 0 0
24529 0 0 0
24533 0 1 1
24546 0 1 1
24401 127 0 0
24372 160 0 0
24512 7 0 0
24509 17 1 1
24502 0 0 0
24396 134 0 0
24508 15 1 1
24523 0 0 0
24515 15 0 0
24536 0 0 0
24510 12 0 0
24506 25 0 0
24502 5 0 0
24521 6 0 0
24539 0 0 0
24485 21 0 0
24498 21 0 0
24477 42 2 2
24498 17 0 0
24521 0 0 0
24533 0 0 0
24470 48 0 0
24508 3 0 0
24529 11 0 0
24526 0 0 0
24532 0 1 1
24269 249 1 1
24520 0 0 0
24501 16 0 0
24557 0 0 0
24466 55 0 0
24541 27 0 0
24434 89 0 0
24507 19 2 2
24511 9 0 0
24520 16 0 0
24490 0 0 0
24385 120 0 0
24532 13 0 0
24552 0 0 0
24521 17 1 1
22741 1796 0 0
24492 34 2 2
24518 8 3 3
24521 0 0 0
24479 20 0 0
24540 0 0 0
24507 0 0 0
24556 19 1 1
24501 8 0 0
24510 18 0 0
24592 0 0 0
24529 0 1 1
24208 310 0 0
24439 89 0 0
24482 33 0 0
24289 236 0 0
24531 8 1 1
24453 68 0 0
24498 27 1 1
24451 77 0 0
24528 0 0 0
24522 0 1 1
24459 62 1 1
24548 4 1 1
24536 0 1 1
24526 0 0 0
24519 5 0 0
24481 51 0 0
24529 3 0 0
24522 0 0 0
24536 0 0 0
24516 11 0 0
24495 56 0 0
24514 0 0 0
24471 62 0 0
24527 0 0 0
24508 21 0 0
24544 0 0 0
24520 0 0 0
24584 0 0 0
24522 0 1 1
24498 8 2 2
24519 0 1 1
24500 0 0 0
24480 39 0 0
24513 0 0 0
24441 87 0 0
24566 0 0 0
24506 58 0 0
24522 0 0 0
24514 0 0 0
24505 15 0 0
24570 0 0 0
24480 26 1 1
24507 0 1 1
24533 0 0 0
24528 0 1 1
24526 0 1 1
24496 32 2 2
24529 0 1 1
24541 6 0 0
24518 5 0 0
24532 0 1 1
24516 4 1 1
24478 45 0 0
24522 0 2 2
24533 1 1 1
24530 0 0 0
24506 17 0 0
24496 36 0 0
24529 0 1 1
24451 64 1 1
24535 0 1 1
24536 5 0 0
24496 20 0 0
24460 60 0 0
24524 1 1 1
24532 0 0 0
24529 0 0 0
24530 0 1 1
24537 0 1 1
24563 7 0 0
24514 0 1 1
24519 0 0 0
24530 0 1 1
24490 23 2 2
24502 14 0 0
24566 0 2 2
24499 26 0 0
24453 0 0 0
24562 0 1 1
24401 122 0 0
24476 48 0 0
24506 8 0 0
24518 3 0 0
24461 57 0 0
24423 88 0 0
24498 0 1 1
24512 3 0 0
24518 0 0 0
24486 54 0 0
24487 50 0 0
24507 0 0 0
24547 0 0 0
24541 0 0 0
24526 0 0 0
24509 11 0 0
24377 143 0 0
24532 1 0 0
24519 0 0 0
24525 0 0 0
24472 50 2 2
24520 1 0 0
24523 0 0 0
24503 0 0 0
24508 0 0 0
24476 47 0 0
24519 0 0 0
24532 0 0 0
24516 0 0 0
24526 0 1 1
24503 21 0 0
24507 30 0 0
24494 30 0 0
24539 4 0 0
24521 0 0 0
24487 32 2 2
24473 70 0 0
24491 83 0 0
24529 9 0 0
24505 0 0 0
24528 0 0 0
24330 230 0 0
24516 10 2 2
24525 0 0 0
24582 0 2 2
24374 153 0 0
24358 162 2 2
24470 71 0 0
24541 0 0 0
24531 0 0 0
24534 0 0 0
24420 133 1 1
24382 142 0 0
24516 0 0 0
24501 0 1 1
24527 0 2 2
24478 69 0 0
24526 6 0 0
24474 63 0 0
24507 16 1 1
24529 0 0 0
24459 0 0 0
24536 11 0 0
24513 12 0 0
24531 0 0 0
24498 26 1 1
24537 0 0 0
24511 0 0 0
24472 44 0 0
24513 3 0 0
24514 7 1 1
24525 0 0 0
24509 17 0 0
24471 87 0 0
24495 18 0 0
24519 0 0 0
24526 0 1 1
24505 49 0 0
24525 0 0 0
24490 37 0 0
24551 0 0 0
24534 0 1 1
24535 0 0 0
24502 9 0 0
24525 3 0 0
24482 33 0 0
24520 0 0 0
24485 27 0 0
