26952 83 3 3
25003 376 0 0
25144 239 1 1
25128 207 0 0
25298 32 10 10
25217 39 0 0
25199 147 0 0
25299 4 0 0
25370 1 0 0
25274 0 8 8
25306 8 1 1
25220 52 0 0
25277 52 0 0
25377 6 10 10
25270 32 5 5
25401 20 12 12
25277 27 0 0
25282 152 0 0
25429 11 1 1
25247 44 0 0
25303 0 0 0
25260 17 0 0
25205 104 0 0
25366 77 0 0
25325 7 0 0
25396 8 0 0
25484 6 0 0
25295 108 1 1
25366 4 1 1
25179 71 0 0
25271 35 1 1
25371 1 0 0
25353 1 0 0
25299 28 9 9
25343 7 0 0
25269 49 1 1
25327 16 5 5
25428 16 0 0
25334 40 1 1
25247 24 0 0
25272 71 0 0
25365 5 0 0
25261 94 1 1
25413 10 0 0
25219 135 0 0
25441 30 8 8
25212 82 0 0
25346 6 1 1
25265 0 0 0
25224 70 0 0
25220 135 0 0
25302 62 6 6
25391 0 0 0
25186 132 2 2
25005 286 8 8
25323 84 1 1
25305 14 0 0
25209 167 5 5
25285 3 7 7
25331 40 0 0
25363 1 0 0
25202 114 0 0
25267 73 0 0
25331 94 1 1
25327 77 0 0
25254 114 2 2
25186 172 0 0
25315 56 1 1
25307 56 0 0
25354 83 0 0
25317 53 4 4
25336 42 0 0
25279 13 0 0
25137 220 2 2
25115 234 1 1
25347 51 2 2
25313 19 10 10
25440 3 5 5
25246 62 0 0
25306 41 9 9
25323 79 10 10
25368 16 9 9
25316 31 0 0
25041 232 0 0
24983 347 0 0
25249 65 0 0
25275 23 0 0
25303 54 0 0
25281 48 0 0
25323 21 9 9
25322 68 0 0
25394 57 0 0
25302 41 0 0
25225 89 2 2
25274 44 0 0
25371 62 0 0
25346 16 8 8
25384 0 0 0
25201 102 0 0
25243 95 0 0
25286 59 0 0
25286 14 0 0
25334 66 11 11
25246 121 0 0
25382 46 0 0
25218 47 0 0
25351 52 0 0
25083 192 0 0
25255 127 1 1
25321 4 0 0
25296 79 1 1
25163 202 0 0
25122 278 2 2
25415 59 0 0
25404 0 5 5
25291 31 0 0
25343 12 0 0
25164 198 4 4
25014 300 0 0
25052 312 0 0
25174 118 0 0
25535 0 7 7
25009 199 0 0
25302 25 1 1
25313 15 0 0
25363 0 0 0
25340 67 0 0
25160 186 0 0
25280 13 0 0
25149 67 0 0
25466 52 0 0
25360 22 0 0
25368 9 0 0
25324 8 0 0
25308 5 6 6
25279 48 0 0
25398 37 1 1
25312 58 0 0
25127 137 1 1
25159 233 0 0
25354 42 8 8
25275 93 0 0
25323 39 0 0
25281 20 0 0
25155 45 0 0
25306 18 0 0
25243 76 0 0
25186 149 5 5
25316 6 0 0
25332 2 5 5
25228 40 0 0
25144 212 0 0
25102 278 4 4
25479 10 0 0
25336 6 2 2
25362 0 0 0
25456 2 0 0
25314 35 8 8
25296 16 0 0
25282 69 5 5
25261 37 0 0
25370 8 7 7
25306 3 0 0
25311 12 0 0
25268 25 0 0
25314 134 0 0
25333 23 0 0
25292 5 1 1
25243 64 0 0
25342 28 9 9
25202 186 0 0
25221 115 0 0
25213 70 0 0
25229 91 3 3
25204 85 0 0
25224 143 2 2
25280 74 1 1
25341 44 1 1
25395 32 0 0
25411 9 0 0
25259 22 0 0
25335 2 9 9
25465 4 0 0
25451 12 1 1
25284 2 9 9
25048 306 6 6
25170 100 0 0
25250 57 0 0
25325 0 9 9
25234 32 0 0
25308 34 0 0
25423 122 5 5
25248 65 0 0
25345 42 0 0
25333 5 9 9
25340 9 15 15
25193 166 1 1
25315 12 0 0
25264 39 0 0
25377 2 10 10
25095 313 0 0
25183 116 3 3
25655 0 13 13
25193 111 2 2
25315 7 0 0
25204 176 0 0
25300 3 0 0
25228 57 0 0
25440 36 0 0
25189 68 0 0
25323 74 0 0
25402 4 0 0
25284 87 3 3
25209 74 1 1
25112 226 0 0
25459 2 0 0
25717 8 7 7
25108 220 4 4
25324 18 0 0
25272 12 0 0
25293 93 5 5
25393 9 0 0
25305 19 0 0
25360 72 0 0
25230 119 0 0
25408 78 1 1
25295 16 0 0
25309 110 1 1
25391 6 8 8
25323 9 0 0
25274 90 0 0
25123 128 0 0
25250 55 0 0
25241 5 1 1
25139 199 0 0
25251 97 1 1
25369 0 0 0
25321 8 0 0
25198 47 1 1
25280 63 9 9
25289 38 0 0
25395 10 10 10
25220 115 0 0
25000 376 0 0
25317 0 7 7
25252 72 0 0
25409 2 0 0
25289 12 0 0
25299 12 0 0
25333 12 14 14
25321 24 0 0
25481 40 19 19
25365 40 6 6
25110 182 0 0
24808 636 0 0
25247 9 0 0
25400 6 0 0
25337 3 1 1
25333 84 0 0
25336 22 0 0
25262 87 2 2
25374 19 7 7
25159 66 0 0
25399 11 0 0
25258 22 0 0
25286 51 0 0
25225 3 0 0
25295 47 0 0
25264 0 10 10
25263 98 0 0
25246 122 5 5
25372 7 13 13
25218 195 0 0
25290 11 10 10
25304 0 0 0
25341 51 12 12
25332 23 5 5
25412 113 0 0
25342 17 9 9
25214 71 0 0
25297 51 0 0
25203 36 0 0
25355 11 12 12
25288 59 0 0
25288 15 0 0
25375 27 5 5
25344 73 0 0
25509 17 0 0
25438 0 1 1
25381 12 0 0
25347 2 0 0
25207 179 0 0
25318 49 0 0
25032 277 0 0
25216 57 0 0
25346 6 11 11
25301 10 0 0
25238 73 8 8
25162 108 7 7
25299 17 0 0
25334 19 0 0
25087 252 0 0
25256 142 0 0
25136 355 0 0
25166 111 0 0
25350 5 0 0
25324 9 0 0
25345 3 7 7
25365 40 0 0
25342 29 0 0
25145 224 0 0
25309 44 1 1
25255 152 1 1
25256 156 0 0
25270 73 0 0
25341 28 0 0
25234 44 1 1
25345 0 6 6
25311 3 0 0
25414 0 6 6
25308 51 0 0
25332 53 8 8
25331 45 0 0
25227 97 3 3
25230 36 0 0
25226 76 8 8
25263 46 0 0
25285 71 8 8
25246 69 0 0
25363 4 9 9
25360 28 0 0
25347 23 3 3
25240 90 0 0
25321 33 0 0
25330 0 4 4
25264 38 0 0
25380 40 0 0
25159 130 8 8
25445 30 3 3
25286 44 0 0
25223 49 0 0
25431 0 0 0
25377 9 11 11
25170 138 0 0
25282 49 9 9
25232 67 0 0
25307 0 0 0
25346 13 8 8
25276 89 0 0
25269 38 0 0
25315 85 0 0
25181 169 1 1
25455 0 0 0
25327 13 0 0
25161 184 0 0
25338 78 0 0
25320 53 15 15
25247 48 0 0
25259 57 0 0
25277 79 1 1
25338 26 0 0
25125 192 0 0
25195 21 1 1
25369 5 0 0
25279 18 0 0
25278 11 0 0
25318 44 0 0
25369 2 7 7
25209 64 0 0
25228 20 0 0
25316 17 9 9
25213 91 0 0
25487 28 2 2
25346 4 0 0
25331 19 0 0
25291 33 0 0
25244 84 15 15
25212 70 0 0
25278 28 9 9
25427 20 1 1
25350 5 0 0
25234 198 0 0
25277 85 1 1
25052 185 0 0
25322 46 0 0
25214 38 0 0
25300 7 0 0
25302 36 9 9
25314 66 0 0
25368 15 0 0
25453 61 0 0
25254 25 0 0
25337 40 1 1
25253 29 0 0
25179 196 1 1
25091 130 0 0
25372 0 0 0
25199 47 0 0
25202 99 0 0
25324 96 0 0
25369 42 6 6
25241 74 0 0
25303 58 0 0
25189 107 0 0
25266 39 0 0
25220 142 1 1
25306 52 0 0
25123 205 1 1
25262 64 0 0
25191 92 2 2
25380 16 6 6
25231 27 0 0
25222 71 0 0
25365 9 16 16
25317 31 0 0
25324 79 0 0
25367 66 0 0
25385 35 3 3
25279 44 0 0
25197 46 1 1
25347 0 0 0
25303 31 0 0
25291 19 0 0
25197 99 0 0
25347 2 0 0
25406 12 0 0
25224 81 0 0
25234 101 4 4
25293 13 0 0
25302 75 0 0
25341 2 9 9
25321 48 0 0
25196 187 4 4
25260 7 0 0
25219 79 0 0
25201 167 0 0
25327 22 0 0
25243 130 0 0
25338 4 0 0
25372 4 8 8
25317 31 0 0
25294 0 5 5
25270 109 4 4
25285 83 0 0
25291 21 0 0
25308 21 1 1
25139 167 0 0
25191 111 0 0
25181 211 8 8
25213 212 0 0
25193 94 0 0
25334 68 0 0
25274 31 0 0
25258 16 16 16
25149 227 0 0
25198 184 0 0
25272 28 0 0
25236 85 0 0
25251 44 0 0
25123 183 4 4
25380 51 0 0
25372 45 11 11
25193 122 0 0
25251 64 0 0
25208 83 0 0
25447 39 0 0
25259 38 0 0
25283 58 0 0
25226 127 0 0
25303 2 0 0
25324 27 0 0
25295 31 8 8
25285 90 1 1
25103 114 0 0
25339 23 8 8
25297 24 0 0
25241 12 0 0
25296 33 6 6
25384 2 0 0
25389 26 0 0
25236 57 0 0
25345 2 15 15
25339 78 1 1
25343 16 0 0
25198 171 10 10
25375 10 0 0
25464 39 0 0
25409 47 0 0
25330 78 0 0
25219 73 0 0
25279 24 0 0
25268 61 9 9
25381 0 12 12
25322 37 0 0
25307 2 0 0
25291 73 1 1
25062 304 0 0
25325 32 0 0
25362 12 0 0
25140 189 0 0
25193 169 8 8
25245 50 0 0
25246 25 0 0
25568 1 8 8
25087 244 1 1
25404 36 1 1
25237 57 0 0
25300 17 0 0
25228 64 0 0
25319 9 7 7
25261 60 0 0
25269 103 0 0
25363 16 0 0
25268 41 0 0
25218 167 4 4
25487 2 0 0
25262 39 2 2
25238 88 1 1
25377 0 0 0
25412 16 0 0
25240 42 0 0
25174 101 0 0
25251 23 1 1
25363 104 0 0
25389 12 0 0
25432 9 5 5
25275 97 3 3
25288 60 0 0
25321 91 0 0
25438 60 0 0
25249 116 3 3
25341 3 6 6
25185 42 0 0
24879 444 0 0
25297 93 5 5
25289 49 0 0
25285 11 1 1
25330 23 6 6
25322 26 0 0
25297 12 0 0
25176 162 0 0
25233 12 0 0
25505 9 0 0
25041 220 0 0
25071 178 0 0
25420 18 0 0
25395 37 2 2
25410 14 0 0
25328 0 0 0
25025 279 0 0
25069 244 0 0
25211 174 0 0
25328 34 1 1
25287 13 1 1
25244 31 0 0
25123 211 0 0
25122 183 0 0
25219 121 0 0
25167 98 0 0
25324 0 0 0
25342 65 1 1
25283 10 1 1
25298 104 5 5
25330 4 0 0
25450 3 0 0
25385 4 3 3
25287 89 4 4
25234 66 0 0
25227 87 0 0
25406 5 7 7
25274 3 0 0
25301 10 0 0
25296 49 7 7
25189 205 2 2
25310 39 0 0
25237 26 0 0
25378 0 0 0
25324 17 9 9
25276 28 0 0
25235 67 0 0
25242 32 1 1
25483 3 13 13
25284 0 0 0
25334 68 1 1
25294 9 0 0
25422 27 0 0
25325 23 6 6
25348 22 0 0
25372 17 13 13
25290 6 0 0
25425 25 17 17
25298 50 11 11
25344 0 3 3
24800 535 0 0
25196 155 0 0
25156 159 12 12
25160 202 0 0
25210 70 0 0
25391 17 0 0
25416 9 0 0
25206 167 0 0
25291 64 6 6
25250 28 8 8
25288 131 0 0
25412 5 0 0
25424 15 0 0
25005 203 0 0
25730 38 8 8
25271 106 4 4
25225 0 0 0
25309 57 0 0
25283 25 0 0
25254 129 0 0
25350 65 0 0
25301 9 1 1
25370 0 6 6
25430 21 11 11
25203 177 1 1
25148 175 0 0
25337 72 2 2
25297 46 0 0
25343 11 0 0
25412 1 0 0
25342 12 0 0
25250 8 0 0
25279 10 0 0
25332 19 8 8
25368 0 0 0
25094 204 0 0
25325 51 8 8
25322 9 0 0
25343 81 0 0
25294 0 2 2
25420 25 0 0
25197 181 0 0
25044 207 0 0
25366 13 7 7
25320 28 17 17
23654 1703 0 0
25321 2 11 11
25225 86 0 0
25283 83 0 0
25348 61 0 0
25343 0 0 0
25365 10 0 0
25356 76 9 9
25383 2 8 8
25354 27 0 0
25296 34 0 0
25270 72 0 0
25291 55 0 0
25378 58 6 6
25332 26 0 0
25332 92 9 9
25390 0 0 0
25319 103 0 0
25230 12 0 0
25349 18 0 0
25131 123 0 0
25396 27 0 0
25337 5 0 0
25405 25 0 0
25220 117 0 0
25281 43 0 0
25428 16 1 1
25310 17 0 0
25299 54 0 0
25408 0 0 0
25260 20 1 1
25232 121 0 0
25278 23 0 0
25359 37 0 0
25326 0 0 0
25268 90 0 0
25360 52 9 9
25267 9 0 0
25339 120 0 0
25277 75 4 4
25320 0 0 0
25019 296 9 9
25246 41 0 0
25312 36 5 5
25189 111 0 0
25336 19 0 0
25370 4 9 9
25421 37 7 7
25327 77 0 0
25252 74 0 0
25315 18 0 0
25364 0 0 0
25192 61 0 0
25187 161 9 9
25241 186 2 2
25251 108 0 0
25316 44 0 0
25272 41 0 0
25292 67 0 0
25331 47 0 0
25204 111 0 0
25312 11 0 0
25255 94 0 0
25262 12 1 1
25408 63 0 0
25327 22 0 0
25418 3 0 0
25366 56 0 0
25300 5 9 9
25292 61 0 0
25316 68 0 0
25262 79 0 0
25324 37 0 0
25474 0 6 6
25457 0 10 10
25299 16 0 0
25365 7 0 0
25303 15 1 1
25243 3 10 10
25270 52 0 0
25320 39 0 0
25402 2 0 0
25300 6 0 0
25400 18 8 8
24992 321 0 0
25347 7 0 0
25346 41 0 0
25328 28 10 10
25314 0 0 0
25266 6 0 0
25579 0 0 0
25235 89 6 6
25371 35 0 0
25122 230 1 1
25254 39 0 0
25326 23 0 0
25405 3 0 0
25317 56 5 5
25178 100 0 0
25446 14 0 0
25096 254 5 5
25329 0 9 9
25373 26 0 0
25264 112 10 10
25329 23 3 3
25263 3 0 0
25338 13 5 5
25282 0 1 1
25291 43 0 0
25314 20 0 0
25341 42 0 0
25303 64 7 7
25263 47 0 0
25112 229 1 1
25388 10 8 8
25267 2 0 0
25326 154 0 0
25249 4 0 0
25227 32 0 0
25376 0 0 0
25169 203 0 0
25202 121 7 7
25315 16 0 0
25278 60 1 1
25218 46 0 0
25416 3 0 0
25241 81 0 0
25330 73 1 1
25218 84 0 0
25388 0 11 11
25289 57 0 0
25282 47 0 0
25325 13 7 7
25469 9 10 10
25345 2 0 0
25290 54 8 8
25375 0 0 0
25283 11 0 0
25334 79 9 9
25295 45 11 11
25209 221 4 4
25273 40 9 9
25290 167 1 1
25225 90 1 1
25214 128 9 9
25063 256 0 0
25300 19 0 0
25444 43 1 1
25111 235 0 0
25261 33 0 0
25354 52 0 0
25309 56 0 0
25317 19 0 0
25246 107 4 4
25343 53 0 0
25285 86 0 0
25325 55 0 0
25220 75 0 0
25281 42 2 2
25203 227 0 0
25076 223 0 0
25189 79 0 0
25258 90 6 6
25387 4 3 3
25116 296 0 0
25133 220 0 0
25230 191 6 6
25235 83 0 0
25372 56 0 0
25451 6 11 11
25172 152 0 0
25062 246 0 0
25471 3 8 8
25311 76 0 0
25225 143 3 3
25222 103 9 9
25354 87 0 0
25366 73 1 1
25353 84 1 1
25338 119 0 0
25232 42 0 0
25324 18 0 0
25273 100 1 1
25312 39 0 0
25346 52 6 6
25388 32 0 0
25397 18 0 0
25269 65 2 2
25141 127 0 0
25240 21 0 0
25279 3 0 0
25331 2 15 15
25358 2 0 0
25255 94 0 0
25256 25 0 0
25245 146 3 3
25498 15 11 11
25283 99 4 4
25348 11 0 0
25346 0 1 1
25342 80 0 0
25314 0 0 0
25430 3 0 0
25206 145 3 3
25315 75 3 3
25313 81 2 2
25373 29 8 8
25376 5 0 0
25371 7 0 0
25546 0 0 0
25200 73 0 0
25330 29 7 7
25278 69 0 0
25258 28 0 0
25192 215 4 4
25263 115 2 2
25375 1 0 0
25235 35 0 0
25261 57 0 0
25383 28 0 0
25229 28 0 0
25284 41 0 0
25175 201 2 2
25242 12 0 0
25272 33 0 0
25334 38 0 0
25310 7 0 0
25232 36 0 0
25416 36 2 2
25079 214 0 0
25356 34 7 7
25187 109 1 1
25220 60 1 1
25292 20 0 0
25364 28 6 6
25409 7 2 2
25502 0 1 1
25234 41 0 0
25307 5 0 0
25226 28 0 0
25375 41 5 5
25345 22 1 1
25289 31 0 0
25331 10 0 0
25211 125 4 4
24965 404 0 0
25315 49 2 2
25249 2 0 0
25407 0 0 0
25072 170 0 0
25310 49 0 0
25195 150 0 0
25464 52 0 0
25279 36 0 0
25416 0 0 0
25154 191 4 4
25321 26 0 0
25343 6 9 9
25233 26 0 0
25162 112 0 0
25294 31 8 8
25300 12 0 0
25377 73 0 0
25287 31 0 0
25262 43 0 0
25225 70 0 0
25181 98 0 0
25358 129 0 0
25282 35 0 0
25260 30 0 0
25322 8 0 0
25388 13 0 0
25393 119 1 1
25261 148 0 0
25351 18 0 0
25274 7 0 0
25298 7 0 0
25207 73 0 0
25271 101 0 0
25330 53 1 1
25169 182 2 2
25359 3 0 0
25321 2 1 1
25305 195 2 2
25263 109 6 6
25383 2 0 0
25398 29 2 2
24940 421 4 4
25460 4 0 0
25236 61 0 0
25130 150 1 1
25321 71 0 0
25230 79 0 0
25324 22 0 0
25262 66 0 0
25292 33 0 0
25332 87 0 0
25422 31 0 0
25246 47 0 0
25281 188 2 2
25342 9 8 8
25292 21 5 5
25197 112 0 0
25383 6 5 5
25314 85 0 0
24957 388 0 0
25120 158 0 0
25218 125 0 0
25442 0 13 13
25280 129 0 0
25295 118 1 1
24980 441 3 3
24836 327 0 0
25240 57 1 1
25316 41 0 0
25246 42 0 0
25118 278 0 0
25121 177 0 0
25151 221 0 0
25321 0 0 0
25289 0 0 0
25398 46 1 1
25335 61 4 4
25365 45 0 0
25807 14 5 5
25328 65 5 5
25208 153 1 1
25279 48 0 0
25218 164 0 0
25237 27 2 2
25358 155 5 5
25303 92 0 0
25384 37 1 1
25242 60 0 0
25233 70 2 2
25313 25 1 1
25189 58 0 0
25443 0 0 0
25256 116 2 2
25550 49 0 0
25117 192 0 0
25225 168 0 0
25316 0 0 0
25230 41 0 0
25354 115 2 2
25278 75 0 0
25182 78 1 1
25228 0 0 0
25393 83 0 0
25362 49 0 0
25392 111 6 6
25136 125 0 0
25228 72 0 0
25269 143 0 0
25276 50 0 0
25181 181 3 3
25323 120 6 6
25354 64 0 0
25251 75 0 0
25391 0 7 7
25170 186 0 0
25319 42 0 0
