26811 105 21 21
24745 441 6 6
24941 253 6 6
25002 198 0 0
25158 29 0 0
25120 44 6 6
25030 142 1 1
25200 3 0 0
25270 0 0 0
25123 0 0 0
25163 5 0 0
25162 51 0 0
25113 48 0 0
25190 1 0 0
25085 36 1 1
25208 36 0 0
25186 22 0 0
25201 160 0 0
25185 92 0 0
25150 49 0 0
25228 11 0 0
25226 11 0 0
25078 102 0 0
25167 90 0 0
25183 2 0 0
25159 9 0 0
25244 5 0 0
25063 103 0 0
25197 8 0 0
25075 69 0 0
25155 32 0 0
25178 3 7 7
25306 0 0 0
25167 33 1 1
25184 7 0 0
25073 49 0 0
25185 15 0 0
25248 10 2 2
25262 42 1 1
25179 28 2 2
25118 69 0 0
25321 5 0 0
25152 21 1 1
25311 16 0 0
25068 132 1 1
25279 24 0 0
25105 84 1 1
25152 5 1 1
25207 0 5 5
25080 60 0 0
25071 135 0 0
25155 22 0 0
25166 0 0 0
25100 43 0 0
24867 282 12 12
25144 33 0 0
25187 15 0 0
25174 62 0 0
25160 2 2 2
25132 48 0 0
25309 0 0 0
25085 116 0 0
25091 89 0 0
25113 87 1 1
25172 96 0 0
25173 25 0 0
24979 112 0 0
25134 51 3 3
25145 57 3 3
25193 88 0 0
25133 45 0 0
25165 38 0 0
25172 13 0 0
24982 96 0 0
25001 235 0 0
25172 51 0 0
25182 16 6 6
25303 3 0 0
25180 59 0 0
25118 54 0 0
25102 78 0 0
25238 26 0 0
25177 29 0 0
24867 240 0 0
24927 347 1 1
25133 65 1 1
25199 18 0 0
25118 59 0 0
25071 90 0 0
25187 24 7 7
25139 60 0 0
25230 53 1 1
25112 43 0 0
25143 13 1 1
25166 45 1 1
25246 63 0 0
25180 17 2 2
25161 0 0 0
25061 102 0 0
25074 91 0 0
25097 61 7 7
25157 15 0 0
25158 76 0 0
25049 116 0 0
25328 47 1 1
25159 45 1 1
25144 50 0 0
24965 188 0 0
25057 116 0 0
25193 8 0 0
25148 39 0 0
24956 201 0 0
24945 287 1 1
25164 62 2 2
25222 0 1 1
25240 33 1 1
25156 14 4 4
25033 196 0 0
24891 301 1 1
24889 320 1 1
25063 120 0 0
25405 0 0 0
24834 212 0 0
25155 12 3 3
25167 13 0 0
25181 0 0 0
25135 67 0 0
24983 191 0 0
25236 13 0 0
25076 77 0 0
25274 56 2 2
25170 25 2 2
25196 5 1 1
25177 18 1 1
25143 12 8 8
25124 46 0 0
25175 39 0 0
25112 64 0 0
24960 141 0 0
24962 229 0 0
25213 50 0 0
25081 91 0 0
25145 35 0 0
25122 24 0 0
25035 108 0 0
25265 15 0 0
25186 84 2 2
25090 83 0 0
25234 12 0 0
25192 2 2 2
25174 41 1 1
25030 217 1 1
24981 208 0 0
25295 6 0 0
25181 2 1 1
25252 0 9 9
25253 0 0 0
25133 34 0 0
25201 18 0 0
25098 76 0 0
25198 30 0 0
25219 6 0 0
25247 7 1 1
25235 7 0 0
25166 32 0 0
25032 142 1 1
25204 28 1 1
25209 0 1 1
25091 73 0 0
25153 39 0 0
25020 186 0 0
25158 117 0 0
25110 74 0 0
25171 8 0 0
25087 86 0 0
25080 109 0 0
25078 78 9 9
25100 45 0 0
25194 37 2 2
25196 8 2 2
25207 34 0 0
25159 0 0 0
25272 2 1 1
25255 13 1 1
25129 3 10 10
24880 342 0 0
25048 104 0 0
25183 50 0 0
25160 0 1 1
25136 30 0 0
25179 41 0 0
25303 66 0 0
25144 53 0 0
25170 43 4 4
25171 6 10 10
25154 3 2 2
25113 77 1 1
25212 11 1 1
25206 38 0 0
25250 7 1 1
24893 311 0 0
25090 37 0 0
25217 0 0 0
25114 36 0 0
25159 24 1 1
25113 64 0 0
25186 1 0 0
25139 59 0 0
25265 32 10 10
25097 67 0 0
25147 61 0 0
25252 6 1 1
25140 26 0 0
25097 112 2 2
24983 222 0 0
25280 9 1 1
25446 12 0 0
24993 156 0 0
25264 19 0 0
25018 147 0 0
25134 46 0 0
25164 3 1 1
25115 14 1 1
25197 65 0 0
25063 120 0 0
25161 79 3 3
25250 23 0 0
25193 30 1 1
25193 2 0 0
25259 8 0 0
25095 88 0 0
25028 128 0 0
25124 52 0 0
25174 19 0 0
24955 179 0 0
25092 85 0 0
25198 0 10 10
25196 10 0 0
25100 54 0 0
25131 66 0 0
25159 19 1 1
25258 14 0 0
25088 69 0 0
24799 371 2 2
25188 0 5 5
25118 78 1 1
25225 2 0 0
25094 16 0 0
25162 13 0 0
25176 14 0 0
25156 25 0 0
25320 39 0 0
25193 41 0 0
25030 170 0 0
24631 632 0 0
25088 11 0 0
25185 5 0 0
25133 3 0 0
25158 86 0 0
25198 26 0 0
25114 90 1 1
25177 11 0 0
25104 66 0 0
25277 10 1 1
25102 35 0 0
25193 64 0 0
25135 10 0 0
25131 54 0 0
25119 3 7 7
25102 85 2 2
25036 121 0 0
25196 15 2 2
25031 204 0 0
25152 7 6 6
25210 2 0 0
25155 54 1 1
25199 15 0 0
25224 128 0 0
25155 20 0 0
25137 69 0 0
25117 54 0 0
25111 36 1 1
25228 3 3 3
25134 72 0 0
25231 16 0 0
25185 26 0 0
25183 85 0 0
25377 15 0 0
25245 0 2 2
25215 1 0 0
25173 5 0 0
25015 184 0 0
25165 52 1 1
24996 272 0 0
25168 61 0 0
25190 6 0 0
25250 5 0 0
25085 77 0 0
25017 111 8 8
25110 23 0 0
25203 14 9 9
24968 258 0 0
25082 142 0 0
25003 364 2 2
24966 113 0 0
25222 8 0 0
25168 10 0 0
25206 0 0 0
25158 37 0 0
25147 38 8 8
24958 219 0 0
25103 39 0 0
25173 49 0 0
25142 47 0 0
25057 76 0 0
25277 27 0 0
25171 44 0 0
25175 5 0 0
25178 4 1 1
25271 0 0 0
25142 52 7 7
25189 49 0 0
25290 45 2 2
25140 15 0 0
25139 34 0 0
25086 75 1 1
25213 43 0 0
25054 72 1 1
25100 64 0 0
25227 11 12 12
25142 24 1 1
25172 16 0 0
25106 76 0 0
25261 35 0 0
25164 4 7 7
25207 35 0 0
25225 24 0 0
25014 130 0 0
25199 31 0 0
25190 47 1 1
25099 58 1 1
25212 3 0 0
25257 7 1 1
25069 133 0 0
25146 60 0 0
25104 74 0 0
25156 5 0 0
25173 10 0 0
25101 83 0 0
25155 38 0 0
25132 82 7 7
25114 73 0 0
25297 0 0 0
25275 16 0 0
25089 184 0 0
25312 76 0 0
25187 47 0 0
25098 52 0 0
25150 58 0 0
25120 76 1 1
25202 19 0 0
25043 199 0 0
25153 16 0 0
25213 4 0 0
25194 16 0 0
25186 10 0 0
25102 55 0 0
25230 0 4 4
25138 71 1 1
25144 20 0 0
25143 9 1 1
25148 99 1 1
25302 27 3 3
25171 3 0 0
25199 21 0 0
25233 24 0 0
25082 86 0 0
25096 108 0 0
25145 36 5 5
25283 20 0 0
25199 5 4 4
25080 200 0 0
25094 91 0 0
24950 172 2 2
25143 42 0 0
25103 38 0 0
25234 24 0 0
25124 34 0 0
25112 64 0 0
25161 14 2 2
25190 68 0 0
25177 25 0 0
25154 41 0 0
25221 17 0 0
24989 189 1 1
25017 131 0 0
25260 2 0 0
25082 47 0 0
25089 109 0 0
25187 91 0 0
25235 39 0 0
25181 74 2 2
25129 55 1 1
25112 105 0 0
25151 44 0 0
25064 139 0 0
25161 53 2 2
24895 207 0 0
25109 84 0 0
25054 90 0 0
25213 18 1 1
25133 29 1 1
25088 66 1 1
25185 11 0 0
25144 30 0 0
25127 79 1 1
25210 69 0 0
25264 45 0 0
25143 40 0 0
25079 47 2 2
25208 0 0 0
25148 36 1 1
25158 26 0 0
25119 112 0 0
25175 0 1 1
25291 10 0 0
25077 82 0 0
25101 55 1 1
25145 12 0 0
25124 73 7 7
25200 5 0 0
25119 55 0 0
25131 92 1 1
25212 7 0 0
25070 84 0 0
25134 76 1 1
25195 11 7 7
25204 31 1 1
25159 2 0 0
25228 0 5 5
25176 6 0 0
25122 0 0 0
25126 51 1 1
25104 81 0 0
25102 34 1 1
25148 21 8 8
25069 172 0 0
25099 108 6 6
25012 220 0 0
24985 210 0 0
25084 85 0 0
25262 64 0 0
25165 34 0 0
25105 29 6 6
25028 218 0 0
25069 187 2 2
25190 27 0 0
25058 86 0 0
25140 41 0 0
25007 57 0 0
25220 55 0 0
25189 44 0 0
25016 130 0 0
25105 66 0 0
25193 32 0 0
25217 39 0 0
25099 39 0 0
25222 65 1 1
25069 128 0 0
25250 4 0 0
25185 27 0 0
25101 37 0 0
25069 94 0 0
24903 227 0 0
25194 26 4 4
25153 25 0 0
25175 3 0 0
25108 35 1 1
25316 3 0 0
25285 28 0 0
25168 72 1 1
25211 0 0 0
25112 82 0 0
25217 16 0 0
25067 166 2 2
25170 3 0 0
25258 37 0 0
25247 44 0 0
25148 85 1 1
25128 71 0 0
25169 30 0 0
25182 62 0 0
25250 1 1 1
25219 31 1 1
25201 1 0 0
25078 74 1 1
24900 300 12 12
25164 35 0 0
25176 9 0 0
25078 187 0 0
25061 169 0 0
25205 35 0 0
25183 29 1 1
25372 5 0 0
24917 250 11 11
25206 36 4 4
25161 55 0 0
25211 13 0 0
25130 68 1 1
25176 3 2 2
25133 55 1 1
25098 100 6 6
25194 16 1 1
25160 41 1 1
25100 90 0 0
25217 2 0 0
25153 31 1 1
25087 92 0 0
25176 0 2 2
25237 17 0 0
25170 35 0 0
25065 96 0 0
25180 29 0 0
25197 97 1 1
25163 15 0 0
25140 3 0 0
25169 22 2 2
25114 69 0 0
25130 109 0 0
25254 60 0 0
25153 43 0 0
25189 2 3 3
25100 43 0 0
24738 429 0 0
25156 64 0 0
25241 46 0 0
25148 5 0 0
25176 20 1 1
25247 30 0 0
25192 14 1 1
24987 153 1 1
25111 6 0 0
25368 10 1 1
24937 138 0 0
24976 172 0 0
25265 15 0 0
25231 35 1 1
25212 14 0 0
25153 0 0 0
24877 280 0 0
25002 239 1 1
24961 234 0 0
25166 37 0 0
25209 23 1 1
25116 32 0 0
24897 218 0 0
25015 185 0 0
25118 119 0 0
25129 57 0 0
25153 3 0 0
25261 12 0 0
25169 2 1 1
25111 89 0 0
25188 7 0 0
25348 6 0 0
25230 4 0 0
25156 33 0 0
25100 70 1 1
25167 85 0 0
25256 8 1 1
25165 0 0 0
25246 12 0 0
25110 66 0 0
25014 165 0 0
25111 43 0 0
25141 30 0 0
25174 0 0 0
25171 25 0 0
25164 40 0 0
25117 71 0 0
25170 36 1 1
25314 0 0 0
25181 0 0 0
25114 98 0 0
25180 13 1 1
25196 29 0 0
25113 27 0 0
25200 27 0 0
25245 7 1 1
25123 9 0 0
25289 14 0 0
25153 56 0 0
25216 0 2 2
24675 536 0 0
25049 161 0 0
25008 176 0 0
25027 208 0 0
25140 55 1 1
25179 13 0 0
25171 19 0 0
25016 155 0 0
25088 64 0 0
25085 33 1 1
25074 132 0 0
25246 5 0 0
25343 7 0 0
24864 296 0 0
25464 38 1 1
25122 47 0 0
25133 0 0 0
25225 63 1 1
25176 24 0 0
25065 126 0 0
25121 64 0 0
25257 18 0 0
25182 0 0 0
25155 17 3 3
24983 187 0 0
25049 173 0 0
25209 23 0 0
25147 48 1 1
25157 38 0 0
25142 0 0 0
25145 15 0 0
25159 10 0 0
25200 20 0 0
25147 26 0 0
25250 0 0 0
25006 203 0 0
25158 49 0 0
25224 11 0 0
25163 71 0 0
25137 0 0 0
25301 24 0 0
25005 184 0 0
24927 206 1 1
25196 32 1 1
25123 29 0 0
23723 1503 0 0
25190 0 5 5
25105 79 0 0
25105 80 0 0
25260 58 0 0
25243 0 0 0
25157 8 1 1
25161 78 0 0
25247 3 0 0
25157 44 6 6
25244 36 0 0
25200 82 1 1
25135 51 0 0
25214 54 1 1
25149 27 1 1
25157 100 2 2
25219 0 0 0
25233 5 0 0
25129 9 0 0
25184 20 1 1
25063 114 0 0
25228 29 0 0
25188 7 0 0
25233 22 0 0
24993 46 0 0
25133 40 0 0
25230 16 2 2
25193 15 0 0
25259 51 0 0
25247 6 5 5
25081 26 2 2
25071 130 0 0
25155 24 1 1
25200 45 0 0
25132 0 0 0
25088 80 0 0
25178 56 0 0
25170 10 0 0
25223 129 1 1
25113 35 0 0
25128 0 0 0
24889 291 13 13
25163 44 0 0
25147 38 0 0
25088 116 0 0
25283 9 0 0
25233 0 1 1
25246 35 3 3
25177 71 0 0
25188 75 1 1
25186 18 0 0
25194 7 0 0
25124 55 0 0
25054 157 9 9
25148 114 0 0
25052 92 1 1
25098 38 8 8
25176 22 1 1
24360 805 0 0
25118 39 1 1
25070 117 0 0
25202 8 0 0
25075 94 1 1
25162 10 0 0
25233 64 0 0
25168 25 0 0
25233 3 0 0
25142 53 0 0
25158 3 0 0
25137 53 0 0
25137 44 0 0
25227 76 0 0
25139 38 0 0
25230 3 0 0
25274 0 0 0
25154 13 0 0
25230 9 0 0
25176 16 0 0
25108 0 11 11
25122 52 0 0
25139 37 1 1
25210 0 0 0
25154 4 0 0
25253 18 0 0
24927 339 1 1
25155 10 3 3
25148 53 0 0
25196 30 1 1
25211 0 0 0
25189 9 0 0
25498 0 0 0
25040 77 0 0
25231 27 1 1
25019 157 0 0
25129 40 0 0
25269 20 0 0
25234 1 1 1
25192 51 1 1
25129 100 1 1
25308 12 0 0
24945 252 0 0
25351 0 12 12
25207 31 1 1
25061 123 1 1
25145 23 1 1
23452 1696 0 0
25195 13 0 0
25176 0 0 0
25247 32 0 0
25211 19 0 0
25148 48 0 0
25168 20 1 1
25190 40 1 1
24987 233 1 1
25201 8 0 0
25190 1 1 1
25217 143 0 0
25173 4 0 0
25132 36 0 0
25216 0 0 0
25007 212 0 0
25069 122 8 8
25168 25 8 8
25125 9 0 0
25123 63 1 1
25215 3 0 0
25126 87 0 0
25148 73 0 0
25121 86 1 1
25177 0 0 0
25145 53 1 1
25137 47 0 0
25151 16 0 0
25281 9 0 0
24322 854 0 0
25126 53 0 0
25203 0 0 0
25186 8 0 0
25167 81 0 0
25150 26 1 1
25029 177 0 0
25142 42 11 11
25126 160 6 6
25108 88 0 0
25094 121 0 0
24920 258 0 0
25160 25 0 0
25305 41 0 0
25038 140 1 1
25146 31 0 0
25170 46 0 0
25077 54 0 0
25219 16 0 0
25114 53 0 0
25175 45 0 0
25149 86 0 0
25150 71 0 0
25121 79 0 0
25091 46 0 0
25038 219 0 0
24979 220 0 0
25089 84 0 0
25122 84 1 1
25202 4 1 1
24934 290 0 0
24973 224 0 0
25089 188 0 0
25164 93 1 1
25177 55 0 0
25302 5 2 2
25124 149 0 0
24933 242 0 0
25319 0 0 0
25108 71 0 0
25111 77 0 0
25052 104 0 0
25294 82 0 0
25179 81 5 5
25168 93 0 0
25113 124 0 0
25130 45 0 0
25261 18 2 2
25153 24 0 0
25153 43 2 2
25158 47 0 0
25172 33 0 0
25217 19 10 10
25147 59 0 0
25051 134 0 0
25163 23 0 0
25202 2 0 0
25157 6 0 0
25222 1 0 0
25107 95 1 1
25193 29 1 1
25170 52 0 0
25311 30 1 1
25119 73 0 0
25205 14 0 0
25299 1 1 1
25111 84 1 1
25207 0 0 0
25268 2 2 2
25079 84 0 0
25130 68 0 0
25209 13 1 1
25199 7 2 2
25196 6 0 0
25189 5 0 0
25264 0 0 0
25105 73 0 0
25168 29 1 1
25119 65 0 0
25166 25 0 0
25100 132 0 0
25186 36 0 0
25300 0 0 0
25092 26 2 2
25119 62 0 0
25247 25 0 0
25133 30 0 0
25149 91 0 0
25064 130 0 0
25196 8 0 0
25158 39 0 0
25288 40 0 0
25211 1 0 0
25167 38 1 1
25107 26 1 1
24947 224 1 1
25195 38 0 0
25101 104 0 0
25125 57 2 2
25235 17 0 0
25187 24 0 0
25221 6 3 3
25293 0 0 0
25137 38 0 0
25183 18 0 0
25139 40 0 0
25174 38 1 1
25194 18 9 9
25205 35 0 0
25181 6 0 0
25066 84 0 0
24917 387 0 0
25166 10 0 0
25147 5 0 0
25186 5 0 0
24990 173 0 0
25191 46 0 0
24981 153 0 0
25284 52 0 0
25135 38 0 0
25239 0 0 0
25108 81 0 0
25134 32 0 0
25118 3 2 2
25139 31 1 1
25069 113 0 0
25146 13 0 0
25222 15 0 0
25305 70 1 1
25164 31 0 0
25178 41 1 1
25088 65 0 0
25075 98 0 0
25133 165 0 0
25165 37 0 0
25193 47 1 1
25184 5 0 0
25325 16 2 2
25159 120 0 0
25145 123 0 0
25211 25 0 0
25194 2 0 0
25213 21 0 0
25082 81 0 0
25076 106 0 0
25099 53 0 0
24966 238 0 0
25220 3 0 0
25225 10 0 0
25041 146 0 0
25064 112 0 0
25162 9 0 0
25143 31 2 2
24864 343 0 0
25339 2 0 0
25099 69 0 0
25064 158 0 0
25137 58 0 0
25140 76 0 0
25130 18 0 0
25107 69 0 0
25232 35 2 2
25178 86 1 1
25144 23 0 0
25179 52 1 1
25190 43 0 0
25155 17 0 0
25156 17 0 0
25082 117 0 0
25247 8 0 0
25118 67 0 0
24940 269 0 0
25045 160 0 0
25004 123 0 0
25254 0 1 1
25093 121 0 0
25190 34 0 0
24881 360 0 0
24710 337 0 0
25113 45 1 1
25254 39 1 1
25129 48 1 1
24951 262 0 0
25054 176 1 1
24980 217 0 0
25265 0 0 0
25229 3 0 0
25227 37 9 9
25171 94 7 7
25207 49 0 0
25596 11 0 0
25168 69 1 1
25138 51 0 0
25155 35 0 0
25024 166 0 0
25146 23 0 0
25167 150 0 0
25115 91 0 0
25191 35 0 0
25184 64 0 0
25138 62 0 0
25241 43 0 0
25116 57 0 0
25287 4 8 8
25069 121 0 0
25398 49 0 0
25004 191 0 0
25006 183 0 0
25229 10 0 0
25131 44 0 0
25132 66 0 0
25134 72 0 0
25076 86 0 0
25179 2 5 5
25145 92 0 0
25189 54 0 0
25101 106 7 7
25079 115 4 4
25096 124 0 0
25105 153 0 0
25215 44 0 0
25080 41 0 0
25118 120 0 0
25119 65 1 1
25189 76 0 0
25244 0 0 0
24942 145 0 0
25176 42 1 1
