26342 94 28 28
24504 429 2 2
24691 229 1 1
24751 200 0 0
24920 32 7 7
24879 41 0 0
24751 138 1 1
24955 3 0 0
25017 2 0 0
24919 0 12 12
24925 4 0 0
24890 42 1 1
24880 46 0 0
24928 6 1 1
24946 32 0 0
24937 30 1 1
24936 20 0 0
24878 148 0 0
24961 93 0 0
24872 66 0 0
25000 6 0 0
24929 27 1 1
24848 104 0 0
24938 73 0 0
24929 1 1 1
24929 11 1 1
24982 6 1 1
24815 109 1 1
24932 2 0 0
24831 83 1 1
24913 34 1 1
24946 1 0 0
24940 0 0 0
24913 25 1 1
24983 7 0 0
24869 51 8 8
24889 17 0 0
24942 6 1 1
24899 35 1 1
24892 29 0 0
24859 79 0 0
24966 5 1 1
24906 21 1 1
24926 3 1 1
24800 120 0 0
25050 12 1 1
24857 86 0 0
24920 15 1 1
24946 0 0 0
24827 62 0 0
24896 65 0 0
24911 27 0 0
24967 0 0 0
24873 41 0 0
24636 281 1 1
24893 35 0 0
24952 18 0 0
24871 65 0 0
24892 0 0 0
24885 55 0 0
24995 3 0 0
24861 107 0 0
24884 63 1 1
24877 91 0 0
24895 76 0 0
24915 22 0 0
24841 111 0 0
24877 48 0 0
24896 59 0 0
24833 87 3 3
24884 44 0 0
24892 41 1 1
24930 10 0 0
24851 98 0 0
24697 253 0 0
24849 53 0 0
24920 22 1 1
24877 11 0 0
24901 59 0 0
24873 49 0 0
24836 78 1 1
25020 20 0 0
24925 34 0 0
24694 239 0 0
24602 349 2 2
24900 64 0 0
24996 17 1 1
24863 60 1 1
24868 49 0 0
24947 18 1 1
24867 69 0 0
24909 56 0 0
24860 43 0 0
24920 16 0 0
24926 44 0 0
24923 63 1 1
24914 12 0 0
24950 0 0 0
24816 102 0 0
24829 80 0 0
24844 59 1 1
24904 12 0 0
24916 66 1 1
24808 119 0 0
24918 39 0 0
24835 39 1 1
24896 57 0 0
24732 187 0 0
24824 122 0 0
24935 6 0 0
24875 57 0 0
24710 212 1 1
24686 274 1 1
24770 64 0 0
24939 0 0 0
24903 32 1 1
24933 0 1 1
24797 196 1 1
24641 305 0 0
24650 319 0 0
24867 112 0 0
25107 0 0 0
24752 24 0 0
24907 13 1 1
24930 11 0 0
24941 0 0 0
24903 60 0 0
24755 177 0 0
24939 8 0 0
24818 72 2 2
25040 44 1 1
24922 26 1 1
24926 6 0 0
24930 6 0 0
24936 14 3 3
24900 46 0 0
24970 37 1 1
24872 59 0 0
24782 124 0 0
24716 225 0 0
24920 49 0 0
24832 96 0 0
24896 35 0 0
24913 23 0 0
24880 30 1 1
24939 18 0 0
24911 59 2 2
24857 70 0 0
24907 16 0 0
24926 0 1 1
24804 40 0 0
24760 214 0 0
24704 212 1 1
24938 25 0 0
24921 8 1 1
24975 0 0 0
24964 0 0 0
24871 35 0 0
24972 5 0 0
24912 80 2 2
24881 45 0 0
24940 10 0 0
24916 4 0 0
24947 11 0 0
24903 30 1 1
24720 150 0 0
24959 45 1 1
24934 4 0 0
24808 62 0 0
24906 42 1 1
24754 185 1 1
24818 114 0 0
24861 74 0 0
24925 0 0 0
24861 79 0 0
24827 123 1 1
24821 77 0 0
24858 38 0 0
24905 45 0 0
24959 9 0 0
24894 21 0 0
24956 0 0 0
25073 1 0 0
24939 14 1 1
24927 4 0 0
24625 326 0 0
24830 93 0 0
24872 57 1 1
24934 0 1 1
24892 34 1 1
24893 37 0 0
24881 73 1 1
24887 77 0 0
24903 54 2 2
24911 5 1 1
24938 11 0 0
24872 65 0 0
24980 19 0 0
24898 37 1 1
24983 0 1 1
24652 305 0 0
24883 30 0 0
24951 0 2 2
24947 36 1 1
24866 8 4 4
24844 67 0 0
24921 4 0 0
24884 60 0 0
25049 23 0 0
24861 63 0 0
24884 70 2 2
24980 0 1 1
24903 30 0 0
24880 75 0 0
24729 224 0 0
24953 3 2 2
25145 11 5 5
24744 163 0 0
24983 14 0 0
24898 15 0 0
24870 60 1 1
24915 5 0 0
24933 14 1 1
24929 65 1 1
24798 118 0 0
25002 79 1 1
24927 40 1 1
24901 47 0 0
24943 3 0 0
24936 10 0 0
24834 97 1 1
24808 135 0 0
24867 57 1 1
24926 17 0 0
24741 178 0 0
24831 99 0 0
24985 0 5 5
24933 7 1 1
24861 50 0 0
24865 63 1 1
24931 19 2 2
24976 11 1 1
24846 68 0 0
24606 361 1 1
24940 1 3 3
24869 64 2 2
24963 3 1 1
24900 15 1 1
24922 13 1 1
24917 13 0 0
24872 22 1 1
25028 36 1 1
24932 42 0 0
24774 165 0 0
24313 629 0 0
24936 10 0 0
24949 7 0 0
24936 3 2 2
24844 86 0 0
24943 24 0 0
24867 89 2 2
24905 8 0 0
24808 80 1 1
24947 10 0 0
24881 19 0 0
24916 55 0 0
24927 6 0 0
24877 58 0 0
24889 0 2 2
24850 86 0 0
24797 119 0 0
24932 5 0 0
24778 206 0 0
24908 26 1 1
24944 4 0 0
24879 54 0 0
24924 15 1 1
24994 112 0 0
24899 22 0 0
24868 61 0 0
24896 52 1 1
24881 35 4 4
24941 12 0 0
24882 66 0 0
24932 16 0 0
24965 27 1 1
24850 93 0 0
25127 17 0 0
24976 0 3 3
24954 0 0 0
24946 3 0 0
24757 180 0 0
24917 53 2 2
24710 263 1 1
24915 63 1 1
24914 10 0 0
24904 9 0 0
24838 82 1 1
24771 101 1 1
24862 18 0 0
24963 15 0 0
24719 255 0 0
24825 145 1 1
24758 367 1 1
24647 284 0 0
24968 28 0 0
24934 1 2 2
24935 2 3 3
24899 46 0 0
24875 48 0 0
24725 228 0 0
24863 40 1 1
24897 52 0 0
24893 52 2 2
24850 87 0 0
24933 25 0 0
24892 44 1 1
24956 3 1 1
24925 2 3 3
24959 0 2 2
24892 57 1 1
24867 49 1 1
24931 44 0 0
24874 16 0 0
24886 52 0 0
24875 73 0 0
24923 40 0 0
24883 71 1 1
24846 65 0 0
25033 0 0 0
24879 25 0 0
24905 20 3 3
24885 83 1 1
24897 38 0 0
24850 2 1 1
24920 27 1 1
24956 21 1 1
24780 124 0 0
24911 31 1 1
24899 47 2 2
24861 53 0 0
24997 0 4 4
24953 7 1 1
24794 141 1 1
24819 77 2 2
24846 101 0 0
24854 12 0 0
24933 5 1 1
24853 85 1 1
24923 37 0 0
24856 82 1 1
24865 63 1 1
24934 2 0 0
24919 16 0 0
24774 184 0 0
24857 107 1 1
24914 54 1 1
24876 48 1 1
24917 55 0 0
24911 79 1 1
24955 22 0 0
24740 193 1 1
24902 20 1 1
24950 14 1 1
24914 6 1 1
24921 19 0 0
24902 35 0 0
24948 2 3 3
24845 77 0 0
24901 19 0 0
24913 7 0 0
24857 86 1 1
25024 39 0 0
24910 3 2 2
24932 24 1 1
24893 22 0 0
24824 90 0 0
24873 67 0 0
24886 32 2 2
24967 22 0 0
24944 5 2 2
24804 151 0 0
24835 89 0 0
24810 175 0 0
24896 38 7 7
24879 33 0 0
24927 20 0 0
24869 33 0 0
24865 65 1 1
24913 13 0 0
24849 72 0 0
24901 25 0 0
24894 40 2 2
24903 26 0 0
24735 191 1 1
24794 132 0 0
25002 14 1 1
24834 52 0 0
24856 110 2 2
24912 104 0 0
24924 37 0 0
24896 76 1 1
24876 52 0 0
24854 103 0 0
24891 40 0 0
24854 138 5 5
24917 51 1 1
24763 203 0 0
24899 57 0 0
24776 88 0 0
24942 19 2 2
24891 25 0 0
24842 72 0 0
24920 15 0 0
24916 33 0 0
24850 95 2 2
24897 73 0 0
25003 36 1 1
24897 45 0 0
24882 47 1 1
24958 0 0 0
24882 30 1 1
24906 21 1 1
24896 108 0 0
24963 0 0 0
24981 6 0 0
24837 77 0 0
24842 70 0 0
24906 17 0 0
24876 72 0 0
24913 6 1 1
24889 47 0 0
24874 93 1 1
24960 3 1 1
24806 87 0 0
24877 76 0 0
24971 2 0 0
24918 34 0 0
24948 5 0 0
25036 6 0 0
24912 4 0 0
24881 0 7 7
24910 39 0 0
24856 93 0 0
24902 11 0 0
24950 19 0 0
24743 170 0 0
24841 114 0 0
24730 205 0 0
24735 206 1 1
24855 92 1 1
24990 66 0 0
24914 32 1 1
24935 9 0 0
24741 228 0 0
24814 176 0 0
24936 31 2 2
24829 94 0 0
24883 44 1 1
24875 63 0 0
24934 50 1 1
24972 40 0 0
24765 134 0 0
24848 68 0 0
24865 68 0 0
24958 37 1 1
24859 41 0 0
24876 48 0 0
24824 124 1 1
24952 5 2 2
24904 26 2 2
24848 40 0 0
24833 87 1 1
24817 87 0 0
24935 25 0 0
24908 23 0 0
24925 10 0 0
24851 38 1 1
24999 1 0 0
25073 28 0 0
24924 20 0 0
24912 20 2 2
24882 84 0 0
24962 14 1 1
24777 165 1 1
24933 3 0 0
24877 39 0 0
24873 47 0 0
24846 80 0 0
24887 65 1 1
24892 31 1 1
24902 70 0 0
24962 1 0 0
24959 28 0 0
24951 0 0 0
24874 69 1 1
24648 296 0 0
24927 38 0 0
24897 8 0 0
24786 188 0 0
24795 168 1 1
24940 46 0 0
24897 26 0 0
25111 3 0 0
24710 252 4 4
24874 39 0 0
24867 61 0 0
24991 17 0 0
24866 66 1 1
24922 3 0 0
24901 58 1 1
24890 102 0 0
24952 14 0 0
24915 47 0 0
24863 87 0 0
24951 2 0 0
24915 39 1 1
24832 81 0 0
24944 0 1 1
24975 21 0 0
24898 43 0 0
24809 99 1 1
24913 24 0 0
24829 104 0 0
24915 13 0 0
24918 2 0 0
24950 12 0 0
24865 67 0 0
24872 98 3 3
24945 56 2 2
24925 41 0 0
24924 1 1 1
24858 44 0 0
24434 449 2 2
24902 53 1 1
24949 45 0 0
24903 7 0 0
24874 18 1 1
24871 30 1 1
24943 13 1 1
24793 148 0 0
24912 27 7 7
25113 11 3 3
24820 132 0 0
24729 180 0 0
24922 17 0 0
24980 33 0 0
24959 20 1 1
24905 15 0 0
24657 277 0 0
24717 245 0 0
24694 217 1 1
24954 33 0 0
24950 12 0 0
24861 28 0 0
24773 218 1 1
24752 187 1 1
24863 129 0 0
24905 57 0 0
24921 3 0 0
24953 7 0 0
24889 46 2 2
24900 76 3 3
24934 5 0 0
24971 4 1 1
24907 7 1 1
24909 41 0 0
24851 68 0 0
24888 88 0 0
24975 2 0 0
24911 0 1 1
24921 10 0 0
24886 51 0 0
24820 160 1 1
24877 39 0 0
24893 29 1 1
24965 4 2 2
24917 12 0 0
24946 24 0 0
24880 66 0 0
24868 35 2 2
25080 1 0 0
24950 0 0 0
24936 3 0 0
24919 16 1 1
24962 23 1 1
24937 22 0 0
24970 26 0 0
24950 10 0 0
24926 5 0 0
24915 14 0 0
24897 49 2 2
24934 0 1 1
24390 535 0 0
24792 155 0 0
24716 190 1 1
24770 207 0 0
24883 66 0 0
24945 8 0 0
24932 6 1 1
24740 159 0 0
24916 62 0 0
24867 26 0 0
24826 146 1 1
24979 5 0 0
24940 8 1 1
24751 160 0 0
25138 39 1 1
24856 47 0 0
24915 0 0 0
24883 63 0 0
24944 26 1 1
24797 123 0 0
24841 80 1 1
24933 11 0 0
24932 0 0 0
24896 20 1 1
24770 187 1 1
24785 178 0 0
24950 23 2 2
24847 56 0 0
24936 5 0 0
24938 0 3 3
24916 14 0 0
24908 7 0 0
24882 16 0 0
24945 20 0 0
24993 1 0 0
24733 203 0 0
24906 53 1 1
24924 11 1 1
24885 87 1 1
24911 0 1 1
25062 26 0 0
24766 179 1 1
24694 213 0 0
24961 30 0 0
24886 28 0 0
23779 1153 0 0
25013 0 2 2
24870 92 0 0
24854 84 0 0
24854 69 1 1
24972 0 0 0
24916 8 0 0
24924 75 2 2
24928 1 2 2
24902 42 0 0
24932 31 0 0
24902 63 0 0
24937 47 0 0
24888 61 0 0
24922 23 2 2
24851 88 0 0
24945 0 0 0
24978 8 0 0
24889 11 0 0
24906 22 0 0
24842 116 1 1
24920 29 0 0
24939 2 0 0
24897 26 0 0
24872 53 0 0
24878 48 0 0
24953 7 3 3
24911 20 1 1
24904 51 1 1
24959 0 1 1
24943 15 0 0
24827 121 1 1
24909 21 0 0
24910 38 2 2
24902 0 0 0
24806 89 1 1
24910 59 0 0
24934 11 0 0
24965 124 0 0
24952 25 0 0
24908 0 1 1
24660 285 1 1
24929 39 0 0
24913 32 1 1
24834 113 0 0
24989 7 0 0
24954 3 1 1
24940 37 2 2
24925 68 0 0
24863 75 0 0
24911 22 0 0
24951 0 1 1
24890 58 1 1
24806 156 1 1
24896 112 0 0
24819 97 1 1
24814 46 0 0
24932 19 0 0
24409 498 1 1
24907 40 0 0
24838 110 0 0
24951 6 1 1
24850 93 1 1
24906 7 0 0
24967 65 0 0
24943 24 2 2
24995 5 0 0
24929 56 7 7
24912 3 0 0
24907 56 2 2
24911 49 0 0
24876 84 0 0
24891 38 2 2
24964 1 0 0
25019 0 2 2
24904 15 0 0
24941 10 0 0
24927 8 0 0
24841 0 0 0
24880 52 0 0
24913 36 0 0
24975 0 0 0
24908 5 0 0
24960 25 0 0
24600 333 2 2
24929 3 0 0
24909 36 0 0
24933 16 1 1
24972 1 0 0
24930 8 0 0
25239 0 0 0
24848 82 1 1
24915 44 1 1
24763 155 1 1
24892 38 0 0
24922 23 1 1
24953 3 1 1
24925 48 0 0
24824 109 0 0
24920 14 0 0
24737 197 1 1
25105 2 1 1
24925 30 0 0
24808 125 1 1
24973 24 2 2
23500 1398 1 1
24926 14 2 2
24951 16 0 0
24889 43 0 0
24962 26 2 2
24897 49 1 1
24914 19 0 0
24941 40 0 0
24738 228 1 1
24956 4 2 2
24944 1 0 0
24991 149 0 0
24943 2 0 0
24910 30 1 1
24971 0 0 0
24757 201 1 1
24843 125 3 3
24934 16 0 0
24885 11 0 0
24897 44 0 0
24910 5 0 0
24878 84 0 0
24875 82 0 0
24907 64 0 0
24996 0 1 1
24884 64 1 1
24901 46 0 0
24888 22 0 0
25077 9 4 4
24383 536 2 2
24947 8 1 1
24938 0 2 2
24938 6 0 0
24905 81 2 2
24915 26 1 1
24755 182 0 0
24904 54 0 0
24843 161 1 1
24864 92 0 0
24815 136 0 0
24690 255 0 0
24905 30 0 0
24943 43 0 0
24794 143 0 0
24898 36 1 1
24909 41 1 1
24878 50 0 0
24957 17 1 1
24872 49 1 1
24906 58 0 0
24901 89 0 0
24900 62 0 0
24890 76 0 0
24885 43 0 0
24825 228 0 0
24730 221 0 0
24848 89 1 1
24848 84 1 1
24957 3 2 2
24698 297 1 1
24724 229 0 0
24797 183 0 0
24828 88 1 1
24909 65 0 0
24959 4 1 1
24823 151 0 0
24693 240 0 0
24965 1 1 1
24905 80 0 0
24866 73 0 0
24821 107 9 9
24984 81 0 0
24903 78 0 0
24888 98 0 0
24844 118 0 0
24920 43 1 1
24940 7 0 0
24908 29 1 1
24876 37 0 0
24909 46 0 0
24930 35 0 0
24943 16 0 0
24915 58 0 0
24795 136 1 1
24942 21 0 0
24947 1 0 0
24908 3 1 1
24980 0 0 0
24838 92 0 0
24920 19 2 2
24894 51 0 0
25142 12 6 6
24847 72 0 0
24922 16 0 0
24965 1 1 1
24859 81 0 0
24965 0 1 1
24952 1 0 0
24851 84 0 0
24872 68 2 2
24948 15 1 1
24919 30 0 0
24934 6 0 0
24937 3 0 0
24966 0 1 1
24880 74 0 0
24905 28 0 0
24837 72 0 0
24920 22 0 0
24850 129 0 0
24911 34 0 0
24942 3 0 0
24937 19 1 1
24858 63 0 0
24868 22 0 0
24906 25 0 0
24940 19 0 0
24826 120 0 0
24965 8 0 0
24904 37 1 1
24943 40 0 0
24935 15 0 0
24913 38 0 0
24942 35 0 0
24693 228 0 0
24950 29 0 0
24850 107 1 1
24861 60 0 0
24958 17 1 1
24925 27 0 0
24925 8 0 0
25083 0 0 0
24908 40 0 0
24951 4 0 0
24929 39 0 0
24932 31 0 0
24955 19 0 0
24962 31 2 2
24898 13 0 0
24892 29 0 0
24507 384 0 0
24924 14 0 0
24903 3 0 0
24869 0 1 1
24751 174 0 0
24940 47 0 0
24790 153 2 2
24912 57 0 0
24889 46 0 0
24952 2 0 0
24891 75 0 0
24892 32 0 0
24935 9 0 0
24894 27 1 1
24820 116 0 0
24916 11 0 0
24954 7 0 0
25049 77 1 1
24924 30 0 0
24903 42 1 1
24864 59 0 0
24819 102 1 1
24887 154 0 0
24924 52 1 1
24887 45 0 0
24947 5 0 0
24907 13 0 0
24911 124 0 0
24823 128 0 0
24957 31 1 1
24942 1 0 0
24933 5 0 0
24927 70 0 0
24832 109 0 0
24894 66 0 0
24829 130 0 0
24945 11 1 1
25030 5 0 0
24778 148 0 0
24818 110 1 1
24937 4 0 0
24898 42 1 1
24635 327 0 0
24988 15 0 0
24862 57 0 0
24755 155 0 0
24912 53 0 0
24873 78 0 0
24901 22 0 0
24883 67 0 0
24904 28 1 1
24858 101 0 0
24892 19 2 2
24862 47 0 0
24967 42 0 0
24921 8 1 1
24906 16 1 1
24842 116 0 0
24956 8 1 1
24851 71 0 0
24677 271 0 0
24805 160 0 0
24803 125 0 0
24976 3 0 0
24820 122 0 0
24930 34 1 1
24604 362 0 0
24597 319 0 0
24878 54 2 2
24867 27 0 0
24920 45 0 0
24706 247 1 1
24722 175 1 1
24750 217 0 0
24963 0 0 0
24958 0 0 0
24967 39 0 0
24991 34 2 2
24925 52 0 0
25139 5 0 0
24896 65 0 0
24893 49 1 1
24899 58 1 1
24768 184 0 0
24903 24 1 1
24908 150 0 0
24919 92 0 0
24914 32 2 2
24908 59 4 4
24865 70 1 1
24973 24 0 0
24880 59 0 0
25038 3 0 0
24872 119 1 1
25108 50 1 1
24758 176 0 0
24718 201 0 0
24963 7 0 0
24879 41 0 0
24908 68 1 1
24838 90 0 0
24868 90 0 0
24940 0 0 0
24864 84 0 0
24903 51 1 1
24840 111 0 0
24781 178 0 0
24962 111 0 0
24862 142 1 1
24879 56 0 0
24893 50 0 0
24923 122 2 2
24862 64 1 1
24840 78 0 0
24936 9 0 0
24776 156 1 1
24914 45 0 0
