24799 79 7 7
24349 333 2 2
24483 167 0 0
24501 175 0 0
24644 28 0 0
24611 42 0 0
24523 133 0 0
24693 2 0 0
24686 1 0 0
24663 0 0 0
24670 0 0 0
24631 48 0 0
24630 44 0 0
24660 6 0 0
24668 34 2 2
24601 35 0 0
24648 16 0 0
24515 150 0 0
24633 94 0 0
24577 44 0 0
24741 9 0 0
24677 21 0 0
24580 111 0 0
24659 70 0 0
24625 1 0 0
24647 8 2 2
24662 10 2 2
24544 97 0 0
24697 4 1 1
24609 67 0 0
24614 8 0 0
24692 2 0 0
24672 0 0 0
24665 24 1 1
24626 6 0 0
24594 51 0 0
24639 14 1 1
24654 6 0 0
24607 49 1 1
24640 32 0 0
24557 53 0 0
24661 3 0 0
24638 15 1 1
24649 12 0 0
24538 123 0 0
24694 13 0 0
24545 97 0 0
24657 23 1 1
24687 0 1 1
24573 69 1 1
24603 76 0 0
24655 26 0 0
24700 0 0 0
24593 57 0 0
24383 290 2 2
24622 32 0 0
24654 15 0 0
24602 65 0 0
24681 0 0 0
24672 44 0 0
24603 0 0 0
24577 106 0 0
24611 61 0 0
24591 94 0 0
24585 84 0 0
24626 27 1 1
24560 109 0 0
24610 48 2 2
24741 55 0 0
24584 80 1 1
24605 44 0 0
24645 32 1 1
24632 14 0 0
24567 92 1 1
24433 240 0 0
24637 52 0 0
24683 0 0 0
24673 11 0 0
24575 63 0 0
24616 45 0 0
24589 85 0 0
24694 15 4 4
24644 30 1 1
24416 233 1 1
24332 340 0 0
24644 54 1 1
24615 17 0 0
24608 55 1 1
24585 48 0 0
24643 36 0 0
24610 61 0 0
24599 53 0 0
24594 45 0 0
24660 14 0 0
24649 50 0 0
24609 64 0 0
24652 12 0 0
24711 0 0 0
24541 107 0 0
24541 86 1 1
24561 69 0 0
24623 13 0 0
24615 62 0 0
24550 127 0 0
24644 36 0 0
24610 49 3 3
24618 56 1 1
24445 192 0 0
24563 109 0 0
24668 4 0 0
24632 35 0 0
24483 193 0 0
24417 276 1 1
24466 61 1 1
24664 5 1 1
24648 23 1 1
24675 26 0 0
24526 196 1 1
24399 300 0 0
24406 268 1 1
24608 95 1 1
24838 0 1 1
24633 18 1 1
24694 5 1 1
24665 14 0 0
24695 0 0 0
24637 65 0 0
24506 166 0 0
24677 13 0 0
24605 76 1 1
24649 43 1 1
24646 36 0 0
24701 5 0 0
24658 13 0 0
24655 0 0 0
24641 55 0 0
24713 42 1 1
24579 69 0 0
24544 126 0 0
24432 229 0 0
24598 45 3 3
24526 91 0 0
24656 17 0 0
24648 27 0 0
24662 17 0 0
24645 16 0 0
24625 57 2 2
24595 70 0 0
24648 11 0 0
24670 3 2 2
24659 2 0 0
24465 207 0 0
24451 209 0 0
24665 10 2 2
24726 4 0 0
24683 0 3 3
24651 0 0 0
24627 40 0 0
24653 12 0 0
24597 72 0 0
24607 55 0 0
24679 4 0 0
24641 1 1 1
24696 0 0 0
24615 19 1 1
24496 138 1 1
24664 0 0 0
24650 0 0 0
24637 60 1 1
24662 27 1 1
24476 170 0 0
24543 118 0 0
24581 76 0 0
24673 0 0 0
24574 89 0 0
24532 96 0 0
24582 69 0 0
24598 32 0 0
24613 42 0 0
24685 7 0 0
24640 27 0 0
24708 0 0 0
24673 0 0 0
24655 14 1 1
24653 3 0 0
24388 306 2 2
24570 89 0 0
24581 43 0 0
24665 0 1 1
24645 26 0 0
24617 31 0 0
24603 64 0 0
24605 99 0 0
24656 42 1 1
24658 3 0 0
24688 4 1 1
24619 60 0 0
24679 5 0 0
24654 27 0 0
24714 7 0 0
24369 313 1 1
24637 36 0 0
24705 1 1 1
24673 40 1 1
24658 5 1 1
24588 57 0 0
24619 2 1 1
24620 63 0 0
24686 21 0 0
24576 73 1 1
24601 56 0 0
24685 0 1 1
24685 30 0 0
24585 78 0 0
24442 225 0 0
24698 5 0 0
24663 5 2 2
24481 151 0 0
24743 13 1 1
24655 13 1 1
24634 35 0 0
24659 4 0 0
24685 13 0 0
24650 34 0 0
24554 124 0 0
24588 73 1 1
24676 26 0 0
24626 31 1 1
24680 4 0 0
24704 9 0 0
24564 100 1 1
24548 130 0 0
24573 55 1 1
24656 3 0 0
24516 153 0 0
24594 86 0 0
24674 0 0 0
24649 11 0 0
24571 58 0 0
24584 62 1 1
24678 11 0 0
24683 16 1 1
24600 52 0 0
24335 362 1 1
24675 0 0 0
24582 83 0 0
24663 2 0 0
24630 17 0 0
24654 12 0 0
24665 16 0 0
24619 27 2 2
24653 35 0 0
24608 38 1 1
24526 164 0 0
24020 635 1 1
24660 11 1 1
24681 16 1 1
24686 5 1 1
24573 86 2 2
24634 26 0 0
24571 89 0 0
24613 6 0 0
24548 74 0 0
24646 7 0 0
24649 32 0 0
24612 40 0 0
24671 3 0 0
24606 65 0 0
24685 8 1 1
24588 86 0 0
24541 123 1 1
24667 4 0 0
24503 143 0 0
24655 7 2 2
24673 0 0 0
24608 54 0 0
24660 17 0 0
24599 112 0 0
24616 15 0 0
24617 59 1 1
24635 54 0 0
24627 29 0 0
24689 8 1 1
24578 52 0 0
24662 8 1 1
24657 29 0 0
24640 72 1 1
24864 19 0 0
24682 0 0 0
24658 4 1 1
24702 3 0 0
24482 162 0 0
24635 50 0 0
24413 236 0 0
24584 13 0 0
24658 5 1 1
24641 6 0 0
24587 78 1 1
24557 99 1 1
24642 16 2 2
24654 13 1 1
24493 255 0 0
24552 139 0 0
24326 366 0 0
24366 282 0 0
24694 5 0 0
24708 1 1 1
24688 4 0 0
24604 58 0 0
24652 33 0 0
24457 217 0 0
24593 41 0 0
24624 49 1 1
24625 45 0 0
24579 73 0 0
24618 29 0 0
24637 40 0 0
24695 3 0 0
24669 0 0 0
24678 0 1 1
24515 49 1 1
24598 48 1 1
24624 46 0 0
24610 19 0 0
24676 24 1 1
24571 76 0 0
24636 43 1 1
24619 71 1 1
24564 80 0 0
24674 0 0 0
24640 27 1 1
24643 22 1 1
24584 88 0 0
24623 37 0 0
24679 5 1 1
24643 31 0 0
24667 17 1 1
24505 135 0 0
24656 30 0 0
24636 43 1 1
24605 54 0 0
24675 1 0 0
24682 4 1 1
24499 119 0 0
24592 55 1 1
24584 123 0 0
24698 6 1 1
24666 8 1 1
24593 84 0 0
24631 37 0 0
24571 87 0 0
24585 71 0 0
24660 1 0 0
24659 15 0 0
24499 188 0 0
24643 49 0 0
24628 49 0 0
24641 38 1 1
24623 50 0 0
24584 84 0 0
24620 28 0 0
24451 189 0 0
24682 18 0 0
24683 3 1 1
24634 7 1 1
24642 18 0 0
24637 30 0 0
24669 3 0 0
24624 49 0 0
24635 19 0 0
24657 4 0 0
24589 83 0 0
24633 28 1 1
24653 6 1 1
24628 29 0 0
24593 38 0 0
24578 87 0 0
24587 61 0 0
24622 31 1 1
24672 20 0 0
24653 5 2 2
24520 157 0 0
24560 87 0 0
24554 174 1 1
24608 39 1 1
24635 35 0 0
24660 21 0 0
24632 36 0 0
24620 62 3 3
24646 10 0 0
24601 79 0 0
24637 28 0 0
24612 43 1 1
24643 19 0 0
24466 197 1 1
24524 134 0 0
24669 6 0 0
24601 43 0 0
24541 119 0 0
24582 65 0 0
24663 41 1 1
24588 64 0 0
24628 51 2 2
24563 99 0 0
24614 40 1 1
24559 140 2 2
24649 48 1 1
24513 201 0 0
24619 52 0 0
24559 91 0 0
24658 15 0 0
24616 27 0 0
24585 60 0 0
24659 12 0 0
24660 29 0 0
24572 73 0 0
24600 72 0 0
24669 41 0 0
24577 46 0 0
24585 47 0 0
24665 0 0 0
24650 29 2 2
24623 20 0 0
24598 104 0 0
24691 0 1 1
24721 11 0 0
24596 79 0 0
24563 59 0 0
24668 15 0 0
24602 67 0 0
24629 3 0 0
24598 51 0 0
24541 76 0 0
24695 7 4 4
24590 85 0 0
24579 79 0 0
24684 7 1 1
24617 31 0 0
24695 2 2 2
24662 4 4 4
24641 6 0 0
24628 0 0 0
24663 31 2 2
24614 85 1 1
24612 15 0 0
24690 18 0 0
24457 177 0 0
24533 112 1 1
24460 218 2 2
24448 210 0 0
24577 91 0 0
24575 60 1 1
24612 26 0 0
24677 5 0 0
24438 229 0 0
24497 174 2 2
24661 27 0 0
24573 99 0 0
24628 37 0 0
24634 18 0 0
24584 59 0 0
24668 41 0 0
24505 142 0 0
24568 43 0 0
24606 73 2 2
24615 37 1 1
24628 37 0 0
24623 43 0 0
24556 123 0 0
24664 1 3 3
24633 28 1 1
24632 34 0 0
24569 92 0 0
24602 89 1 1
24642 23 0 0
24615 24 0 0
24684 7 0 0
24607 36 1 1
24719 0 1 1
24665 26 1 1
24639 11 0 0
24665 0 0 0
24607 73 0 0
24660 20 0 0
24521 169 1 1
24679 5 0 0
24602 39 0 0
24631 47 1 1
24583 73 0 0
24611 57 0 0
24635 20 0 0
24636 60 1 1
24666 3 1 1
24636 38 0 0
24672 0 0 0
24644 61 0 0
24360 295 2 2
24625 14 0 0
24634 6 0 0
24499 193 1 1
24540 171 0 0
24628 53 0 0
24668 23 0 0
24659 6 1 1
24426 247 3 3
24602 32 0 0
24609 51 0 0
24696 17 0 0
24578 65 0 0
24639 5 1 1
24626 61 0 0
24556 106 0 0
24671 15 0 0
24636 46 0 0
24608 91 1 1
24678 0 0 0
24626 20 0 0
24527 96 0 0
24703 0 2 2
24663 15 0 0
24684 34 0 0
24512 105 0 0
24641 30 2 2
24571 107 0 0
24644 15 0 0
24659 6 0 0
24669 25 0 0
24590 68 0 0
24552 113 0 0
24617 57 1 1
24657 18 0 0
24666 3 0 0
24630 2 0 0
24279 420 0 0
24627 54 0 0
24641 40 0 0
24637 8 0 0
24670 11 0 0
24696 28 0 0
24680 9 0 0
24497 152 0 0
24667 7 1 1
24647 15 0 0
24517 130 0 0
24465 180 0 0
24668 16 0 0
24716 33 0 0
24671 11 1 1
24658 0 0 0
24388 280 0 0
24416 249 0 0
24460 176 0 0
24663 32 2 2
24656 14 0 0
24614 28 0 0
24428 218 0 0
24442 189 1 1
24622 117 0 0
24631 52 0 0
24677 0 3 3
24690 6 0 0
24630 30 1 1
24601 77 2 2
24639 7 1 1
24713 4 0 0
24657 4 1 1
24648 32 1 1
24605 60 0 0
24596 84 0 0
24634 26 1 1
24643 2 0 0
24657 13 0 0
24612 52 2 2
24563 134 3 3
24612 49 0 0
24650 23 0 0
24705 6 1 1
24689 14 2 2
24653 29 0 0
24579 54 1 1
24600 31 0 0
24632 14 1 1
24668 0 0 0
24680 3 0 0
24631 11 0 0
24663 26 0 0
24662 25 0 0
24646 26 0 0
24640 10 0 0
24653 7 0 0
24689 14 1 1
24581 95 0 0
24703 0 1 1
24133 530 0 0
24502 157 0 0
24503 161 0 0
24452 218 0 0
24606 54 0 0
24665 4 1 1
24667 9 0 0
24540 104 0 0
24597 63 0 0
24672 32 1 1
24506 128 0 0
24678 6 1 1
24682 6 0 0
24491 160 0 0
24634 37 1 1
24605 46 0 0
24675 0 0 0
24609 60 0 0
24644 26 0 0
24522 124 1 1
24573 69 0 0
24689 9 1 1
24680 0 1 1
24641 17 1 1
24469 187 2 2
24522 160 0 0
24669 22 0 0
24614 48 0 0
24678 5 0 0
24647 0 0 0
24644 27 0 0
24635 11 0 0
24618 6 0 0
24631 23 2 2
24674 0 0 0
24471 188 0 0
24628 51 1 1
24650 11 0 0
24597 71 1 1
24689 0 2 2
24660 16 0 0
24500 179 1 1
24465 203 1 1
24673 26 1 1
24607 26 0 0
23855 801 0 0
24693 2 1 1
24601 84 0 0
24572 72 0 0
24597 45 0 0
24678 0 0 0
24660 9 1 1
24602 80 2 2
24640 1 1 1
24644 31 0 0
24656 35 0 0
24628 74 0 0
24598 47 0 0
24614 57 1 1
24683 27 0 0
24598 77 0 0
24655 1 0 0
24676 5 0 0
24663 9 0 0
24660 14 0 0
24578 118 0 0
24662 20 1 1
24628 6 0 0
24640 25 0 0
24598 45 0 0
24609 44 0 0
24646 8 0 0
24606 16 0 0
24663 51 0 0
24659 0 0 0
24668 28 0 0
24558 122 2 2
24631 23 0 0
24613 40 1 1
24646 0 0 0
24558 72 0 0
24608 52 0 0
24674 10 0 0
24544 121 1 1
24668 22 0 0
24715 0 0 0
24417 261 2 2
24656 48 0 0
24658 39 1 1
24553 108 0 0
24677 7 1 1
24671 0 0 0
24673 39 1 1
24680 71 0 0
24602 66 0 0
24660 12 0 0
24677 2 0 0
24647 39 0 0
24529 148 1 1
24554 107 0 0
24567 95 1 1
24568 53 1 1
24680 10 3 3
24462 181 1 1
24633 43 0 0
24556 120 0 0
24627 7 1 1
24588 97 0 0
24629 8 0 0
24583 59 1 1
24663 16 0 0
24684 0 0 0
24641 55 0 0
24670 3 0 0
24639 43 1 1
24642 49 0 0
24630 92 0 0
24627 41 0 0
24684 0 0 0
24677 0 1 1
24629 14 0 0
24698 7 0 0
24665 9 0 0
24670 0 1 1
24607 50 0 0
24630 34 0 0
24684 0 0 0
24635 5 0 0
24633 31 0 0
24339 336 0 0
24699 4 0 0
24581 51 1 1
24627 14 0 0
24678 1 1 1
24692 0 2 2
24700 2 0 0
24599 83 0 0
24624 33 2 2
24482 159 0 0
24641 40 0 0
24642 23 1 1
24659 20 1 1
24704 3 1 1
24561 109 1 1
24646 3 0 0
24457 212 0 0
24824 4 1 1
24660 27 1 1
24503 110 1 1
24694 25 0 0
23582 1035 0 0
24646 12 3 3
24698 0 1 1
24616 44 0 0
24662 24 0 0
24638 41 0 0
24649 19 0 0
24627 27 0 0
24446 219 0 0
24657 6 0 0
24690 2 0 0
24544 134 0 0
24672 0 0 0
24643 24 0 0
24648 0 1 1
24480 197 0 0
24547 119 2 2
24675 12 1 1
24632 21 0 0
24606 49 0 0
24645 2 0 0
24599 85 0 0
24621 85 0 0
24605 66 0 0
24675 0 0 0
24586 51 0 0
24636 45 0 0
24638 17 0 0
24647 8 0 0
24476 181 0 0
24689 8 1 1
24677 0 1 1
24659 7 0 0
24582 81 0 0
24628 40 0 0
24468 194 0 0
24652 41 0 0
24505 177 1 1
24565 96 2 2
24531 132 0 0
24419 252 0 0
24644 11 1 1
24643 38 1 1
24528 109 0 0
24667 33 0 0
24592 55 0 0
24611 52 0 0
24641 12 1 1
24598 47 0 0
24642 57 0 0
24623 69 0 0
24636 57 1 1
24642 72 1 1
24668 2 1 1
24437 215 0 0
24461 216 0 0
24611 74 0 0
24597 88 0 0
24680 2 1 1
24391 290 1 1
24464 224 2 2
24511 185 0 0
24547 100 0 0
24647 72 0 0
24643 2 0 0
24533 148 0 0
24424 242 0 0
24661 0 1 1
24633 73 1 1
24598 71 0 0
24531 103 0 0
24537 75 0 0
24625 76 1 1
24565 95 0 0
24583 118 0 0
24662 43 0 0
24653 8 0 0
24656 37 0 0
24593 40 1 1
24636 48 0 0
24620 33 1 1
24642 20 2 2
24643 63 0 0
24505 85 0 0
24669 31 1 1
24662 2 0 0
24631 6 0 0
24703 0 0 0
24583 95 0 0
24669 10 0 0
24614 53 0 0
24692 13 1 1
24603 68 0 0
24653 7 0 0
24702 0 1 1
24590 82 1 1
24646 1 0 0
24635 0 0 0
24600 71 1 1
24595 65 1 1
24665 14 0 0
24657 20 0 0
24662 0 0 0
24650 5 0 0
24662 0 0 0
24637 75 1 1
24656 25 0 0
24548 78 0 0
24664 21 1 1
24558 128 0 0
24605 31 0 0
24680 3 0 0
24666 19 0 0
24606 59 0 0
24632 23 2 2
24629 30 1 1
24623 20 0 0
24517 137 0 0
24651 14 0 0
24626 41 0 0
24644 39 1 1
24663 3 0 0
24584 46 1 1
24653 31 3 3
24423 227 1 1
24690 33 0 0
24559 97 2 2
24603 53 0 0
24671 19 0 0
24641 21 0 0
24652 3 0 0
24664 0 0 0
24662 43 0 0
24639 40 1 1
24670 34 0 0
24680 45 0 0
24655 20 0 0
24643 36 0 0
24641 10 0 0
24641 31 1 1
24212 427 0 0
24676 12 0 0
24624 2 0 0
24654 0 1 1
24491 171 0 0
24637 47 0 0
24519 154 1 1
24574 51 1 1
24632 72 0 0
24657 0 0 0
24620 62 0 0
24641 35 0 0
24655 6 0 0
24642 25 0 0
24552 115 0 0
24654 27 2 2
24682 7 0 0
24626 58 0 0
24682 33 0 0
24617 40 1 1
24617 57 0 0
24579 98 0 0
24562 149 0 0
24673 41 0 0
24624 46 0 0
24708 0 0 0
24641 13 0 0
24573 118 0 0
24555 125 0 0
24662 11 0 0
24687 2 0 0
24665 2 0 0
24656 69 0 0
24578 106 0 0
24597 53 1 1
24531 126 0 0
24631 5 0 0
24721 2 0 0
24510 141 0 0
24535 108 2 2
24658 3 0 0
24601 49 3 3
24325 341 0 0
24685 5 0 0
24569 58 0 0
24489 137 1 1
24630 54 0 0
24565 82 0 0
24630 22 0 0
24662 8 0 0
24645 24 2 2
24613 88 2 2
24613 14 2 2
24579 50 0 0
24643 42 0 0
24660 5 1 1
24667 15 0 0
24586 110 0 0
24664 12 4 4
24546 72 0 0
24478 240 0 0
24549 160 0 0
24544 125 0 0
24701 0 0 0
24529 121 0 0
24625 36 0 0
24317 329 0 0
24333 312 0 0
24605 44 0 0
24601 20 0 0
24648 43 0 0
24391 264 0 0
24476 176 0 0
24431 216 0 0
24706 4 0 0
24681 2 1 1
24648 32 1 1
24644 34 1 1
24626 46 0 0
24636 5 0 0
24632 65 0 0
24637 21 0 0
24651 52 1 1
24504 137 0 0
24654 28 0 0
24638 159 0 0
24574 88 0 0
24665 37 1 1
24614 62 1 1
24574 75 0 0
24653 22 0 0
24600 63 0 0
24671 7 1 1
24563 127 0 0
24651 48 1 1
24439 191 0 0
24490 171 1 1
24657 4 0 0
24614 53 0 0
24621 45 0 0
24572 74 1 1
24647 77 2 2
24678 2 1 1
24591 86 0 0
24612 68 1 1
24592 105 1 1
24581 150 0 0
24668 92 1 1
24563 145 0 0
24591 59 0 0
24619 34 0 0
24528 122 1 1
24571 67 1 1
24591 77 0 0
24651 7 0 0
24513 145 0 0
24630 43 0 0
