36337 637 15 15
25200 242 0 0
24094 566 0 0
24223 440 0 0
24119 688 0 0
23994 793 0 0
24238 528 0 0
24084 725 0 0
23891 788 0 0
24775 15 1 1
24730 15 1 1
24673 87 0 0
24578 114 0 0
24697 22 0 0
24759 29 0 0
24775 37 0 0
24479 285 1 1
24733 60 1 1
24719 52 0 0
24677 115 0 0
24622 139 1 1
24750 14 0 0
24602 107 0 0
24631 141 0 0
24696 35 0 0
24708 19 0 0
24633 134 0 0
24700 43 0 0
24663 65 1 1
24661 100 1 1
24716 167 1 1
24653 80 0 0
24771 3 0 0
24757 4 0 0
24734 39 0 0
24717 34 0 0
24741 81 0 0
24703 54 0 0
24751 21 1 1
24774 6 0 0
24661 43 0 0
24583 162 0 0
24689 88 0 0
24812 22 0 0
24760 11 0 0
24613 90 1 1
24787 1 0 0
24707 24 0 0
24755 12 0 0
24771 7 0 0
24757 16 0 0
24669 60 1 1
24743 12 1 1
24575 145 0 0
24765 12 0 0
24794 5 1 1
24699 21 0 0
24763 18 1 1
24050 694 0 0
24446 333 0 0
24688 42 0 0
24703 41 0 0
24682 10 0 0
24547 185 0 0
24734 14 0 0
24637 103 0 0
24704 48 0 0
24774 7 1 1
24748 0 1 1
24759 3 1 1
24736 51 0 0
24695 73 0 0
24624 152 0 0
24783 12 0 0
24664 98 0 0
24681 63 0 0
24683 60 0 0
24678 95 0 0
24762 44 0 0
24743 19 0 0
24615 120 0 0
24747 9 0 0
24565 197 0 0
24721 30 0 0
24614 107 1 1
24751 15 0 0
24705 18 1 1
24692 45 0 0
24560 258 0 0
24730 11 0 0
24696 44 0 0
24725 47 1 1
24733 9 1 1
24788 14 0 0
24602 97 0 0
24685 10 0 0
24724 39 0 0
24653 32 1 1
24745 11 2 2
24723 17 2 2
24598 122 0 0
24668 18 0 0
24300 465 0 0
24742 21 0 0
24724 27 0 0
24709 68 0 0
24748 63 0 0
24624 119 0 0
24669 98 0 0
24706 64 0 0
24776 26 0 0
24689 52 0 0
24681 97 0 0
24698 59 1 1
24684 65 1 1
24688 84 0 0
24700 76 0 0
24680 43 0 0
24697 81 0 0
24627 76 1 1
24796 0 0 0
24608 136 0 0
24622 59 0 0
24739 29 0 0
24674 77 0 0
24692 87 1 1
24649 127 2 2
24745 23 0 0
24756 36 0 0
24795 2 0 0
24754 35 0 0
24599 199 1 1
24663 108 0 0
24706 70 0 0
24670 67 0 0
24579 212 0 0
24680 35 0 0
24232 510 0 0
24606 125 0 0
24646 109 0 0
24675 61 0 0
24672 2 0 0
24745 17 0 0
24691 103 1 1
24691 75 1 1
24618 128 0 0
24752 15 1 1
24769 45 0 0
24733 16 0 0
24688 68 0 0
24681 72 0 0
24697 37 0 0
24608 99 0 0
24670 6 0 0
24679 52 0 0
24623 139 0 0
24676 72 0 0
24755 25 1 1
24736 32 1 1
24694 48 0 0
24741 3 3 3
24610 132 0 0
24668 75 0 0
24719 40 0 0
24651 60 0 0
24739 8 0 0
24660 100 1 1
24651 242 2 2
24715 43 0 0
24746 25 1 1
24733 44 0 0
24665 52 0 0
24612 138 0 0
24701 0 1 1
24726 60 0 0
24731 60 0 0
24731 45 1 1
24611 148 1 1
24719 26 0 0
24697 35 0 0
24633 93 0 0
24666 59 0 0
24636 96 0 0
24741 11 1 1
24513 263 0 0
24774 5 0 0
24761 21 1 1
24745 5 0 0
24720 3 0 0
24738 22 1 1
24721 76 1 1
24712 42 0 0
24686 78 0 0
24799 7 0 0
24752 2 1 1
24769 25 0 0
24731 55 1 1
24591 216 1 1
24781 16 0 0
24747 3 2 2
24771 16 1 1
24739 22 0 0
24652 99 0 0
24716 54 0 0
24711 38 0 0
24779 15 0 0
24666 68 0 0
24720 36 0 0
24723 66 1 1
24766 3 2 2
24702 56 0 0
24701 36 0 0
24686 58 0 0
24647 22 0 0
24751 42 0 0
24712 17 0 0
24761 39 2 2
24753 22 0 0
24765 9 0 0
24766 0 0 0
24699 42 0 0
24779 26 1 1
24655 65 0 0
24784 4 0 0
24733 15 0 0
24687 91 1 1
24726 31 2 2
24565 186 0 0
24751 5 0 0
24627 97 0 0
24664 41 0 0
24628 106 0 0
24677 128 0 0
24739 46 0 0
24635 88 0 0
24766 5 0 0
24757 26 1 1
24746 47 0 0
24741 18 0 0
24651 78 0 0
24779 29 0 0
24636 66 0 0
24763 50 0 0
24520 239 0 0
24441 271 0 0
24695 69 0 0
24687 53 0 0
24714 27 0 0
24692 14 0 0
24693 65 0 0
24712 33 0 0
24722 29 0 0
24753 41 0 0
24726 5 0 0
24770 47 1 1
24714 22 0 0
24637 69 1 1
24682 50 1 1
24724 4 2 2
24728 42 0 0
24726 10 0 0
24659 72 0 0
24651 196 0 0
24761 11 0 0
24695 21 2 2
24715 52 0 0
24770 28 0 0
24765 38 0 0
24707 70 0 0
24746 12 0 0
24687 98 0 0
24845 85 0 0
24667 52 0 0
24689 58 0 0
24644 124 0 0
24740 15 0 0
24693 95 0 0
24812 0 0 0
24734 31 1 1
24665 55 0 0
24974 33 9 9
24688 45 0 0
24567 180 1 1
24738 17 0 0
24663 20 0 0
24683 73 1 1
24584 206 0 0
24781 9 0 0
24618 108 1 1
24523 309 0 0
24708 91 0 0
24717 40 0 0
24686 110 0 0
24664 61 0 0
24760 0 0 0
24756 6 0 0
24683 41 2 2
24621 111 0 0
24710 12 1 1
24641 79 0 0
24639 102 0 0
24640 116 1 1
24684 73 0 0
24605 132 0 0
24714 15 0 0
24723 48 1 1
24675 76 1 1
24766 14 1 1
24579 179 2 2
24465 276 0 0
24773 37 0 0
24631 101 0 0
24761 0 1 1
24722 36 0 0
24549 192 0 0
24628 86 1 1
24086 639 0 0
24711 81 0 0
24465 306 1 1
24670 57 1 1
24707 60 2 2
24720 46 1 1
24642 90 0 0
24755 18 0 0
24631 142 0 0
24799 5 0 0
24744 26 0 0
24668 75 0 0
24706 23 0 0
24594 197 0 0
24682 115 0 0
24751 12 0 0
24643 96 0 0
24725 17 0 0
24668 28 0 0
24720 35 1 1
24658 78 1 1
24772 67 0 0
24707 59 1 1
24734 29 0 0
24692 52 1 1
24697 11 0 0
24316 434 1 1
24721 50 1 1
24509 258 0 0
24526 207 0 0
24571 126 0 0
24720 42 1 1
24698 39 0 0
24728 33 0 0
24602 205 0 0
24594 174 0 0
24706 19 0 0
24754 70 0 0
24754 19 0 0
24579 177 0 0
24396 285 0 0
24507 258 0 0
24728 29 0 0
24736 15 0 0
24292 453 0 0
24535 197 2 2
24587 136 0 0
24648 89 0 0
24760 17 0 0
24662 87 0 0
24771 56 1 1
24721 32 0 0
24693 37 0 0
24748 37 1 1
24770 85 0 0
24690 63 0 0
24743 33 1 1
24734 11 0 0
24740 154 0 0
24474 295 0 0
24744 29 0 0
24701 21 0 0
24666 19 1 1
24770 6 0 0
24749 6 0 0
24756 9 0 0
24754 1 1 1
24599 135 0 0
24761 3 0 0
24761 38 1 1
24770 9 1 1
24776 21 0 0
24749 0 1 1
24729 14 1 1
24766 41 0 0
24521 201 0 0
24681 53 0 0
24751 35 0 0
24678 34 0 0
24745 23 1 1
24748 8 0 0
24740 25 0 0
24705 49 0 0
24687 77 0 0
24740 53 0 0
24777 23 0 0
24730 8 0 0
24682 47 1 1
24743 7 1 1
24739 15 0 0
24764 0 0 0
24775 4 0 0
24702 58 1 1
24712 36 0 0
24704 66 0 0
24745 19 0 0
24797 6 0 0
24759 26 0 0
24620 138 0 0
24356 369 0 0
24549 148 0 0
24719 23 2 2
24777 0 0 0
24714 31 0 0
24652 60 2 2
24729 33 0 0
24634 118 0 0
24660 83 1 1
24722 28 0 0
24725 24 0 0
24679 46 1 1
24624 129 0 0
24671 81 0 0
24751 56 0 0
24727 15 0 0
24720 22 1 1
24546 236 0 0
24776 4 2 2
24713 41 1 1
24659 73 0 0
24737 21 1 1
24732 2 2 2
24770 2 1 1
24611 154 0 0
24801 1 0 0
24736 41 0 0
24688 68 0 0
24778 31 0 0
24752 10 0 0
24665 64 0 0
24675 187 0 0
24664 98 0 0
24771 15 0 0
24772 0 1 1
24717 24 1 1
24748 14 0 0
24649 120 0 0
24662 52 0 0
24763 0 0 0
24697 50 1 1
24789 0 1 1
24777 6 0 0
24683 59 0 0
24704 39 0 0
24634 106 0 0
24753 29 6 6
24802 0 1 1
24692 33 0 0
24588 167 0 0
24627 65 0 0
24708 29 1 1
24722 45 0 0
24751 22 0 0
24685 119 0 0
24718 26 0 0
24565 164 0 0
24788 4 0 0
24675 24 0 0
24656 92 0 0
24697 117 0 0
24778 30 1 1
24699 37 1 1
24764 35 0 0
24654 87 0 0
24746 86 2 2
24632 82 0 0
24617 153 1 1
24687 65 0 0
24707 31 1 1
24778 2 0 0
24759 12 0 0
24640 120 0 0
24684 107 0 0
24719 51 0 0
24699 0 0 0
24696 21 0 0
24729 35 0 0
24514 220 0 0
24578 170 0 0
24773 32 0 0
24704 30 0 0
24760 8 0 0
24790 0 1 1
24657 127 0 0
24642 88 0 0
24764 60 1 1
24748 18 0 0
24753 6 0 0
24605 67 0 0
24607 130 0 0
24599 137 0 0
24661 96 1 1
24693 29 1 1
24706 29 0 0
24707 47 0 0
24704 49 0 0
24748 51 0 0
24647 118 0 0
24696 51 0 0
24826 0 2 2
24801 10 1 1
24520 212 2 2
24629 49 0 0
24687 55 1 1
24649 101 0 0
24754 14 2 2
24730 19 0 0
24615 63 0 0
24708 99 1 1
24698 38 0 0
24689 51 0 0
24771 7 1 1
24686 24 1 1
24712 105 1 1
24747 23 0 0
24675 113 0 0
24698 56 0 0
24811 7 0 0
24734 3 0 0
24725 58 1 1
24597 142 1 1
24714 59 2 2
24688 82 0 0
24765 23 0 0
24743 0 0 0
24673 68 1 1
24680 111 0 0
24616 133 1 1
24767 10 0 0
24696 22 0 0
24771 22 1 1
24144 603 0 0
24692 108 1 1
24639 100 0 0
24743 19 0 0
24732 19 0 0
24777 2 2 2
24713 61 0 0
24780 43 0 0
24698 67 0 0
24738 10 1 1
24678 76 0 0
24728 45 0 0
24444 355 0 0
24761 12 2 2
24715 29 0 0
24725 1 1 1
24745 1 0 0
24780 2 0 0
24626 79 0 0
24636 131 0 0
24671 72 1 1
24744 42 1 1
24615 84 0 0
24753 3 1 1
24677 117 0 0
24710 57 0 0
24777 12 0 0
24878 47 0 0
24704 84 0 0
24788 13 2 2
24545 213 0 0
24507 250 1 1
24698 49 0 0
24719 40 0 0
24761 0 0 0
24717 28 1 1
24532 205 1 1
24409 345 0 0
24566 158 0 0
24661 114 0 0
24731 6 0 0
24785 29 1 1
24731 96 0 0
24321 460 0 0
24804 17 0 0
24665 154 0 0
24649 101 0 0
24815 0 0 0
24724 66 0 0
24653 76 0 0
24682 27 0 0
24701 42 0 0
24763 10 0 0
24655 110 0 0
24700 112 1 1
24618 76 0 0
24716 5 0 0
24586 170 0 0
24731 33 2 2
24702 55 0 0
24692 44 0 0
24787 17 0 0
24761 31 0 0
24727 56 0 0
24786 8 2 2
24679 51 0 0
24736 23 1 1
24763 10 0 0
24555 144 0 0
24643 110 0 0
24756 33 0 0
24690 61 0 0
24721 42 0 0
24659 29 0 0
24564 226 1 1
24800 37 0 0
24776 10 2 2
24719 12 0 0
24702 58 2 2
24628 69 1 1
24682 56 0 0
24635 102 2 2
24766 4 1 1
24605 128 1 1
24445 323 0 0
24713 50 1 1
24698 34 0 0
24702 104 0 0
24764 15 0 0
24705 59 1 1
24669 61 0 0
24606 104 0 0
24786 27 0 0
24676 37 0 0
24797 2 0 0
24707 39 0 0
24569 108 0 0
24714 17 0 0
24761 9 1 1
24719 79 1 1
24784 20 1 1
24475 234 0 0
24629 220 0 0
24637 55 0 0
24734 98 0 0
24715 22 1 1
24767 13 0 0
24702 64 0 0
24689 122 2 2
24767 26 0 0
24609 148 1 1
24740 9 1 1
24702 15 0 0
24466 287 0 0
24723 61 1 1
24790 18 0 0
24570 154 0 0
24565 240 0 0
24677 25 0 0
24690 68 0 0
24639 69 0 0
24691 24 0 0
24604 163 0 0
24769 25 0 0
24647 79 0 0
24733 62 2 2
24631 94 0 0
24649 40 0 0
24558 206 0 0
24769 4 0 0
24776 7 1 1
24632 108 0 0
24667 68 1 1
24641 67 0 0
24742 16 0 0
24762 18 0 0
24717 13 1 1
24631 72 0 0
24717 18 0 0
24615 141 0 0
24806 0 3 3
24730 27 1 1
24791 3 0 0
24458 263 0 0
24586 206 0 0
24739 63 0 0
24582 151 1 1
24738 0 0 0
24770 5 0 0
24631 185 0 0
24529 197 0 0
24676 44 0 0
24807 3 1 1
24694 105 1 1
24572 147 0 0
24508 233 1 1
24095 614 0 0
24621 137 0 0
24722 85 1 1
24667 89 0 0
24601 124 0 0
24746 30 0 0
24691 40 0 0
24689 101 0 0
24629 124 0 0
24653 81 1 1
24682 15 0 0
24444 310 1 1
24474 259 0 0
24767 15 0 0
24564 157 0 0
24728 15 0 0
24727 21 1 1
24726 59 0 0
24621 94 1 1
24771 0 0 0
24652 110 0 0
24665 83 0 0
24526 233 0 0
24602 165 1 1
24582 185 0 0
24812 53 2 2
24660 107 0 0
24586 173 0 0
24694 22 1 1
24539 297 0 0
24755 14 0 0
24702 20 1 1
24645 68 0 0
24687 58 0 0
24722 9 1 1
24677 58 0 0
24687 77 0 0
24710 25 0 0
24577 159 0 0
24711 54 1 1
24667 85 0 0
24760 0 0 0
24734 39 0 0
24822 14 0 0
24584 122 0 0
24677 90 1 1
24623 127 0 0
24537 259 0 0
24702 56 0 0
24718 2 0 0
24689 63 1 1
24704 65 0 0
24736 15 0 0
24691 101 0 0
24570 162 1 1
24707 2 1 1
24719 106 0 0
24537 169 1 1
24748 18 1 1
24726 9 2 2
24694 68 0 0
24752 28 2 2
24690 73 0 0
24720 41 0 0
24777 20 0 0
24693 57 0 0
24654 78 1 1
24624 74 0 0
24657 84 0 0
24710 58 0 0
24681 38 0 0
24675 68 0 0
24799 20 0 0
24494 236 0 0
24783 2 1 1
24757 9 1 1
24588 187 2 2
24716 78 0 0
24751 114 0 0
24744 29 0 0
24694 45 0 0
24766 9 0 0
24801 9 2 2
24642 157 0 0
24821 32 0 0
24760 7 1 1
24741 4 1 1
24677 88 0 0
24498 240 2 2
24553 182 0 0
24609 117 0 0
24740 4 0 0
24687 36 0 0
24741 7 0 0
24589 169 2 2
24527 237 0 0
24763 10 0 0
24728 19 0 0
24775 7 1 1
24770 8 0 0
24615 162 0 0
24511 193 0 0
24651 93 0 0
24731 20 0 0
24730 4 0 0
24716 54 0 0
24686 65 0 0
24611 127 2 2
24719 52 0 0
24646 126 0 0
24710 53 0 0
24784 8 0 0
24709 42 2 2
24683 60 1 1
24701 25 0 0
24743 1 0 0
24415 347 0 0
24777 10 0 0
24574 135 0 0
24672 114 2 2
24812 1 0 0
24696 77 0 0
24669 75 0 0
24750 2 2 2
24787 43 0 0
24605 109 0 0
24610 188 0 0
24706 23 0 0
24694 17 0 0
24737 45 2 2
24747 41 0 0
24725 13 0 0
24613 159 0 0
24662 83 1 1
24691 52 0 0
24657 78 0 0
24654 113 0 0
24747 50 0 0
24652 129 0 0
24768 17 0 0
24783 20 0 0
24704 71 0 0
24660 92 0 0
24635 74 0 0
24737 19 1 1
24713 21 0 0
24637 74 0 0
24742 4 0 0
24578 135 0 0
24522 189 0 0
24693 28 0 0
24747 11 0 0
24782 11 0 0
24765 22 0 0
24651 69 0 0
24695 67 0 0
24649 63 0 0
24810 7 3 3
24713 10 0 0
24309 438 1 1
24557 181 0 0
24702 48 0 0
24672 86 1 1
24770 0 2 2
24738 10 0 0
24744 12 3 3
24629 128 0 0
24718 46 0 0
24368 372 0 0
24793 106 0 0
24754 0 0 0
24722 29 2 2
24653 120 0 0
24227 559 2 2
24715 89 1 1
24694 51 0 0
24762 45 0 0
24745 25 0 0
24706 84 0 0
24765 72 0 0
24636 74 0 0
24716 12 3 3
24743 28 0 0
24743 0 0 0
24759 20 1 1
24729 57 0 0
24797 8 1 1
24737 13 1 1
24696 9 1 1
24806 1 1 1
24710 74 0 0
24516 265 0 0
24747 31 0 0
24611 108 0 0
24724 24 0 0
24788 8 0 0
24666 110 0 0
24810 24 0 0
24732 38 1 1
24734 32 1 1
24782 1 2 2
24780 3 0 0
23962 760 2 2
24673 50 0 0
24698 24 0 0
24763 15 2 2
24697 15 0 0
24746 11 0 0
24774 9 0 0
24712 40 0 0
24751 22 0 0
24685 37 0 0
24725 43 0 0
24762 21 0 0
24718 77 1 1
24740 23 1 1
24751 34 1 1
24457 312 0 0
24722 22 0 0
24756 25 0 0
24598 174 0 0
24448 259 0 0
24750 61 0 0
24686 3 0 0
24746 16 1 1
24718 55 0 0
24632 92 1 1
24630 109 1 1
24624 112 0 0
24783 9 0 0
24729 19 0 0
24762 6 0 0
24762 16 0 0
24701 37 0 0
24566 175 0 0
24588 100 0 0
24703 79 1 1
24686 56 1 1
24680 79 0 0
24627 97 0 0
24626 123 0 0
24702 115 0 0
24653 82 3 3
24668 38 0 0
24726 37 0 0
24663 111 0 0
24666 69 1 1
24680 26 0 0
24737 35 0 0
24695 36 0 0
24720 14 0 0
24725 11 0 0
24634 63 0 0
24632 129 0 0
24769 19 2 2
24662 69 0 0
24625 83 0 0
24737 30 0 0
24756 15 0 0
24699 59 1 1
24641 98 0 0
24560 177 0 0
24605 194 1 1
24598 184 0 0
24668 55 0 0
24730 15 2 2
24727 20 0 0
24601 193 1 1
24427 250 0 0
24523 247 0 0
24578 207 0 0
24564 226 0 0
24773 18 0 0
24645 153 1 1
24277 520 0 0
24647 131 0 0
24639 78 0 0
24590 165 2 2
24765 58 0 0
24628 45 0 0
24599 157 0 0
24691 74 0 0
24712 75 1 1
24548 165 0 0
24623 105 0 0
24830 43 1 1
24280 518 0 0
24669 134 0 0
24695 102 1 1
24736 61 1 1
24761 18 0 0
24705 21 0 0
24674 94 1 1
24655 114 1 1
24551 148 0 0
24721 42 1 1
24688 61 2 2
