37860 909 63 63
26876 1989 72 72
24588 549 0 0
24681 523 0 0
24502 678 0 0
24412 777 0 0
24655 543 0 0
24547 865 0 0
23784 1327 0 0
25173 24 0 0
25112 12 0 0
25074 129 0 0
24951 117 0 0
25195 26 0 0
25155 10 0 0
25143 50 0 0
24843 287 0 0
25077 65 2 2
25098 31 0 0
25092 128 0 0
25014 112 0 0
25095 22 0 0
24961 121 0 0
24991 146 0 0
25102 33 0 0
25091 27 0 0
24968 150 0 0
25108 40 0 0
25045 60 0 0
25038 94 0 0
25101 167 0 0
25053 84 0 0
25143 3 0 0
25091 20 0 0
25119 60 0 0
25119 28 0 0
25136 103 0 0
25094 41 0 0
25138 23 0 0
25145 8 0 0
25071 73 0 0
24951 171 0 0
25089 91 0 0
25307 22 0 0
25152 23 0 0
24996 91 0 0
25175 3 1 1
25126 40 1 1
25187 10 0 0
25193 6 0 0
25049 15 0 0
25061 65 0 0
25129 13 0 0
25066 139 1 1
25159 24 1 1
25157 4 1 1
25210 45 0 0
25178 9 0 0
23936 1186 0 0
24820 341 0 0
25062 55 0 0
25140 24 0 0
25275 6 0 0
24927 205 0 0
25075 16 2 2
25076 88 0 0
25171 74 2 2
25125 11 1 1
25080 10 0 0
25193 3 1 1
25052 139 0 0
25095 70 0 0
25005 157 1 1
25197 13 0 0
24989 102 0 0
25081 62 0 0
25131 62 0 0
25050 104 0 0
25188 41 0 0
25142 16 0 0
24969 121 0 0
25192 21 0 0
24910 207 0 0
25115 35 0 0
25053 115 0 0
25111 28 0 0
25047 51 0 0
25132 57 0 0
24990 272 0 0
25142 14 1 1
25066 48 0 0
25131 49 0 0
25111 0 0 0
25140 3 1 1
25001 90 0 0
25091 33 0 0
25106 40 0 0
25066 54 0 0
25108 19 1 1
25153 11 0 0
25027 123 0 0
25453 31 0 0
24756 387 0 0
25077 49 0 0
25089 40 1 1
25068 56 0 0
25108 74 0 0
25012 104 0 0
25057 97 1 1
25085 55 0 0
25156 32 0 0
25049 42 0 0
25067 106 1 1
25095 63 0 0
25098 69 0 0
25134 87 1 1
25082 85 0 0
25047 82 0 0
25094 81 0 0
25028 89 0 0
25171 1 1 1
25000 137 1 1
25006 83 0 0
25174 26 0 0
25071 71 1 1
25013 99 0 0
25043 133 0 0
25122 16 0 0
25180 33 0 0
25369 4 0 0
25196 53 1 1
24995 199 0 0
25043 105 0 0
25077 80 0 0
25057 63 0 0
25118 233 0 0
25139 27 0 0
24126 1051 0 0
24976 152 0 0
25073 108 0 0
25086 69 1 1
25201 3 0 0
25101 32 0 0
25095 107 0 0
25106 77 1 1
25011 160 0 0
25135 20 1 1
25208 50 0 0
25168 13 0 0
25062 72 0 0
25049 93 0 0
25123 16 0 0
25072 114 0 0
25155 2 0 0
25042 69 0 0
25007 133 0 0
25067 79 1 1
25135 4 0 0
25203 32 0 0
25068 48 0 0
25139 0 0 0
25090 146 0 0
25072 55 0 0
25075 33 0 0
24972 66 0 0
25127 9 0 0
25063 96 3 3
25052 253 0 0
25146 44 1 1
25209 29 0 0
25144 39 0 0
25174 53 0 0
25077 140 2 2
25491 1 1 1
25161 51 0 0
25071 77 0 0
25164 46 1 1
25012 160 0 0
25134 24 2 2
25101 26 0 0
25106 86 0 0
25067 67 0 0
25058 81 0 0
25123 14 0 0
24894 264 0 0
25141 4 1 1
25121 23 2 2
25101 6 0 0
25084 60 0 0
25090 10 0 0
25094 73 1 1
25088 42 0 0
25079 76 0 0
25152 21 0 0
25121 0 0 0
25148 23 0 0
25104 62 0 0
24962 226 0 0
25137 14 0 0
25187 3 0 0
25167 13 3 3
25211 19 1 1
25003 96 0 0
25099 51 0 0
25091 50 0 0
25154 17 0 0
25047 64 0 0
25114 34 1 1
25105 81 0 0
25163 5 0 0
25054 85 0 0
25073 34 0 0
25020 65 0 0
25311 44 0 0
25043 60 0 0
25083 66 0 0
25172 10 0 0
25153 7 2 2
25141 23 0 0
25099 9 1 1
25094 28 0 0
25213 23 0 0
25011 105 0 0
25127 13 0 0
25095 15 1 1
25029 120 0 0
25157 33 1 1
24986 224 0 0
25131 10 0 0
25047 91 0 0
25046 59 0 0
25076 86 0 0
25050 109 0 0
25090 47 0 0
24982 95 1 1
25160 20 0 0
25116 21 0 0
25189 63 0 0
25103 25 0 0
24998 78 0 0
25150 91 1 1
25045 68 0 0
25115 55 0 0
24874 239 0 0
24849 278 0 0
25072 70 0 0
25094 47 0 0
25092 52 0 0
25138 13 0 0
25086 70 1 1
25102 35 0 0
25121 31 0 0
25194 40 0 0
25132 9 1 1
25238 82 0 0
25097 22 1 1
25247 69 1 1
25109 40 0 0
25110 3 0 0
25082 65 1 1
25121 15 3 3
25029 67 0 0
25033 199 0 0
25116 15 0 0
25083 21 1 1
25075 72 0 0
25167 26 2 2
25132 37 0 0
25032 68 0 0
25137 18 0 0
25063 109 0 0
25235 92 0 0
25108 72 0 0
25076 72 0 0
24988 127 0 0
25184 7 0 0
25071 78 1 1
25177 0 0 0
25121 6 1 1
25028 85 0 0
25415 21 2 2
25053 48 0 0
24936 202 0 0
25092 9 0 0
25082 27 0 0
25098 55 0 0
24938 210 0 0
25218 0 1 1
25033 129 0 0
24836 320 0 0
25084 102 0 0
25111 36 0 0
25047 113 0 0
25047 59 0 0
25183 0 0 0
25131 17 0 0
25113 43 0 0
25027 154 1 1
25148 9 0 0
25071 47 0 0
25026 120 0 0
24977 113 1 1
24973 132 0 0
24981 129 1 1
25083 14 0 0
25092 51 0 0
25124 61 0 0
25152 22 0 0
24959 173 0 0
24828 270 0 0
25177 25 0 0
25045 100 0 0
25186 26 1 1
25126 37 1 1
24901 191 0 0
25074 92 0 0
24493 631 0 0
25150 96 0 0
24830 303 1 1
25008 72 0 0
25054 89 2 2
25115 49 2 2
25051 90 0 0
25342 21 0 0
24918 159 0 0
25161 5 0 0
25109 45 0 0
25055 67 0 0
25100 20 0 0
25010 188 0 0
25046 133 0 0
25107 10 1 1
25037 101 0 0
25090 9 0 0
25097 21 0 0
25073 40 0 0
25056 69 0 0
25088 64 0 0
25099 81 0 0
25071 37 0 0
25064 48 1 1
25098 17 0 0
24721 433 0 0
25086 71 0 0
24892 251 0 0
24872 239 1 1
25013 128 0 0
25113 42 1 1
25064 55 0 0
25126 37 0 0
25012 193 1 1
25017 167 0 0
25135 28 0 0
25122 88 0 0
25148 16 1 1
24938 172 0 0
24830 312 0 0
24887 246 0 0
25093 34 1 1
25225 11 0 0
24688 455 0 0
24929 208 2 2
24956 137 0 0
25016 95 0 0
25072 37 0 0
25032 96 0 0
25124 53 0 0
25172 13 0 0
25138 27 0 0
25147 38 0 0
25128 113 0 0
25054 73 0 0
25143 46 0 0
25157 12 0 0
25148 149 1 1
24799 302 0 0
25113 34 0 0
25086 5 1 1
25307 16 1 1
25143 4 1 1
25160 7 0 0
25088 14 0 0
25167 3 0 0
25040 118 0 0
25116 20 0 0
25144 44 0 0
25136 13 3 3
25170 22 0 0
25121 0 0 0
25198 13 0 0
25171 48 0 0
24900 179 0 0
25045 52 0 0
25138 44 0 0
25087 29 2 2
25077 47 0 0
25140 2 0 0
25149 38 0 0
25083 55 0 0
25067 88 0 0
25094 71 1 1
25133 34 0 0
25096 3 1 1
25068 30 1 1
25172 12 0 0
25168 10 0 0
25144 12 1 1
25163 2 1 1
25144 55 0 0
25119 34 0 0
25094 70 0 0
25110 41 0 0
25200 5 0 0
25141 19 1 1
24953 200 0 0
24783 381 1 1
24926 182 0 0
25091 26 0 0
25166 5 0 0
25132 29 0 0
25041 64 1 1
25126 37 0 0
24989 123 0 0
25015 87 2 2
25097 25 0 0
25109 30 0 0
25086 46 0 0
25041 134 1 1
25078 82 0 0
25176 63 0 0
25164 16 1 1
25134 19 0 0
24931 236 0 0
25138 0 0 0
25136 35 0 0
25006 83 1 1
25070 102 0 0
25124 8 1 1
25139 15 0 0
24997 151 0 0
25171 4 3 3
25082 42 1 1
25140 60 0 0
25107 49 1 1
25113 30 0 0
25081 84 0 0
25135 188 0 0
25037 112 0 0
25131 20 0 0
25149 50 0 0
25106 23 1 1
25205 16 6 6
25009 111 0 0
25060 40 0 0
25164 0 0 0
25059 66 0 0
25198 0 2 2
25296 14 0 0
25063 66 0 0
25087 88 0 0
24989 111 0 0
25191 20 1 1
25168 2 0 0
25120 43 0 0
24954 164 0 0
25075 44 0 0
25126 29 1 1
25117 39 0 0
25206 10 0 0
25060 120 0 0
25159 32 0 0
24981 168 0 0
25170 18 0 0
25054 34 1 1
25098 90 0 0
25234 77 0 0
25150 37 0 0
25085 38 1 1
25123 33 1 1
25040 99 2 2
25107 86 0 0
25249 89 0 0
25030 156 0 0
25056 66 0 0
25136 23 0 0
25170 6 0 0
25174 11 0 0
25172 135 1 1
25105 122 0 0
25090 60 0 0
25153 0 0 0
25093 42 0 0
25117 46 0 0
25036 213 0 0
24979 208 0 0
25108 39 0 0
25073 76 0 0
25155 24 0 0
25122 11 0 0
25084 135 0 0
25102 112 0 0
25110 73 0 0
25110 14 0 0
25143 15 0 0
25316 73 0 0
25199 135 0 0
24955 150 2 2
25071 70 2 2
25089 36 1 1
25173 16 0 0
25076 45 0 0
25282 62 0 0
25131 52 0 0
25037 103 1 1
25067 32 0 0
25148 5 0 0
25209 21 0 0
25140 233 0 0
25095 88 0 0
25104 53 2 2
25085 134 0 0
25127 25 1 1
25257 4 1 1
25235 65 0 0
25073 98 3 3
25064 44 2 2
25146 54 0 0
25157 5 1 1
25065 18 0 0
25095 113 0 0
25106 57 0 0
25038 123 0 0
25103 61 0 0
25168 2 0 0
25114 2 0 0
25051 121 0 0
25043 142 1 1
25074 78 0 0
25020 84 0 0
25134 33 0 0
25171 8 0 0
25097 75 0 0
25156 102 1 1
24983 142 0 0
25174 11 0 0
25079 45 1 1
25267 17 4 4
24056 1103 0 0
25068 94 1 1
25086 105 0 0
25185 23 0 0
25137 17 0 0
25154 7 1 1
25131 52 0 0
25154 53 0 0
25085 68 1 1
25168 10 1 1
25023 77 0 0
25145 70 0 0
24824 338 1 1
25268 10 1 1
25122 43 0 0
25174 1 0 0
25142 3 0 0
25174 11 0 0
25228 76 0 0
25015 131 0 0
25023 83 0 0
25135 38 1 1
25067 108 0 0
25141 7 1 1
25008 146 0 0
25127 61 1 1
25242 11 0 0
25292 34 1 1
25103 64 1 1
25175 14 1 1
25182 214 0 0
24894 249 0 0
25113 58 0 0
25039 46 0 0
25176 5 1 1
25140 22 0 0
25023 210 0 0
24803 348 0 0
24957 158 0 0
25134 128 0 0
25097 7 0 0
25108 59 0 0
25060 109 0 0
24189 917 0 0
25163 35 0 0
24999 179 0 0
24979 112 0 0
25169 0 0 0
25058 69 0 0
25077 97 0 0
25098 25 1 1
25166 43 1 1
25119 24 0 0
25070 117 0 0
25054 127 1 1
25055 87 0 0
25130 14 2 2
24981 170 0 0
25116 37 0 0
25129 39 0 0
25064 51 0 0
25132 36 0 0
25173 48 0 0
25101 92 0 0
25105 21 0 0
25087 50 0 0
25124 42 0 0
25165 13 0 0
24948 187 0 0
25079 105 0 0
25206 25 0 0
25086 67 0 0
25092 51 0 0
25063 34 0 0
24979 226 0 0
25097 69 0 0
25206 8 0 0
25131 21 0 0
25191 66 2 2
25039 66 0 0
25093 37 0 0
25040 89 1 1
25129 6 1 1
25000 127 0 0
24841 333 0 0
25071 61 0 0
25085 15 0 0
25092 100 0 0
25126 10 1 1
25203 52 1 1
25189 59 0 0
24991 125 0 0
25162 25 0 0
25075 44 0 0
25211 3 0 0
25190 36 0 0
25059 113 1 1
25153 14 0 0
25142 18 0 0
25119 67 1 1
25128 16 1 1
24854 251 0 0
24957 213 1 1
25075 72 0 0
25148 114 0 0
25089 49 0 0
25152 18 0 0
25054 83 0 0
25049 136 0 0
25121 32 0 0
25052 161 0 0
25176 7 1 1
25122 21 0 0
24713 395 0 0
25107 52 0 0
25172 21 1 1
25030 151 0 0
24965 235 0 0
25074 21 0 0
25032 68 1 1
25015 77 0 0
25052 25 0 0
25005 181 0 0
25154 24 0 0
25074 78 0 0
25123 59 0 0
25041 115 0 0
25115 38 1 1
25008 210 0 0
25157 12 0 0
25133 13 0 0
25048 132 0 0
25128 81 1 1
25078 89 0 0
25169 4 0 0
25172 41 0 0
25104 14 2 2
25006 115 1 1
25162 18 0 0
25013 150 1 1
25176 0 0 0
25127 23 0 0
25174 9 0 0
24873 262 2 2
24943 211 0 0
25264 100 0 0
25115 159 0 0
25117 21 1 1
25182 7 0 0
24988 193 1 1
24925 223 0 0
25074 18 0 0
25144 10 0 0
25124 93 2 2
24973 189 1 1
24910 238 0 0
24440 692 0 0
24980 206 0 0
25114 91 0 0
25064 96 0 0
25012 142 0 0
25121 55 1 1
25141 28 1 1
25128 100 0 0
25052 130 0 0
25081 85 1 1
25149 20 1 1
24884 289 0 0
24944 229 1 1
25177 23 0 0
25050 81 0 0
25107 8 0 0
25091 12 1 1
25111 70 0 0
25032 114 0 0
25131 3 0 0
25037 115 0 0
25072 83 0 0
24904 233 0 0
24947 181 1 1
24973 186 0 0
25242 89 1 1
25063 172 0 0
24986 161 0 0
24987 147 0 0
24918 316 0 0
25145 40 1 1
25152 13 1 1
25016 78 0 0
24989 128 0 0
25127 6 2 2
25081 59 0 0
25071 73 1 1
25320 23 1 1
25020 158 0 0
25138 54 0 0
25110 88 0 0
25159 2 0 0
25085 62 0 0
25194 15 0 0
24981 175 0 0
25074 89 2 2
25067 89 0 0
24968 256 2 2
25086 71 1 1
24657 217 13 13
25150 63 0 0
25089 64 1 1
25132 14 0 0
25003 144 1 1
24970 163 0 0
25222 11 0 0
25099 104 0 0
24952 183 1 1
25117 26 1 1
25119 20 1 1
25183 72 0 0
25150 24 1 1
25052 71 1 1
25159 62 0 0
25182 11 0 0
25067 76 0 0
25192 82 0 0
25080 70 0 0
25057 95 0 0
25082 54 0 0
25103 36 0 0
25055 103 0 0
25147 20 1 1
24916 218 0 0
25176 5 0 0
25141 11 0 0
24975 188 0 0
25087 79 0 0
25153 138 0 0
25127 27 1 1
25103 46 0 0
25140 9 0 0
25244 6 1 1
25020 166 0 0
25265 25 0 0
25185 10 0 0
25132 3 0 0
25057 106 2 2
24901 239 0 0
24976 187 0 0
25013 112 0 0
25121 5 0 0
25124 38 0 0
25145 11 0 0
24996 166 0 0
24889 245 0 0
25138 6 0 0
25148 29 1 1
25219 19 0 0
25175 8 1 1
24972 166 0 0
24956 189 0 0
25120 90 1 1
25105 12 0 0
25168 4 0 0
25148 58 1 1
25142 54 0 0
24995 128 0 0
25116 47 0 0
25001 119 0 0
25092 68 0 0
25150 8 0 0
25123 26 0 0
25054 58 1 1
25093 77 0 0
25171 35 0 0
24755 384 0 0
25170 8 1 1
24954 164 0 0
25042 109 0 0
25201 1 0 0
25086 99 0 0
25086 76 0 0
25217 2 1 1
25092 89 1 1
25077 100 0 0
25022 189 1 1
25140 26 0 0
25148 10 1 1
25204 18 1 1
25156 44 0 0
25159 15 0 0
25016 149 0 0
25059 101 2 2
25102 60 0 0
25049 75 1 1
25044 109 0 0
25201 47 0 0
25069 93 0 0
25084 26 1 1
25136 38 0 0
25096 80 0 0
25083 113 0 0
25045 70 0 0
25215 13 0 0
25093 10 0 0
25016 84 0 0
25139 8 1 1
24987 143 0 0
24973 211 0 0
25107 34 0 0
25228 16 1 1
25163 5 0 0
25162 9 0 0
25033 67 0 0
25073 80 0 0
25046 94 1 1
25450 5 2 2
25121 11 0 0
24733 432 0 0
24974 180 0 0
25202 42 0 0
25077 74 0 0
25350 0 1 1
25177 15 0 0
25119 29 1 1
25013 116 1 1
25093 73 0 0
24807 380 0 0
25353 104 0 0
25139 1 0 0
25156 23 1 1
25012 127 0 0
24673 563 1 1
25137 74 0 0
25175 52 0 0
25093 70 1 1
25098 25 0 0
25162 66 0 0
25162 94 0 0
25081 78 0 0
25317 9 0 0
25168 50 1 1
25122 0 1 1
25163 26 1 1
25062 50 0 0
25193 14 1 1
25359 35 1 1
25211 13 1 1
25198 11 0 0
25030 75 0 0
24891 269 0 0
25172 36 0 0
25019 94 0 0
25108 40 0 0
25165 9 0 0
25059 135 0 0
25173 34 1 1
25086 53 1 1
25158 11 0 0
25232 0 0 0
25205 8 0 0
24372 765 0 0
25041 82 0 0
25084 38 0 0
25184 23 0 0
25053 80 0 0
25188 16 0 0
25143 17 0 0
25118 41 0 0
25101 17 1 1
25147 34 0 0
25149 45 0 0
25216 14 0 0
25106 72 0 0
25141 26 0 0
25146 47 1 1
24849 311 0 0
25177 31 0 0
25156 18 2 2
24988 176 0 0
24822 281 0 0
25122 49 0 0
25306 5 0 0
25113 14 1 1
25041 37 0 0
25042 95 0 0
25063 118 0 0
24999 136 0 0
25267 10 0 0
25150 21 0 0
25150 9 2 2
25183 12 0 0
25106 35 0 0
24981 185 0 0
25105 98 2 2
25063 96 0 0
25097 57 0 0
25053 79 0 0
25096 84 0 0
25034 123 0 0
25115 120 1 1
25069 72 1 1
25133 56 0 0
25160 17 0 0
25079 121 0 0
25034 84 1 1
25480 46 0 0
25117 37 3 3
25078 46 1 1
25076 18 0 0
25124 10 1 1
25069 77 0 0
25262 139 1 1
25162 25 1 1
25063 64 0 0
25086 84 0 0
25177 37 0 0
25187 59 0 0
25397 63 0 0
25006 99 1 1
24961 176 0 0
24980 187 0 0
24922 225 0 0
25086 77 1 1
25304 32 2 2
25206 12 0 0
25005 184 1 1
24887 280 0 0
24966 250 0 0
24988 219 0 0
25240 235 1 1
25175 23 0 0
25010 154 0 0
24695 534 1 1
25074 140 0 0
25027 73 0 0
25036 182 0 0
25134 75 1 1
25055 48 0 0
24999 157 0 0
25119 75 1 1
25072 80 0 0
24974 191 0 0
25011 103 0 0
25211 36 1 1
24727 436 1 1
25117 136 1 1
25112 100 0 0
25179 31 0 0
25175 20 0 0
25087 53 0 0
25036 110 0 0
25027 123 0 0
25097 146 0 0
25114 36 0 0
25065 65 3 3
