37343 935 6 6
29722 970 1 1
25217 675 6 6
25380 534 0 0
25097 717 0 0
25004 820 0 0
25298 501 0 0
25298 868 0 0
25402 412 0 0
25841 17 0 0
25804 13 10 10
25775 130 1 1
25604 126 0 0
25923 24 0 0
25901 6 0 0
25713 46 0 0
25574 270 6 6
25714 60 2 2
25830 34 1 1
25682 129 1 1
25748 85 0 0
25790 28 0 0
25651 114 0 0
25725 172 2 2
25770 31 1 1
25750 18 0 0
25622 137 0 0
25814 38 0 0
25750 62 10 10
25698 99 0 0
25547 154 0 0
25673 75 0 0
25887 15 0 0
25831 24 0 0
25749 63 0 0
25795 31 0 0
25722 100 0 0
25648 122 0 0
25965 30 7 7
25763 10 0 0
25788 89 4 4
25575 173 0 0
25739 77 0 0
25817 38 0 0
25992 22 0 0
25770 99 1 1
25905 3 0 0
25783 37 1 1
25933 9 1 1
25928 5 10 10
25815 20 0 0
25720 68 0 0
25877 49 0 0
25828 127 0 0
25877 18 2 2
25819 8 0 0
26003 51 0 0
25837 19 0 0
25770 39 0 0
25502 358 0 0
25678 144 6 6
25880 26 1 1
25943 4 0 0
25582 195 0 0
25661 58 0 0
25743 101 0 0
25746 155 1 1
25833 8 0 0
25737 10 0 0
25939 3 0 0
25659 251 0 0
25774 63 0 0
25603 161 0 0
25943 8 0 0
25651 122 0 0
25769 79 0 0
25844 58 0 0
25757 108 0 0
25774 39 0 0
25703 20 0 0
25634 112 0 0
25792 18 0 0
25635 214 0 0
25735 25 0 0
25724 123 0 0
25776 23 0 0
25790 51 0 0
25918 63 12 12
25612 318 4 4
25870 14 5 5
25605 95 0 0
25783 42 0 0
25800 0 0 0
25882 6 7 7
25704 110 0 0
25849 29 9 9
25798 41 0 0
25792 55 6 6
25848 20 0 0
26044 15 0 0
25772 143 0 0
26255 22 0 0
25438 390 1 1
25748 21 0 0
25796 27 0 0
25821 104 4 4
25677 160 4 4
25857 110 4 4
25781 102 0 0
25750 52 0 0
25802 38 0 0
25797 61 1 1
25575 179 0 0
25859 61 5 5
25880 66 1 1
25769 85 0 0
25724 85 1 1
26088 59 5 5
25691 82 0 0
25683 194 2 2
25835 0 0 0
25821 141 6 6
25868 80 0 0
25837 27 0 0
25761 128 0 0
25773 80 0 0
25736 130 9 9
25804 19 0 0
25985 37 0 0
26010 3 0 0
25817 109 0 0
25621 191 5 5
25716 96 0 0
25686 82 0 0
25953 66 5 5
25728 218 0 0
25781 26 0 0
25728 125 0 0
25632 229 3 3
25717 106 0 0
25727 81 0 0
25917 4 0 0
25834 22 6 6
25753 117 0 0
25844 82 0 0
25761 240 1 1
25906 17 0 0
25868 45 0 0
25869 13 0 0
25758 64 0 0
25689 95 0 0
25813 25 0 0
25855 113 0 0
25879 12 3 3
25754 69 0 0
25684 224 2 2
25733 108 1 1
25836 3 0 0
25895 37 0 0
25828 53 1 1
25844 1 5 5
25783 147 0 0
25760 56 10 10
25666 57 0 0
25617 71 0 0
25836 35 7 7
25736 101 8 8
25750 257 0 0
25819 38 0 0
25874 35 6 6
25790 40 0 0
25897 55 0 0
25864 137 0 0
26731 3 0 0
25781 78 0 0
25671 77 0 0
25788 44 0 0
25717 176 0 0
25933 23 0 0
25898 27 0 0
25807 86 0 0
25834 75 0 0
25871 106 2 2
25967 13 0 0
25606 264 10 10
25856 3 4 4
25799 15 0 0
25843 9 9 9
26019 17 7 7
26006 28 6 6
25775 60 5 5
25848 37 7 7
25749 138 4 4
25865 9 1 1
25787 14 0 0
25656 177 0 0
25772 59 6 6
25659 219 0 0
25745 26 0 0
25941 6 1 1
25827 23 0 0
26017 46 1 1
25727 111 0 0
25758 66 0 0
25823 45 0 0
25938 15 0 0
25720 67 0 0
25903 55 0 0
25774 117 2 2
25949 2 8 8
25671 110 0 0
25771 26 0 0
25678 77 0 0
25984 52 0 0
25694 61 0 0
25780 37 2 2
25744 13 0 0
25891 6 0 0
25827 15 8 8
25794 13 0 0
25873 19 0 0
25897 30 8 8
25671 172 2 2
25723 15 0 0
25751 0 0 0
25713 117 8 8
25706 151 1 1
25880 141 13 13
25950 12 0 0
25686 98 0 0
25657 174 2 2
25750 113 0 0
25604 141 0 0
25837 43 0 0
25666 91 0 0
25865 17 0 0
25767 23 4 4
25824 48 0 0
25894 20 0 0
25707 83 0 0
25755 59 0 0
25673 70 0 0
25678 155 2 2
25575 229 0 0
25553 363 0 0
25753 71 0 0
25819 36 0 0
25748 48 0 0
25803 133 1 1
25770 69 1 1
25927 40 0 0
25854 35 0 0
25799 57 1 1
25837 12 0 0
25672 97 1 1
25668 82 0 0
25996 65 0 0
25884 40 0 0
25874 7 5 5
25829 41 7 7
25917 9 1 1
25646 60 0 0
25620 203 0 0
25855 10 0 0
25756 25 10 10
25767 59 0 0
25873 9 0 0
25773 45 0 0
25734 74 7 7
25744 99 1 1
25747 97 0 0
25774 50 0 0
25783 76 0 0
25749 68 0 0
25613 230 0 0
25842 19 0 0
25815 75 0 0
25758 14 0 0
25838 16 13 13
25762 67 4 4
26151 26 0 0
25718 45 0 0
25639 153 0 0
25772 4 0 0
25880 14 1 1
25773 134 3 3
25542 218 0 0
25916 10 0 0
25753 172 1 1
25466 325 1 1
25816 77 0 0
25781 46 0 0
25749 109 0 0
25760 106 3 3
25953 2 0 0
25844 8 0 0
25882 25 0 0
25685 140 0 0
25850 9 0 0
25702 67 0 0
25590 134 0 0
25681 112 6 6
25750 75 9 9
25693 128 7 7
25796 14 6 6
25842 48 9 9
25850 67 0 0
25771 28 0 0
25682 231 0 0
25545 255 0 0
25750 24 0 0
25842 101 0 0
25930 14 1 1
25815 38 8 8
25641 212 0 0
25764 88 0 0
25127 659 0 0
25857 106 0 0
25465 309 0 0
25781 74 8 8
25709 77 0 0
25766 51 0 0
25695 96 0 0
26096 22 3 3
25555 153 0 0
25785 13 2 2
25814 45 0 0
25686 67 0 0
25848 17 0 0
25709 172 0 0
25625 130 0 0
25828 22 1 1
25770 98 0 0
25780 53 0 0
25782 70 4 4
25747 37 1 1
25790 69 0 0
25833 65 0 0
25831 66 0 0
25778 38 7 7
25783 42 0 0
25762 114 5 5
25544 448 7 7
25829 60 0 0
25544 261 3 3
25495 309 2 2
25627 134 0 0
25917 47 0 0
25808 34 0 0
25761 38 0 0
25688 198 11 11
25701 153 0 0
25885 21 0 0
25733 95 0 0
25860 12 0 0
25574 182 0 0
25650 306 0 0
25671 247 1 1
25724 45 0 0
25899 42 0 0
25458 460 0 0
25673 195 0 0
25700 140 0 0
25736 93 0 0
25698 29 12 12
25676 98 0 0
25968 52 0 0
25886 13 0 0
25746 33 0 0
25814 45 12 12
25735 58 0 0
25832 62 0 0
25996 141 1 1
25853 7 0 0
25758 145 10 10
25429 333 0 0
25814 34 11 11
25739 9 0 0
25917 23 0 0
25857 7 0 0
25795 9 0 0
25782 5 0 0
25901 6 0 0
25652 156 0 0
25766 15 0 0
25771 50 0 0
25833 9 0 0
25825 21 0 0
25773 5 0 0
26098 2 5 5
25778 48 0 0
25713 185 0 0
25747 50 0 0
25866 50 0 0
25822 27 4 4
25765 120 1 1
25836 4 0 0
25762 44 1 1
25735 48 0 0
25723 165 0 0
25783 104 3 3
25794 30 0 0
25774 10 5 5
25817 41 0 0
25870 3 10 10
25873 14 10 10
25736 22 0 0
25898 21 4 4
25815 58 0 0
25755 34 0 0
25776 58 12 12
25812 31 0 0
25812 47 0 0
25738 18 1 1
25660 197 0 0
25467 479 1 1
25595 147 0 0
25742 106 5 5
25780 5 0 0
25785 34 0 0
25779 59 2 2
25844 69 0 0
25635 121 0 0
25749 80 4 4
25800 39 0 0
25794 30 11 11
25862 43 0 0
25832 194 3 3
25827 98 0 0
25857 96 0 0
25877 15 0 0
25881 19 0 0
25693 234 9 9
25984 25 6 6
25826 43 0 0
25670 111 8 8
25816 60 5 5
25847 0 14 14
25881 8 1 1
25656 161 0 0
25850 10 0 0
25776 40 11 11
25862 62 0 0
25716 62 0 0
25818 29 0 0
25910 81 0 0
25700 200 0 0
25685 123 0 0
25837 13 6 6
25876 38 0 0
25865 19 0 0
26028 27 1 1
25749 155 0 0
25822 43 0 0
25808 0 0 0
25760 61 13 13
25891 3 0 0
25775 226 1 1
25747 60 7 7
25795 61 0 0
25638 137 0 0
25891 24 9 9
25767 110 3 3
25649 56 0 0
25568 172 0 0
25838 44 10 10
25870 8 0 0
25680 57 0 0
25858 18 0 0
25728 121 0 0
25934 41 1 1
25694 171 0 0
25814 1 0 0
25878 14 0 0
25912 104 3 3
25849 69 0 0
25784 37 0 0
25818 34 0 0
25848 35 8 8
25700 94 1 1
25700 83 0 0
25805 87 0 0
25684 173 0 0
25789 65 0 0
25878 50 1 1
25896 0 0 0
25829 12 0 0
25800 225 0 0
25852 118 0 0
25780 47 0 0
25910 0 1 1
25767 38 0 0
25759 119 3 3
25599 221 0 0
25517 284 0 0
25837 44 0 0
25754 80 0 0
25913 10 0 0
25748 83 3 3
25648 133 0 0
25726 231 0 0
25591 195 1 1
25821 12 7 7
25756 36 0 0
26660 57 2 2
25862 208 1 1
25761 145 0 0
25724 75 0 0
25859 26 14 14
25979 20 0 0
25640 41 0 0
25963 55 0 0
25776 75 0 0
25842 103 0 0
25811 42 0 0
25816 2 0 0
25896 34 12 12
25893 234 0 0
25710 180 1 1
25867 51 0 0
25680 145 0 0
25862 26 7 7
26000 0 11 11
25861 60 0 0
25681 101 0 0
25741 34 0 0
25851 55 0 0
25858 6 2 2
25804 24 0 0
25855 113 0 0
25703 101 8 8
25719 123 0 0
25738 77 0 0
25842 10 0 0
25928 1 0 0
25680 193 0 0
25759 143 0 0
25637 70 0 0
25714 92 0 0
25752 19 0 0
25848 16 0 0
25825 73 0 0
25870 100 11 11
25788 125 0 0
25873 12 0 0
25802 48 0 0
25954 18 1 1
25838 88 0 0
25841 92 0 0
25812 109 0 0
25846 39 0 0
25955 13 0 0
25866 8 11 11
25722 48 0 0
25798 34 0 0
25742 85 0 0
25856 4 0 0
25691 121 6 6
25817 106 1 1
25497 338 1 1
26070 22 0 0
25751 37 0 0
25900 5 5 5
25864 0 0 0
25890 13 0 0
25864 128 8 8
25753 142 0 0
25741 68 8 8
25810 40 0 0
25720 96 2 2
25803 75 2 2
25625 190 3 3
25813 69 0 0
25940 10 0 0
25964 47 0 0
25726 150 2 2
25695 121 0 0
25826 207 0 0
25567 247 0 0
25763 55 0 0
25721 40 0 0
25887 1 8 8
25668 168 1 1
25650 217 0 0
25461 344 0 0
25645 165 0 0
25762 133 0 0
25789 9 0 0
25530 329 1 1
25746 93 0 0
25668 124 0 0
25809 32 5 5
25557 164 0 0
25651 108 0 0
25880 1 7 7
25736 80 0 0
25718 109 0 0
25858 25 6 6
25828 41 8 8
25840 31 0 0
25721 128 0 0
25751 150 0 0
25793 90 0 0
25939 8 0 0
25661 166 0 0
25843 14 0 0
25852 44 6 6
25761 44 4 4
25783 28 0 0
25761 40 0 0
25790 87 0 0
25804 29 0 0
25811 55 0 0
25750 131 2 2
25709 86 0 0
25654 190 0 0
25736 103 0 0
25940 20 0 0
25737 59 0 0
25863 52 1 1
25800 39 13 13
25741 222 0 0
25817 63 0 0
25979 8 0 0
25756 17 0 0
25841 61 0 0
25699 63 0 0
25794 61 11 11
25832 88 5 5
25797 0 0 0
25712 180 3 3
25489 336 0 0
25724 70 0 0
25745 25 1 1
25701 104 0 0
25904 9 0 0
25914 119 0 0
25937 58 5 5
25746 121 0 0
25865 27 3 3
25818 41 0 0
25859 2 0 0
25814 37 0 0
25695 111 0 0
25862 19 6 6
25778 14 0 0
25824 68 0 0
25780 14 0 0
25534 250 1 1
25616 226 1 1
25740 79 0 0
25779 106 0 0
25843 41 0 0
25768 17 0 0
25658 81 0 0
25707 135 0 0
25723 28 0 0
25823 161 4 4
25844 16 0 0
25854 15 0 0
25398 417 15 15
25915 61 3 3
25858 20 10 10
25700 161 0 0
25617 224 0 0
25841 25 6 6
25897 76 6 6
25803 73 11 11
25721 29 0 0
25749 185 0 0
25774 28 0 0
25767 76 0 0
25836 63 0 0
25667 120 0 0
25878 40 0 0
25648 215 0 0
25819 43 0 0
25876 17 0 0
25735 126 0 0
25819 93 0 0
25730 168 1 1
25823 6 0 0
25781 126 6 6
25771 20 8 8
25641 105 0 0
25809 30 0 0
25756 146 0 0
25883 1 10 10
25776 28 0 0
25812 10 0 0
25657 260 0 0
25620 207 8 8
25966 152 1 1
25803 157 4 4
25863 3 7 7
25848 9 6 6
25581 183 1 1
25740 218 0 0
25822 17 0 0
25854 12 0 0
25772 88 0 0
25800 163 0 0
25573 234 0 0
25174 677 0 0
25729 196 0 0
25782 90 0 0
25680 95 0 0
25657 156 0 0
25673 53 0 0
25787 29 0 0
25886 87 0 0
25775 124 0 0
25788 87 10 10
25761 22 0 0
25550 292 0 0
25678 244 8 8
25866 134 4 4
25657 139 5 5
25806 12 0 0
25842 16 0 0
25760 119 2 2
25738 171 4 4
25847 39 0 0
25727 101 0 0
25772 78 7 7
25639 221 0 0
25670 168 5 5
25667 189 1 1
26107 45 0 0
25773 172 0 0
25612 181 0 0
25730 158 11 11
25510 318 0 0
25901 12 0 0
25959 19 0 0
25780 77 0 0
25731 127 14 14
25919 3 0 0
25821 61 0 0
25798 75 8 8
25999 29 0 0
25768 154 0 0
25808 55 5 5
25753 87 0 0
25861 22 7 7
25776 58 0 0
25752 16 0 0
25665 254 7 7
25795 85 1 1
25675 186 4 4
25544 345 8 8
25799 86 0 0
24340 201 12 12
25921 61 8 8
25809 59 2 2
25780 14 0 0
25681 140 0 0
25705 162 8 8
25896 13 5 5
25719 99 0 0
25694 164 0 0
25815 33 0 0
25872 17 0 0
26510 83 0 0
26010 29 1 1
25774 60 1 1
25897 56 0 0
25884 12 0 0
25693 96 0 0
25852 65 0 0
25887 84 0 0
25775 86 0 0
25814 54 0 0
25805 23 0 0
25707 101 0 0
25811 16 0 0
25725 220 0 0
25985 13 0 0
25868 9 7 7
25694 189 10 10
25760 80 0 0
25852 130 1 1
25993 35 0 0
25849 46 0 0
25797 16 0 0
25886 12 5 5
25678 165 0 0
26039 18 0 0
25977 14 0 0
25780 7 1 1
25724 95 0 0
25596 228 3 3
25607 198 0 0
25688 107 0 0
25940 8 0 0
25785 32 0 0
25902 14 0 0
25745 173 0 0
25617 243 0 0
25788 37 0 0
25986 16 0 0
25960 9 0 0
25868 8 10 10
25751 155 0 0
25689 199 6 6
25778 105 4 4
25898 14 0 0
25923 19 0 0
25798 51 0 0
25746 109 0 0
25672 181 1 1
25778 48 1 1
25778 120 0 0
25753 55 0 0
25862 9 0 0
25782 69 9 9
25766 57 0 0
25891 55 0 0
25941 45 0 0
25418 393 0 0
25863 38 0 0
25597 176 0 0
25743 110 10 10
25768 3 0 0
25862 95 0 0
25748 77 0 0
25868 2 0 0
25867 78 0 0
25783 103 0 0
25653 184 0 0
26041 25 1 1
25791 107 1 1
25980 28 1 1
25789 80 7 7
25974 8 1 1
25659 236 2 2
25914 91 0 0
25843 71 0 0
25747 119 1 1
25733 105 8 8
25896 51 0 0
25717 92 0 0
25964 22 0 0
25701 119 3 3
25834 74 0 0
25821 115 0 0
25783 63 0 0
25937 29 8 8
25940 35 0 0
25675 76 9 9
25841 5 0 0
25721 148 1 1
25656 197 0 0
25945 34 1 1
25998 20 6 6
25758 13 0 0
25868 8 0 0
25727 67 0 0
25668 228 2 2
25691 88 0 0
26130 6 8 8
25897 12 9 9
25397 426 14 14
25645 180 1 1
25967 40 10 10
25762 87 5 5
26117 8 9 9
25880 25 0 0
25825 19 0 0
25690 126 7 7
25808 54 1 1
25505 347 0 0
26091 98 0 0
25875 10 10 10
25929 44 1 1
25712 103 0 0
25278 645 0 0
25888 86 1 1
25915 46 0 0
25847 45 0 0
25783 23 0 0
25832 73 1 1
25700 129 0 0
25818 81 0 0
26065 9 0 0
25720 111 0 0
25851 0 6 6
25905 9 0 0
25738 62 6 6
25895 15 0 0
26132 33 0 0
25963 14 10 10
26049 7 0 0
25693 77 0 0
25550 345 0 0
25921 40 10 10
25887 104 0 0
25770 92 6 6
25792 5 0 0
25742 126 1 1
25933 27 4 4
25811 58 0 0
26068 23 8 8
25961 0 0 0
25858 15 0 0
25176 764 0 0
25675 93 0 0
25738 23 0 0
26192 31 0 0
25785 41 0 0
26068 14 1 1
25825 18 0 0
25888 41 0 0
25792 16 12 12
26115 51 9 9
25810 47 8 8
26086 13 0 0
25742 73 0 0
25889 23 15 15
25787 47 9 9
25662 256 0 0
25818 117 0 0
25811 136 1 1
25570 180 0 0
25604 234 0 0
25863 42 2 2
25881 5 0 0
25927 17 7 7
25335 635 0 0
25859 99 0 0
25778 108 0 0
25776 22 0 0
25851 5 1 1
25778 18 0 0
25869 11 1 1
25900 13 4 4
25767 29 0 0
25664 204 0 0
25788 99 0 0
25792 103 0 0
25840 65 0 0
25760 70 5 5
25821 92 0 0
25740 114 12 12
25739 118 0 0
25827 92 9 9
25832 41 0 0
25899 22 10 10
25809 113 1 1
25655 82 0 0
26871 51 6 6
25799 34 10 10
25865 19 6 6
25721 21 0 0
25808 15 0 0
25695 85 0 0
25922 132 0 0
25832 24 0 0
25728 63 0 0
25853 77 8 8
25960 37 0 0
25752 175 0 0
26119 67 11 11
25650 254 2 2
25730 174 0 0
25770 193 0 0
25647 195 0 0
25859 89 1 1
25999 30 10 10
25885 13 0 0
25702 187 0 0
25567 284 1 1
25605 255 0 0
25646 224 0 0
25924 241 9 9
25978 19 1 1
25678 152 12 12
25499 528 0 0
25710 146 0 0
25705 61 0 0
25729 291 4 4
25972 76 5 5
25750 37 0 0
25591 221 0 0
25863 79 14 14
25844 88 0 0
25748 264 3 3
25759 128 2 2
25921 3 1 1
25261 559 11 11
25823 129 13 13
25746 94 0 0
25987 47 0 0
25900 12 8 8
25809 50 0 0
25710 95 0 0
25828 106 11 11
25702 196 0 0
25924 46 0 0
25916 63 0 0
