38367 997 4 4
29839 1012 16 16
25077 689 13 13
25292 495 0 0
25039 670 0 0
24847 924 2 2
25222 519 0 0
25008 963 0 0
23624 2058 0 0
25667 36 2 2
25680 11 0 0
25752 89 2 2
25527 148 0 0
25735 23 0 0
25774 6 3 3
25650 57 0 0
25392 281 0 0
25614 59 9 9
25581 20 2 2
25553 127 0 0
25532 125 0 0
25647 33 0 0
25512 117 0 0
25567 147 0 0
25633 35 1 1
25652 22 2 2
25487 143 0 0
25666 36 0 0
25636 62 1 1
25594 99 0 0
25517 135 0 0
25568 84 0 0
25829 17 1 1
25654 24 0 0
25604 62 0 0
25671 38 1 1
25672 98 0 0
25482 51 0 0
25832 22 8 8
25614 6 0 0
25641 66 0 0
25473 168 0 0
25622 89 0 0
25799 40 0 0
25932 34 0 0
25600 87 0 0
25773 2 0 0
25721 29 0 0
25706 11 1 1
25818 3 0 0
25683 18 8 8
25596 70 0 0
25768 45 0 0
25626 142 0 0
25661 15 2 2
25710 7 1 1
25797 78 1 1
25701 19 0 0
23786 1968 0 0
25373 327 0 0
25596 60 0 0
25658 34 0 0
25837 0 2 2
25458 206 0 0
25465 73 1 1
25642 94 0 0
25696 75 0 0
25691 8 1 1
25621 8 0 0
25717 7 0 0
25593 148 0 0
25591 71 0 0
25443 165 0 0
25757 7 0 0
25627 113 2 2
25602 63 1 1
25689 67 0 0
25576 114 0 0
25689 43 0 0
25661 19 0 0
25530 114 0 0
25691 10 0 0
25422 227 0 0
25625 31 0 0
25648 115 1 1
25719 27 0 0
25616 32 0 0
25702 62 1 1
25540 247 0 0
25709 15 0 0
25567 57 0 0
25661 64 0 0
25652 2 0 0
25674 4 0 0
25565 107 0 0
25665 27 0 0
25609 79 0 0
25590 54 0 0
25650 11 0 0
25893 13 9 9
25643 123 0 0
26106 22 0 0
25359 433 0 0
25673 39 0 0
25706 45 1 1
25701 56 1 1
25588 93 0 0
25553 130 0 0
25613 95 0 0
25630 63 0 0
25627 45 0 0
25730 36 0 0
25488 105 0 0
25688 70 2 2
25625 66 0 0
25774 101 0 0
25657 77 0 0
25822 60 7 7
25614 85 0 0
25601 92 0 0
25720 1 0 0
25534 147 0 0
25726 75 0 0
25744 21 0 0
25593 113 0 0
25559 87 1 1
25555 123 1 1
25630 22 0 0
25773 99 2 2
25972 3 1 1
25739 60 0 0
25434 206 0 0
25589 94 0 0
25602 91 0 0
25642 88 0 0
25608 220 0 0
25731 24 0 0
25633 123 0 0
25556 141 0 0
25623 102 0 0
25576 79 3 3
25754 0 0 0
25663 23 0 0
25712 120 1 1
25669 81 2 2
25538 234 0 0
25730 13 1 1
25702 51 0 0
25695 14 9 9
25604 69 7 7
25579 93 0 0
25754 24 2 2
25693 131 3 3
25758 2 1 1
25563 69 5 5
25647 137 0 0
25628 66 2 2
25624 22 0 0
25797 58 0 0
25670 49 0 0
25695 2 0 0
25735 141 0 0
25610 72 2 2
25630 51 0 0
25528 75 0 0
25662 22 0 0
25559 103 0 0
25748 257 1 1
25741 45 1 1
25707 34 0 0
25690 37 1 1
25703 63 1 1
25672 136 2 2
25713 821 2 2
25732 63 0 0
25576 84 0 0
25729 46 0 0
25600 178 1 1
25723 25 0 0
25726 31 0 0
25668 86 0 0
25642 77 1 1
25622 85 1 1
25810 22 1 1
25478 268 0 0
25719 4 0 0
25759 32 0 0
25716 6 1 1
25764 18 0 0
25894 11 0 0
25612 71 2 2
25655 42 0 0
25650 82 0 0
25642 10 0 0
25599 7 1 1
25614 164 0 0
25571 70 2 2
25478 215 0 0
25668 25 0 0
25731 6 0 0
25603 20 2 2
25851 63 5 5
25532 122 0 0
25625 63 2 2
25680 42 0 0
25769 35 0 0
25607 65 0 0
25705 60 0 0
25678 82 1 1
25802 4 1 1
25579 123 0 0
25640 25 0 0
25639 71 2 2
25851 42 0 0
25596 47 0 0
25684 9 0 0
25629 61 0 0
25710 10 0 0
25685 14 0 0
25637 10 9 9
25663 73 0 0
25726 16 0 0
25571 89 0 0
25637 13 1 1
25647 13 0 0
25572 106 0 0
25573 179 0 0
25638 204 1 1
25745 10 1 1
25630 103 0 0
25638 59 0 0
25617 97 0 0
25468 121 0 0
25643 47 1 1
25571 90 0 0
25727 23 3 3
25637 22 3 3
25731 50 0 0
25706 29 0 0
25522 72 0 0
25638 43 0 0
25591 75 0 0
25614 70 0 0
25442 243 0 0
25505 324 0 0
25624 68 6 6
25644 40 6 6
25707 55 0 0
25581 136 0 0
25625 77 0 0
25748 29 0 0
25702 30 7 7
25703 44 2 2
25693 6 0 0
25573 70 0 0
25550 45 0 0
25761 67 0 0
25664 82 1 1
25730 13 2 2
25665 46 0 0
25726 15 8 8
25489 61 0 0
25589 191 0 0
25664 10 0 0
25612 30 1 1
25650 59 1 1
25722 26 0 0
25720 45 1 1
25565 78 0 0
25676 10 0 0
25603 103 0 0
25549 97 0 0
25681 89 0 0
25638 61 0 0
25531 138 0 0
25746 0 1 1
25589 81 1 1
25722 8 1 1
25694 24 1 1
25593 95 1 1
25932 28 0 0
25622 46 0 0
25500 182 0 0
25703 17 0 0
25823 8 1 1
25642 87 0 0
25407 230 0 0
25772 3 0 0
25545 117 1 1
25340 319 0 0
25583 91 1 1
25708 33 0 0
25574 119 0 0
25640 47 0 0
25742 0 0 0
25705 15 5 5
25706 38 5 5
25556 141 0 0
25810 10 0 0
25605 56 0 0
25518 151 0 0
25505 116 0 0
25560 88 0 0
25562 129 0 0
25615 27 1 1
25614 69 2 2
25718 57 0 0
25714 25 0 0
25570 180 0 0
25349 253 1 1
25666 36 0 0
25796 99 0 0
25700 18 0 0
25665 48 0 0
25458 204 0 0
25648 101 0 0
25061 622 0 0
25722 103 1 1
25401 309 1 1
25646 58 0 0
25001 683 0 0
25649 53 0 0
25538 89 1 1
25899 30 1 1
25383 171 0 0
25642 7 0 0
25674 34 1 1
25584 80 0 0
25655 16 0 0
25550 188 11 11
25525 144 0 0
25648 20 0 0
25571 107 1 1
25580 23 0 0
25658 15 0 0
25656 39 0 0
25617 70 0 0
25662 64 1 1
25753 96 0 0
25663 31 1 1
25632 37 12 12
25724 12 0 0
25208 446 0 0
25636 60 1 1
25382 264 1 1
25399 259 0 0
25546 131 0 0
25730 42 1 1
25580 53 0 0
25677 38 0 0
25518 203 0 0
25572 157 0 0
25768 19 0 0
25684 110 0 0
25631 36 0 0
25523 178 0 0
25470 297 0 0
25442 259 0 0
25624 43 0 0
25854 36 0 0
25289 460 0 0
25510 200 0 0
25544 140 1 1
25545 91 0 0
25546 49 0 0
25544 95 1 1
25738 71 0 0
25761 17 0 0
25716 22 0 0
25689 41 1 1
25629 80 0 0
25667 64 0 0
25900 47 0 0
25678 13 0 0
25712 148 2 2
25373 317 0 0
25604 59 0 0
25609 18 0 0
25873 13 0 0
25660 3 2 2
25703 2 0 0
25665 8 1 1
25752 4 10 10
25545 158 0 0
25709 17 1 1
25661 42 0 0
25679 13 2 2
25661 30 0 0
25678 3 0 0
25743 39 1 1
25686 52 0 0
25524 180 0 0
25613 45 0 0
25673 44 0 0
25633 51 2 2
25686 23 1 1
25741 1 2 2
25682 33 0 0
25619 50 1 1
25673 93 0 0
25699 50 1 1
25670 32 1 1
25616 4 1 1
25660 36 7 7
25671 10 0 0
25715 22 0 0
25661 13 1 1
25736 8 0 0
25657 56 14 14
25651 36 0 0
25660 61 0 0
25675 37 0 0
25725 13 0 0
25628 14 0 0
25545 193 0 0
25427 384 0 0
25464 177 0 0
25652 38 0 0
25635 3 6 6
25659 34 0 0
25616 53 0 0
25616 69 1 1
25508 119 0 0
25586 94 0 0
25680 28 0 0
25679 23 7 7
25665 44 0 0
25773 113 0 0
25642 91 0 0
25687 55 0 0
25679 15 0 0
25603 19 1 1
25550 239 0 0
25819 29 0 0
25660 38 0 0
25531 66 1 1
25709 43 0 0
25713 3 0 0
25716 12 0 0
25556 170 5 5
25616 15 2 2
25642 37 3 3
25680 54 0 0
25645 64 0 0
25645 17 1 1
25804 76 0 0
25671 211 0 0
25623 124 0 0
25681 44 1 1
25716 32 1 1
25629 23 0 0
25855 20 1 1
25609 139 0 0
25638 49 0 0
25728 0 0 0
25593 53 1 1
25716 4 1 1
25574 158 0 0
25612 59 0 0
25656 76 0 0
25622 105 0 0
25725 22 0 0
25690 17 0 0
25530 53 2 2
25504 163 0 0
25683 47 0 0
25676 32 0 0
25591 49 0 0
25686 20 6 6
25650 118 0 0
25705 40 1 1
25540 174 1 1
25722 4 0 0
25676 22 0 0
25690 93 0 0
25797 88 0 0
25752 32 0 0
25676 37 0 0
25664 53 1 1
25617 94 0 0
25590 91 0 0
25737 80 0 0
25564 151 11 11
25609 65 13 13
25729 33 0 0
25709 5 0 0
25720 8 0 0
25719 137 0 0
25711 122 1 1
25723 52 0 0
25856 3 0 0
25704 46 0 0
25677 45 0 0
25475 238 0 0
25479 232 0 0
25709 38 14 14
25650 81 1 1
25734 12 0 0
25669 2 1 1
25573 132 0 0
25675 127 1 1
25613 95 1 1
25699 15 0 0
25721 17 1 1
26285 72 1 1
25766 131 0 0
25576 142 1 1
25631 82 0 0
25682 36 0 0
25755 19 1 1
25556 42 0 0
25756 64 0 0
25614 124 0 0
25614 100 0 0
25624 42 0 0
25696 5 1 1
25776 23 0 0
25720 236 0 0
25614 85 0 0
25694 51 1 1
25616 142 0 0
25742 20 1 1
25878 0 2 2
25759 63 0 0
25610 93 0 0
25673 51 2 2
25746 68 0 0
25698 9 0 0
25589 38 0 0
25689 106 1 1
25586 85 9 9
25563 135 0 0
25710 56 0 0
25702 21 0 0
25702 1 1 1
25484 225 0 0
25686 152 1 1
25533 66 0 0
25570 105 1 1
25608 23 0 0
25756 17 0 0
25775 82 2 2
25723 100 1 1
25584 145 0 0
25676 14 0 0
25676 44 0 0
25808 14 1 1
23882 1881 0 0
25660 100 3 3
25687 107 0 0
25727 28 0 0
25709 19 0 0
25754 6 0 0
25639 50 0 0
25768 36 0 0
25706 68 0 0
25741 11 0 0
25570 84 1 1
25682 61 0 0
25372 337 0 0
25818 25 1 1
25683 37 0 0
25708 0 2 2
25672 4 0 0
25812 11 0 0
25741 86 1 1
25488 151 0 0
25554 75 2 2
25771 37 0 0
25598 123 2 2
25710 8 0 0
25501 141 0 0
25685 61 7 7
25788 24 11 11
25915 45 0 0
25652 68 0 0
25561 122 2 2
25680 218 0 0
25491 248 0 0
25703 58 0 0
25646 38 0 0
25771 0 1 1
25530 145 1 1
25503 221 4 4
25342 364 0 0
25530 145 0 0
25670 128 0 0
25656 1 0 0
25434 241 0 0
25608 95 4 4
24006 1698 0 0
25661 52 0 0
25488 159 0 0
25547 107 1 1
25744 2 1 1
25540 91 0 0
25690 104 0 0
25722 22 1 1
25647 40 1 1
25648 38 0 0
25617 122 0 0
25568 142 1 1
25595 113 0 0
25730 5 0 0
25539 171 0 0
25678 38 11 11
25653 46 0 0
25584 57 1 1
25731 43 0 0
25703 48 0 0
25574 50 0 0
25651 19 0 0
25623 55 0 0
25670 33 1 1
25577 82 2 2
25474 191 1 1
25681 110 0 0
25754 30 0 0
25622 58 1 1
25662 51 0 0
25664 30 6 6
25578 222 0 0
25692 62 0 0
25814 7 1 1
25685 11 0 0
25663 63 0 0
25613 66 0 0
25683 37 0 0
25618 98 1 1
25664 36 0 0
25548 143 0 0
25416 327 0 0
25599 69 0 0
25650 21 0 0
25612 107 0 0
25737 8 0 0
25775 81 0 0
25797 60 0 0
25707 110 0 0
25700 33 10 10
25691 42 0 0
25821 0 0 0
25730 49 0 0
25581 106 0 0
25690 26 6 6
25674 14 0 0
25690 75 0 0
25638 17 0 0
25464 271 0 0
25418 228 0 0
25649 80 0 0
25686 104 0 0
25621 43 1 1
25694 12 0 0
25587 79 0 0
25579 141 0 0
25624 32 0 0
25694 168 0 0
25748 22 0 0
25706 28 0 0
25262 406 0 0
25771 63 0 0
25730 22 0 0
25572 153 0 0
25449 234 0 0
25646 25 1 1
25603 80 3 3
25655 71 1 1
25617 26 1 1
25556 200 0 0
25683 31 0 0
25656 77 0 0
25665 64 2 2
25599 121 0 0
25734 40 0 0
25548 219 1 1
25705 18 0 0
25697 12 0 0
25650 132 0 0
25703 96 0 0
25625 90 0 0
25750 11 0 0
25708 42 0 0
25626 22 0 0
25480 104 0 0
25623 33 0 0
25611 147 0 0
25742 2 1 1
25696 25 0 0
25690 8 0 0
25429 279 0 0
25469 209 0 0
25779 85 0 0
25654 148 0 0
25726 0 6 6
25718 8 7 7
25539 182 0 0
25539 257 0 0
25615 28 0 0
25652 6 10 10
25550 91 0 0
25634 175 0 0
25484 236 0 0
25070 716 0 0
25604 210 0 0
25646 91 8 8
25573 119 0 0
25613 141 0 0
25592 55 0 0
25715 38 0 0
25787 92 0 0
25651 117 1 1
25619 82 1 1
25653 19 0 0
25409 296 0 0
25491 246 0 0
25798 56 0 0
25475 126 0 0
25746 11 0 0
25691 16 2 2
25610 63 0 0
25590 110 0 0
25700 26 0 0
25623 114 0 0
25640 83 1 1
25493 225 0 0
25545 165 0 0
25563 191 0 0
25897 83 1 1
25611 161 0 0
25536 183 0 0
25610 143 6 6
25448 332 0 0
25714 23 0 0
25802 28 6 6
25630 67 0 0
25514 135 2 2
25724 10 0 0
25630 58 1 1
25652 73 0 0
25863 21 6 6
25586 148 0 0
25661 54 7 7
25661 86 1 1
25699 3 0 0
25661 66 0 0
25711 12 0 0
25574 174 0 0
25588 102 6 6
25591 97 0 0
25506 261 0 0
25635 78 1 1
24416 237 6 6
25748 65 0 0
25657 74 0 0
25677 13 0 0
25671 133 1 1
25548 182 2 2
25746 12 2 2
25595 98 0 0
25588 169 0 0
25669 19 0 0
25699 20 3 3
26187 69 0 0
25841 26 1 1
25571 67 0 0
25753 120 0 0
25770 6 1 1
25607 94 0 0
25801 66 1 1
25715 98 2 2
25645 73 0 0
25669 56 0 0
25699 33 0 0
25653 110 0 0
25677 19 0 0
25642 214 0 0
25768 4 0 0
25715 11 0 0
25544 195 0 0
25606 80 0 0
25705 151 0 0
25836 32 1 1
25764 48 0 0
25632 10 0 0
25726 13 1 1
25544 171 0 0
25884 19 0 0
25709 5 4 4
25664 3 0 0
25573 99 0 0
25460 228 7 7
25529 186 0 0
25578 108 0 0
25786 6 0 0
25693 34 0 0
25667 29 1 1
25598 171 0 0
25461 241 1 1
25742 27 1 1
25781 36 0 0
25798 12 0 0
25738 10 4 4
25511 162 0 0
25531 193 0 0
25666 95 1 1
25798 13 0 0
25787 11 0 0
25704 55 0 0
25613 95 1 1
25525 133 0 0
25714 51 0 0
25687 117 0 0
25646 61 0 0
25704 20 0 0
25559 145 0 0
25630 56 2 2
25692 58 1 1
25817 51 0 0
25392 371 2 2
25720 28 0 0
25500 169 0 0
25627 113 0 0
25735 3 0 0
25785 107 0 0
25673 87 0 0
25716 5 0 0
25688 70 7 7
25647 105 9 9
25581 187 0 0
25856 23 0 0
25687 17 0 0
25801 23 0 0
25606 107 1 1
25736 19 0 0
25590 179 0 0
25747 118 7 7
25688 74 0 0
25612 82 0 0
25547 112 0 0
25729 49 0 0
25587 99 0 0
25472 356 1 1
25507 38 0 0
25660 61 0 0
25652 109 0 0
25600 72 0 0
25762 29 1 1
25866 17 0 0
25535 79 1 1
25688 7 4 4
25514 164 1 1
25601 193 0 0
25713 24 0 0
25819 27 0 0
25693 6 0 0
25686 14 0 0
25633 89 0 0
25480 200 0 0
25583 97 0 0
25966 15 0 0
25727 15 0 0
25262 435 5 5
25533 183 0 0
25814 41 7 7
25607 74 0 0
25938 0 2 2
25835 21 1 1
25740 15 0 0
25520 137 0 0
25626 63 0 0
25366 379 1 1
25924 107 0 0
25720 4 0 0
25737 44 1 1
25652 113 0 0
25079 669 4 4
25673 85 0 0
25837 48 0 0
25641 49 0 0
25671 45 0 0
25703 59 0 0
25622 124 0 0
25619 77 0 0
25892 6 0 0
25510 158 0 0
25706 9 0 0
25782 14 1 1
25614 67 8 8
25739 14 3 3
25927 46 8 8
25822 9 0 0
25773 4 1 1
25586 82 0 0
25472 262 0 0
25743 27 0 0
25727 96 0 0
25630 55 0 0
25671 2 0 0
25689 112 4 4
25775 33 3 3
25780 33 0 0
25924 16 1 1
25796 1 0 0
25739 8 0 0
24963 797 1 1
25535 132 0 0
25625 35 0 0
26009 22 0 0
25672 39 0 0
25883 27 0 0
25729 18 12 12
25691 42 0 0
25621 23 1 1
25929 50 0 0
25608 47 0 0
25967 12 0 0
25605 74 0 0
25737 42 0 0
25602 39 1 1
25512 331 0 0
25745 37 0 0
25638 148 1 1
25463 189 0 0
25402 282 0 0
25657 45 6 6
25816 14 1 1
25727 15 1 1
25386 376 0 0
25689 115 0 0
25647 117 0 0
25662 66 4 4
25717 14 1 1
25673 20 0 0
25594 18 0 0
25716 19 0 0
25692 34 0 0
25632 200 0 0
25625 105 0 0
25590 102 0 0
25671 57 0 0
25618 79 0 0
25643 103 0 0
25591 122 0 0
25688 117 0 0
25649 87 1 1
25635 69 0 0
25794 8 6 6
25635 113 0 0
25576 79 0 0
26635 40 0 0
25576 37 1 1
25683 9 0 0
25638 31 7 7
25648 20 0 0
25646 81 0 0
25817 131 0 0
25672 58 0 0
25665 64 0 0
25646 93 0 0
25796 31 1 1
25595 168 1 1
25982 61 0 0
25510 105 0 0
25500 178 0 0
25584 189 2 2
25568 191 0 0
25639 83 0 0
25870 20 0 0
25766 4 0 0
25517 192 1 1
25467 294 0 0
25522 250 0 0
25573 221 1 1
25760 230 0 0
25776 28 5 5
25561 159 0 0
25262 531 1 1
25595 139 0 0
25576 97 0 0
25688 184 0 0
25698 78 0 0
25652 40 0 0
25591 163 0 0
25722 77 0 0
25609 93 0 0
25668 171 0 0
25603 111 0 0
25808 4 2 2
25192 488 1 1
25639 139 0 0
25678 96 0 0
25860 43 7 7
25733 26 0 0
25724 65 0 0
25673 101 0 0
25653 129 1 1
25678 172 0 0
25821 42 0 0
25750 60 0 0
