37921 1045 0 0
29576 1006 71 71
24878 647 0 0
25010 502 1 1
24686 795 0 0
24708 813 1 1
24892 626 0 0
24862 870 0 0
23714 1727 0 0
25467 14 1 1
25449 19 8 8
25471 88 0 0
25249 122 1 1
25532 26 0 0
25457 8 0 0
25436 53 0 0
25149 289 0 0
25363 69 0 0
25407 50 0 0
25347 122 0 0
25318 103 0 0
25421 35 0 0
25268 112 0 0
25296 163 0 0
25400 32 0 0
25404 32 1 1
25263 151 1 1
25425 42 0 0
25407 61 2 2
25371 92 0 0
25410 158 0 0
25345 92 1 1
25463 2 0 0
25416 25 0 0
25399 89 0 0
25424 36 0 0
25456 110 0 0
25393 58 0 0
25546 43 1 1
25434 8 1 1
25406 62 0 0
25237 178 0 0
25389 82 0 0
25608 38 0 0
25606 28 0 0
25300 98 1 1
25551 1 0 0
25477 37 0 0
25494 5 1 1
25524 14 0 0
25460 23 0 0
25361 64 0 0
25467 14 1 1
25406 136 1 1
25404 24 3 3
25438 7 2 2
25593 51 0 0
25480 17 0 0
23844 1646 1 1
25131 327 0 0
25350 64 1 1
25424 32 0 0
25579 15 1 1
25208 200 0 0
25254 73 0 0
25387 103 0 0
25457 72 0 0
25442 7 1 1
25396 7 0 0
25484 4 0 0
25317 150 0 0
25384 74 0 0
25290 166 0 0
25531 15 0 0
25295 117 0 0
25355 71 0 0
25429 67 1 1
25354 105 0 0
25477 45 0 0
25406 11 0 0
25297 127 0 0
25480 14 0 0
25196 215 0 0
25422 36 6 6
25400 108 0 0
25412 30 0 0
25381 52 0 0
25466 62 0 0
25325 248 1 1
25422 18 1 1
25324 59 0 0
25452 62 0 0
25423 3 0 0
25413 4 0 0
25318 113 0 0
25420 29 0 0
25412 43 0 0
25400 37 0 0
25450 14 0 0
25661 11 2 2
25389 126 1 1
25844 23 1 1
25097 394 0 0
25414 41 0 0
25406 39 1 1
25354 63 0 0
25386 82 1 1
25288 118 1 1
25347 103 0 0
25421 59 0 0
25434 33 1 1
25367 43 0 0
25366 114 0 0
25428 58 1 1
25385 73 0 0
25466 94 2 2
25405 67 0 0
25551 66 0 0
25372 77 0 0
25333 108 0 0
25490 0 0 0
25247 180 2 2
25349 78 0 0
25528 13 0 0
25349 107 1 1
25331 84 1 1
25325 129 2 2
25398 22 0 0
25483 42 3 3
25637 3 1 1
25516 46 0 0
25275 197 1 1
25350 112 0 0
25397 83 0 0
25331 94 1 1
25393 221 0 0
25440 25 0 0
24037 1513 1 1
25312 145 0 0
25389 100 0 0
25373 94 1 1
25516 2 2 2
25435 17 1 1
25456 126 0 0
25374 76 0 0
25380 147 0 0
25508 18 2 2
25466 52 0 0
25468 14 0 0
25380 65 2 2
25347 88 0 0
25416 21 0 0
25426 115 0 0
25485 0 0 0
25352 70 2 2
25351 136 0 0
25373 60 0 0
25439 5 0 0
25521 31 1 1
25361 57 0 0
25457 1 0 0
25429 142 1 1
25359 61 0 0
25334 47 1 1
25287 77 0 0
25439 16 0 0
25326 116 2 2
25390 243 1 1
25457 42 0 0
25491 31 0 0
25451 38 0 0
25484 68 0 0
25403 137 0 0
25786 298 1 1
25489 63 0 0
25395 72 0 0
25469 43 1 1
25199 182 0 0
25456 25 0 0
25419 34 0 0
25436 86 1 1
25366 82 0 0
25379 89 1 1
25418 9 0 0
25203 266 0 0
25463 5 1 1
25457 24 1 1
25439 10 0 0
25475 27 2 2
25483 13 0 0
25392 72 1 1
25405 43 0 0
25409 83 0 0
25448 9 0 0
25353 32 0 0
25458 157 0 0
25398 63 1 1
25277 219 1 1
25435 29 0 0
25503 6 1 1
25391 13 0 0
25549 37 1 1
25320 99 0 0
25421 55 1 1
25425 45 1 1
25481 28 0 0
25352 71 2 2
25532 61 7 7
25430 80 0 0
25480 9 0 0
25306 133 0 0
25397 26 0 0
25323 65 0 0
25636 48 0 0
25368 54 0 0
25467 11 0 0
25456 14 0 0
25445 16 0 0
25459 11 1 1
25384 12 0 0
25359 103 1 1
25534 18 0 0
25334 92 0 0
25398 12 0 0
25419 14 2 2
25344 104 0 0
25475 31 0 0
25430 146 1 1
25480 6 0 0
25346 87 0 0
25376 57 0 0
25367 107 0 0
25243 116 0 0
25415 50 0 0
25319 95 0 0
25473 20 0 0
25410 20 2 2
25502 48 2 2
25417 27 0 0
25286 80 0 0
25483 70 0 0
25357 76 0 0
25406 46 0 0
25186 253 0 0
25283 316 0 0
25385 68 2 2
25397 42 0 0
25416 49 0 0
25346 134 0 0
25376 71 1 1
25476 41 1 1
25443 35 1 1
25486 49 3 3
25436 11 2 2
25452 86 0 0
25403 34 1 1
25595 62 1 1
25392 39 2 2
25455 8 1 1
25401 58 0 0
25472 15 1 1
25330 64 0 0
25264 196 0 0
25423 12 1 1
25332 33 1 1
25430 55 0 0
25466 10 1 1
25419 38 1 1
25343 67 0 0
25421 12 0 0
25377 104 0 0
25531 110 0 0
25416 106 1 1
25382 72 0 0
25299 125 0 0
25515 4 0 0
25312 121 0 0
25440 9 0 0
25488 20 1 1
25334 90 1 1
25739 25 2 2
25379 48 0 0
25267 182 1 1
25433 10 0 0
25444 14 0 0
25393 93 0 0
25205 198 0 0
25491 6 2 2
25350 115 0 0
25126 313 0 0
25382 75 0 0
25418 40 0 0
25401 115 0 0
25391 49 2 2
25514 3 2 2
25466 10 1 1
25458 28 1 1
25324 141 0 0
25523 5 1 1
25364 52 1 1
25338 117 0 0
25293 101 1 1
25270 136 0 0
25299 134 0 0
25385 19 0 0
25401 53 12 12
25451 59 0 0
25439 21 0 0
25279 193 1 1
25136 245 1 1
25436 39 0 0
25393 105 0 0
25478 17 0 0
25436 25 1 1
25236 201 1 1
25384 96 0 0
24803 636 0 0
25496 101 0 0
25140 307 0 0
25339 68 0 0
25103 339 0 0
25405 62 0 0
25373 88 0 0
25656 17 0 0
25240 159 0 0
25411 5 1 1
25381 59 1 1
25359 70 0 0
25418 16 0 0
25363 183 1 1
25281 154 0 0
25420 21 0 0
25333 103 0 0
25472 23 0 0
25417 16 0 0
25417 37 0 0
25333 79 0 0
25400 75 1 1
25459 72 0 0
25408 23 1 1
25398 31 0 0
25425 12 0 0
24982 439 0 0
25399 58 0 0
25193 258 1 1
25159 253 0 0
25288 144 0 0
25443 45 0 0
25344 61 0 0
25453 37 0 0
25287 204 0 0
25336 160 0 0
25513 16 0 0
25413 85 0 0
25440 10 0 0
25211 186 0 0
25204 302 0 0
25196 257 1 1
25398 38 0 0
25510 33 0 0
25002 461 0 0
25264 200 0 0
25283 137 0 0
25312 93 0 0
25313 37 0 0
25326 94 0 0
25524 65 2 2
25491 27 0 0
25458 26 0 0
25420 51 1 1
25447 80 0 0
25390 77 1 1
25642 48 0 0
25444 23 0 0
25491 147 7 7
25149 308 1 1
25420 28 1 1
25358 35 0 0
25623 10 0 0
25448 5 0 0
25465 16 0 0
25416 8 0 0
25494 5 1 1
25363 118 0 0
25432 15 0 0
25450 42 0 0
25429 19 0 0
25462 23 0 0
25440 0 0 0
25512 25 1 1
25447 50 1 1
25279 182 1 1
25370 43 0 0
25483 49 0 0
25350 47 1 1
25433 24 0 0
25488 2 0 0
25448 35 0 0
25383 55 0 0
25405 77 1 1
25449 50 0 0
25446 31 1 1
25417 5 0 0
25384 43 3 3
25455 8 1 1
25475 16 2 2
25426 10 0 0
25476 11 2 2
25409 58 1 1
25417 38 1 1
25393 59 0 0
25461 59 0 0
25465 9 0 0
25436 11 5 5
25278 200 0 0
25155 385 0 0
25242 172 0 0
25397 39 1 1
25414 4 1 1
25433 36 0 0
25377 61 1 1
25343 103 0 0
25282 123 1 1
25322 83 0 0
25441 35 0 0
25390 39 0 0
25426 43 2 2
25348 119 0 0
25388 89 0 0
25466 55 1 1
25413 15 1 1
25447 20 1 1
25251 235 1 1
25469 14 0 0
25409 38 0 0
25314 109 0 0
25460 19 0 0
25451 2 2 2
25460 6 0 0
25389 150 0 0
25432 4 0 0
25377 41 0 0
25447 58 1 1
25408 54 0 0
25436 12 1 1
25545 77 3 3
25421 194 1 1
25359 119 0 0
25461 11 1 1
25483 41 1 1
25474 21 1 1
25599 21 1 1
25355 129 1 1
25378 44 0 0
25483 0 1 1
25348 57 1 1
25492 3 1 1
25424 33 0 0
25364 62 0 0
25390 94 0 0
25315 109 1 1
25494 22 1 1
25427 40 0 0
25291 53 1 1
25244 159 1 1
25399 53 0 0
25435 30 0 0
25399 58 1 1
25436 18 1 1
25398 119 0 0
25463 40 1 1
25292 179 0 0
25474 1 0 0
25401 26 0 0
25438 90 0 0
25541 95 0 0
25423 48 0 0
25415 55 0 0
25417 36 2 2
25350 100 0 0
25398 90 0 0
25500 88 0 0
25321 175 1 1
25375 58 1 1
25468 23 2 2
25472 2 0 0
25484 9 1 1
25487 149 0 0
25422 122 1 1
25435 53 0 0
25481 3 0 0
25395 59 0 0
25416 60 0 0
25304 222 0 0
25253 181 0 0
25468 38 0 0
25419 59 0 0
25487 27 0 0
25450 3 1 1
25349 125 1 1
25427 123 0 0
25382 83 0 0
25441 15 1 1
25500 18 0 0
25827 73 0 0
25550 117 0 0
25247 149 2 2
25386 87 2 2
25442 34 1 1
25486 26 0 0
25326 58 0 0
25529 59 0 0
25448 45 1 1
25351 102 0 0
25367 43 0 0
25493 2 1 1
25505 31 0 0
25466 230 1 1
25412 82 0 0
25427 55 0 0
25377 139 0 0
25477 22 1 1
25598 0 0 0
25549 60 0 0
25376 100 1 1
25395 33 0 0
25454 57 0 0
25452 3 2 2
25359 22 0 0
25393 104 0 0
25410 84 4 4
25353 130 1 1
25419 61 0 0
25467 6 2 2
25463 2 1 1
25245 208 0 0
25357 150 0 0
25369 81 0 0
25332 89 0 0
25388 14 2 2
25515 20 0 0
25403 71 0 0
25442 104 1 1
25338 136 0 0
25450 15 0 0
25433 47 0 0
25574 10 0 0
23943 1557 0 0
25391 92 2 2
25462 93 0 0
25490 20 0 0
25464 26 0 0
25489 10 2 2
25426 59 0 0
25432 40 0 0
25392 73 0 0
25512 9 0 0
25338 86 0 0
25437 91 0 0
25135 341 2 2
25533 61 1 1
25419 45 0 0
25481 4 0 0
25429 5 1 1
25447 12 0 0
25514 122 0 0
25327 133 0 0
25328 72 1 1
25437 45 0 0
25380 99 0 0
25482 3 0 0
25271 140 0 0
25445 64 1 1
25552 11 0 0
25624 52 1 1
25431 62 0 0
25404 15 0 0
25503 218 0 0
25245 250 0 0
25414 60 0 0
25436 50 0 0
25498 0 0 0
25444 13 11 11
25324 211 0 0
25114 346 0 0
25274 155 0 0
25426 132 0 0
25403 9 0 0
25158 83 0 0
25365 94 1 1
24063 1394 0 0
25412 52 1 1
25275 158 0 0
25295 106 0 0
25478 2 0 0
25327 82 0 0
25394 108 1 1
25428 23 2 2
25422 43 0 0
25427 25 0 0
25391 119 0 0
25352 128 0 0
25383 91 0 0
25477 5 1 1
25302 170 0 0
25455 23 1 1
25426 47 0 0
25352 54 0 0
25408 40 0 0
25473 42 0 0
25427 60 0 0
25385 21 1 1
25365 56 1 1
25479 23 0 0
25303 105 1 1
25240 183 1 1
25372 116 0 0
25514 24 0 0
25380 58 0 0
25416 51 0 0
25392 31 1 1
25284 229 0 0
25453 65 0 0
25522 8 0 0
25439 10 0 0
25488 62 0 0
25348 64 1 1
25406 41 0 0
25395 94 0 0
25470 3 0 0
25318 124 1 1
25146 330 0 0
25377 65 1 1
25435 13 0 0
25362 114 0 0
25458 12 1 1
25512 62 1 1
25528 61 1 1
25388 122 0 0
25448 28 2 2
25416 36 0 0
25475 22 0 0
25481 45 1 1
25321 115 0 0
25442 30 0 0
25440 18 0 0
25444 69 0 0
25396 17 1 1
25165 258 1 1
25219 219 0 0
25420 77 0 0
25465 99 0 0
25389 48 0 0
25469 25 0 0
25361 86 0 0
25349 127 0 0
25394 33 0 0
25396 179 0 0
25490 14 2 2
25451 50 0 0
25003 406 2 2
25497 46 1 1
25496 17 0 0
25345 151 0 0
25236 236 0 0
25391 35 1 1
25362 74 1 1
25359 75 1 1
25351 27 0 0
25276 187 0 0
25444 34 0 0
25399 82 0 0
25431 65 0 0
25362 111 0 0
25443 39 1 1
25339 206 0 0
25445 23 1 1
25403 38 1 1
25433 125 0 0
25467 91 0 0
25395 88 0 0
25465 5 0 0
25470 41 0 0
25403 21 1 1
25302 125 0 0
25363 47 0 0
25355 139 1 1
25469 0 0 0
25455 29 0 0
25486 8 0 0
25214 260 1 1
25207 220 0 0
25527 98 0 0
25405 151 1 1
25481 2 0 0
25468 10 0 0
25292 189 1 1
25312 211 0 0
25370 18 0 0
25415 23 1 1
25397 107 0 0
25289 174 0 0
25237 239 0 0
24784 679 0 0
25211 195 0 0
25426 90 0 0
25346 98 0 0
25341 143 0 0
25382 60 0 0
25447 36 0 0
25505 88 0 0
25381 139 0 0
25385 88 1 1
25407 22 0 0
25166 297 0 0
25243 257 0 0
25516 48 1 1
25323 151 0 0
25396 25 0 0
25410 14 1 1
25403 62 0 0
25367 101 0 0
25482 1 0 0
25351 118 1 1
25369 81 3 3
25237 221 1 1
25265 170 1 1
25320 186 0 0
25674 91 0 0
25373 176 0 0
25281 184 0 0
25338 143 1 1
25271 307 0 0
25473 14 0 0
25525 19 0 0
25363 71 0 0
25284 134 0 0
25456 1 0 0
25391 59 1 1
25365 76 1 1
25639 23 0 0
25360 136 0 0
25399 55 0 0
25460 88 0 0
25450 2 0 0
25442 58 0 0
25437 17 0 0
25338 158 0 0
25405 79 1 1
25364 97 0 0
25253 258 0 0
25402 75 1 1
24505 4294967289 7 7
25482 66 0 0
25398 62 1 1
25456 9 1 1
25320 125 0 0
25280 181 0 0
25506 15 2 2
25376 99 0 0
25337 173 0 0
25407 16 0 0
25420 15 0 0
25753 75 0 0
25554 37 2 2
25348 57 0 0
25511 47 0 0
25507 8 2 2
25379 95 1 1
25533 54 1 1
25380 84 0 0
25376 90 1 1
25426 52 0 0
25464 31 0 0
25372 100 0 0
25413 39 0 0
25413 218 0 0
25523 5 1 1
25509 6 1 1
25263 190 1 1
25424 73 0 0
25478 127 0 0
25446 30 0 0
25429 43 0 0
25427 3 0 0
25512 9 0 0
25307 161 0 0
25606 26 0 0
25439 49 1 1
25421 2 0 0
25369 91 0 0
25200 231 1 1
25290 182 0 0
25340 100 0 0
25401 9 0 0
25447 34 0 0
25437 17 0 0
25297 172 0 0
25213 246 0 0
25465 16 0 0
25457 26 0 0
25535 6 1 1
25481 9 1 1
25278 164 0 0
25281 191 1 1
25470 92 5 5
25471 7 0 0
25472 30 1 1
25455 51 0 0
25413 104 0 0
25288 122 0 0
25424 61 1 1
25307 126 0 0
25418 65 0 0
25463 10 0 0
25438 24 0 0
25361 58 1 1
25433 58 0 0
25532 51 0 0
25120 367 0 0
25427 44 0 0
25253 171 0 0
25349 112 0 0
25494 8 0 0
25553 94 0 0
25383 88 1 1
25536 3 0 0
25430 78 2 2
25396 94 1 1
25305 189 0 0
25580 27 4 4
25451 15 0 0
25528 10 0 0
25428 92 0 0
25485 17 0 0
25325 159 0 0
25404 121 0 0
25408 82 0 0
25391 72 0 0
25319 113 0 0
25515 48 0 0
25339 123 0 0
25508 82 0 0
25432 31 0 0
25411 82 0 0
25419 109 0 0
25375 74 0 0
25548 9 1 1
25623 19 0 0
25310 60 6 6
25446 15 0 0
25278 161 1 1
25314 191 0 0
25464 27 1 1
25590 17 0 0
25458 7 0 0
25457 16 0 0
25360 71 0 0
25246 124 0 0
25337 98 0 0
25784 2 0 0
25478 13 0 0
25021 434 1 1
25290 179 0 0
25533 50 0 0
25356 69 1 1
25675 0 0 0
25509 22 0 0
25427 21 0 0
25281 130 1 1
25385 68 1 1
25118 375 1 1
25672 102 0 0
25461 18 0 0
25482 44 1 1
25354 108 0 0
24900 633 0 0
25419 80 0 0
25597 59 0 0
24993 482 0 0
25427 30 0 0
25443 67 0 0
25399 121 0 0
25383 76 0 0
25637 5 0 0
25514 42 0 0
25454 2 0 0
25542 55 0 0
25377 56 4 4
25413 6 1 1
25665 32 0 0
25634 4 0 0
25522 12 1 1
25323 85 0 0
25222 269 2 2
25486 30 0 0
25474 99 0 0
25365 73 0 0
25442 9 0 0
25375 148 0 0
25651 22 4 4
25457 30 0 0
25654 8 1 1
25523 0 0 0
25507 3 0 0
24735 758 0 0
25343 97 0 0
25402 32 0 0
25690 17 2 2
25428 37 0 0
25519 5 0 0
25490 22 1 1
25469 35 0 0
25376 17 1 1
25561 55 1 1
25490 50 2 2
25529 23 0 0
25385 78 0 0
25470 28 0 0
25437 46 0 0
25220 318 0 0
25483 46 1 1
25348 136 1 1
25290 187 0 0
25169 247 1 1
25455 53 0 0
25520 8 0 0
25483 9 1 1
25281 248 0 0
25374 91 0 0
25420 111 0 0
25364 61 1 1
25567 14 0 0
25475 21 0 0
25431 7 0 0
25489 15 0 0
25419 28 0 0
25279 214 0 0
25402 98 2 2
25332 93 1 1
25405 64 0 0
25353 76 0 0
25385 93 0 0
25350 122 1 1
25391 131 1 1
25409 76 0 0
25433 59 0 0
25522 12 0 0
25386 119 0 0
25331 85 0 0
26188 51 1 1
25422 32 3 3
25429 14 0 0
25396 16 2 2
25474 17 0 0
25345 87 0 0
25556 160 0 0
25462 22 1 1
25361 70 1 1
25410 83 0 0
25555 36 0 0
25360 173 1 1
25704 70 0 0
25378 111 0 0
25246 190 0 0
25363 185 4 4
25273 189 0 0
25392 90 0 0
25602 26 1 1
25511 8 0 0
25295 190 0 0
25208 286 1 1
25276 252 1 1
25313 214 0 0
25524 245 0 0
25532 23 0 0
25310 161 2 2
25004 540 0 0
25372 150 0 0
25362 79 0 0
25396 194 0 0
25448 77 0 0
25370 41 2 2
25257 186 1 1
25461 73 2 2
25365 95 0 0
25392 172 1 1
25357 108 2 2
25554 39 0 0
24945 457 3 3
25413 139 0 0
25419 93 0 0
25603 62 0 0
25490 16 0 0
25421 60 0 0
25370 108 0 0
25375 105 0 0
25371 155 0 0
25446 69 2 2
25464 61 1 1
