24626 0 6 6
24458 0 1 1
24454 0 1 1
24450 0 0 0
24481 0 0 0
24451 0 0 0
24450 0 1 1
24450 10 0 0
24083 368 1 1
24445 0 0 0
24450 0 0 0
24451 0 0 0
24449 12 0 0
24457 0 0 0
24446 10 0 0
24461 0 0 0
24508 0 7 7
24536 0 1 1
24451 0 0 0
24452 0 0 0
24455 0 0 0
24450 0 1 1
24281 172 0 0
24410 43 0 0
24445 0 0 0
24455 0 0 0
24465 0 1 1
24452 0 0 0
24444 9 0 0
24465 0 0 0
24451 0 2 2
24450 0 0 0
24372 85 0 0
24396 54 2 2
24451 0 0 0
24444 0 0 0
24454 0 0 0
24338 106 0 0
24240 213 0 0
24423 38 0 0
24435 19 0 0
24453 0 0 0
24453 0 0 0
24450 0 0 0
24456 0 0 0
24455 0 0 0
24461 0 0 0
24378 78 0 0
24413 67 0 0
24452 0 1 1
24447 0 0 0
24453 0 0 0
24247 207 0 0
24454 1 0 0
24464 0 0 0
24454 0 0 0
24453 0 1 1
24455 6 0 0
24451 0 0 0
24445 4 1 1
24459 0 0 0
24455 0 0 0
24453 0 1 1
24398 58 1 1
24388 63 0 0
24465 0 1 1
24467 0 0 0
24305 155 0 0
24472 50 8 8
24368 85 0 0
24457 0 0 0
24446 0 0 0
24454 0 1 1
24329 125 0 0
24385 66 0 0
24431 13 0 0
24458 0 1 1
24453 0 0 0
24455 0 0 0
24446 0 4 4
24495 0 1 1
24454 0 1 1
24457 0 0 0
24462 0 0 0
24490 0 3 3
24451 0 1 1
24448 0 0 0
24446 0 1 1
24441 0 0 0
24436 14 1 1
24454 0 1 1
24452 0 0 0
24461 0 0 0
24455 0 0 0
24443 10 0 0
24453 0 0 0
24450 0 0 0
24323 129 0 0
24445 4 0 0
24462 0 0 0
24431 23 0 0
24444 0 0 0
24467 0 1 1
24451 0 0 0
24444 0 0 0
24265 184 0 0
24457 0 0 0
24454 0 0 0
24453 0 0 0
24500 6 2 2
24448 0 0 0
24442 76 6 6
24458 0 1 1
24454 0 0 0
24450 1 0 0
24468 0 0 0
24194 240 0 0
24452 0 0 0
24460 0 0 0
24446 0 1 1
24427 22 0 0
24455 0 0 0
24451 0 0 0
24457 0 0 0
24437 0 0 0
24468 1 0 0
24444 0 0 0
24456 0 0 0
24463 0 0 0
24461 0 0 0
24454 0 0 0
24451 0 0 0
24450 0 0 0
24448 0 1 1
24515 0 0 0
24450 0 0 0
24427 23 0 0
24450 0 0 0
24101 354 0 0
24453 0 0 0
24454 0 0 0
24408 38 1 1
24453 0 0 0
24452 0 0 0
24455 0 0 0
24434 12 0 0
24454 4 2 2
24445 0 0 0
24450 4 0 0
24443 0 0 0
24137 309 0 0
24455 0 1 1
24456 0 0 0
24455 0 0 0
24454 0 0 0
24453 0 0 0
24448 3 0 0
24450 0 0 0
24452 0 0 0
24452 0 0 0
24455 0 0 0
24462 0 0 0
24440 0 0 0
24454 0 0 0
24450 0 1 1
24457 0 1 1
24360 91 0 0
24451 0 0 0
24448 0 0 0
24444 0 0 0
24385 78 0 0
24386 68 0 0
24453 0 1 1
24463 0 0 0
24454 0 0 0
24375 75 0 0
24385 65 0 0
24455 0 0 0
24455 0 1 1
24454 0 0 0
24379 72 0 0
24452 0 0 0
24454 0 0 0
24658 0 0 0
24509 0 3 3
24456 0 1 1
24273 172 0 0
24443 4 0 0
24449 0 0 0
24452 0 0 0
24456 0 0 0
24453 0 0 0
24449 0 0 0
24451 0 0 0
24451 0 1 1
24452 0 0 0
24423 23 1 1
24448 0 0 0
24456 2 0 0
24452 0 1 1
24552 0 4 4
24444 0 0 0
24462 0 0 0
24450 0 0 0
24445 0 0 0
24451 0 0 0
24429 26 0 0
24460 0 0 0
24456 0 0 0
24451 0 0 0
24443 0 0 0
24462 0 1 1
24478 16 5 5
24451 0 0 0
24453 0 0 0
24453 0 0 0
24450 0 0 0
24443 13 0 0
24450 0 0 0
24446 11 0 0
24450 0 1 1
24451 0 1 1
24453 0 0 0
24452 0 0 0
24479 0 0 0
24447 0 0 0
24361 86 1 1
24383 71 0 0
24454 0 0 0
24452 0 0 0
24454 0 2 2
24374 75 0 0
24368 86 0 0
24457 0 0 0
24454 0 1 1
24451 0 0 0
24380 66 0 0
24379 77 1 1
24438 12 0 0
24419 0 0 0
24443 0 0 0
24460 0 0 0
24452 0 0 0
24455 0 0 0
24457 0 1 1
24439 0 0 0
24455 0 0 0
24443 0 0 0
24452 0 0 0
24461 0 0 0
24349 101 2 2
24452 0 0 0
24455 0 0 0
24401 47 0 0
24437 0 1 1
24447 0 0 0
24510 0 7 7
24453 2 0 0
24507 0 4 4
24518 0 9 9
24445 0 0 0
24453 0 0 0
24449 0 0 0
24446 0 0 0
24445 0 1 1
24453 0 2 2
24515 0 7 7
24453 0 0 0
24431 21 1 1
24459 13 0 0
24455 0 0 0
24451 0 0 0
24453 0 0 0
24452 4 0 0
24516 11 0 0
24304 144 0 0
24453 0 0 0
24457 0 0 0
24456 0 0 0
24461 0 0 0
24454 0 1 1
24450 0 0 0
24443 0 0 0
24449 4 0 0
24424 21 0 0
24455 0 1 1
24454 0 0 0
24452 0 0 0
24453 0 0 0
24492 0 0 0
24454 0 0 0
24460 0 0 0
24445 6 0 0
24455 0 0 0
24419 32 0 0
24451 0 0 0
24454 0 0 0
24451 0 0 0
24424 26 0 0
24395 54 0 0
24444 0 0 0
24451 0 0 0
24447 0 0 0
24448 0 0 0
24454 0 0 0
24446 0 0 0
24450 0 0 0
24457 0 1 1
24509 0 6 6
24456 0 0 0
24455 0 0 0
24456 0 0 0
24449 0 0 0
24450 0 0 0
24446 0 0 0
24452 0 0 0
24457 0 1 1
24454 0 0 0
24391 61 0 0
24288 142 0 0
24449 0 0 0
24447 0 0 0
24449 0 0 0
24499 0 0 0
24456 0 0 0
24457 0 0 0
24425 28 0 0
24449 0 1 1
24456 0 0 0
24450 0 0 0
24437 8 1 1
24453 0 0 0
24451 0 1 1
24451 0 0 0
24453 0 0 0
24450 0 0 0
24451 0 0 0
24453 0 0 0
24462 1 1 1
24456 0 0 0
24460 0 0 0
24455 0 1 1
24456 0 0 0
24455 0 0 0
24453 2 0 0
24452 0 0 0
24450 0 0 0
24455 0 0 0
24451 0 0 0
24439 14 0 0
24457 0 0 0
24461 0 0 0
24453 0 0 0
24454 0 0 0
24453 0 0 0
24446 1 2 2
24451 0 1 1
24449 0 0 0
24456 0 0 0
24514 0 7 7
24456 0 0 0
24453 0 0 0
24456 0 0 0
24453 0 0 0
24454 0 1 1
24452 0 0 0
24452 0 0 0
24450 0 0 0
24449 0 1 1
24454 0 4 4
24455 0 0 0
24458 0 0 0
24444 0 0 0
24456 0 1 1
24462 0 0 0
24458 0 0 0
24447 0 0 0
24454 0 0 0
24449 0 1 1
24444 12 0 0
24450 0 0 0
24455 0 0 0
24451 0 0 0
24448 0 0 0
24449 0 0 0
24463 0 0 0
24457 0 0 0
24440 14 1 1
24454 0 0 0
24285 169 0 0
24457 0 0 0
24448 0 0 0
24446 0 0 0
24451 0 0 0
24418 11 0 0
24454 0 0 0
24449 0 0 0
24444 0 0 0
24441 0 0 0
24451 0 0 0
24439 8 0 0
24464 4 0 0
24510 1 3 3
24461 0 0 0
24517 0 7 7
24463 0 0 0
24433 20 2 2
24513 0 6 6
24459 0 0 0
24461 0 0 0
24455 0 0 0
24452 0 0 0
24457 0 0 0
24455 0 0 0
24451 0 0 0
24508 0 0 0
24452 0 0 0
24452 0 0 0
24456 0 0 0
24450 0 0 0
24444 7 0 0
24444 3 0 0
24455 0 0 0
24450 0 0 0
24416 35 1 1
24447 0 0 0
24510 0 0 0
24452 0 1 1
24452 0 0 0
24469 0 1 1
24460 0 0 0
24445 8 0 0
24451 0 0 0
24446 0 0 0
24457 0 0 0
24452 0 1 1
24444 9 0 0
24447 0 0 0
24425 30 0 0
24477 0 0 0
24446 0 1 1
24441 0 0 0
24451 0 0 0
24452 0 0 0
24466 0 0 0
24451 0 0 0
24420 9 0 0
24446 0 0 0
24452 0 1 1
24457 0 1 1
24451 0 0 0
24451 0 0 0
24426 25 1 1
24453 0 0 0
24461 0 0 0
24464 0 1 1
24446 6 0 0
24451 0 0 0
24456 0 0 0
24452 0 0 0
24445 0 1 1
24440 6 0 0
24454 0 0 0
24452 0 0 0
24448 0 0 0
24453 0 0 0
24445 0 0 0
24456 0 0 0
24452 0 0 0
24452 0 0 0
24444 0 0 0
24453 0 2 2
24438 16 0 0
24451 0 0 0
24451 0 0 0
24459 0 0 0
24453 0 0 0
24503 0 0 0
24466 0 0 0
24453 0 0 0
24453 0 1 1
24377 79 0 0
24430 11 0 0
24246 201 0 0
24453 0 0 0
24452 0 0 0
24453 0 0 0
24430 23 0 0
24446 0 0 0
24450 0 0 0
24456 0 0 0
24453 0 0 0
24442 11 0 0
24443 1 0 0
24445 0 0 0
24466 0 0 0
24440 5 0 0
24265 183 0 0
24456 0 0 0
24491 0 0 0
24458 0 0 0
24455 0 0 0
24448 0 0 0
24471 0 0 0
24446 0 0 0
24457 0 0 0
24452 0 0 0
24442 0 1 1
24452 0 0 0
24448 0 0 0
24462 0 1 1
24462 0 0 0
24295 165 0 0
24420 38 1 1
24452 0 0 0
24432 0 0 0
24447 0 0 0
24459 0 0 0
24460 0 0 0
24451 4 0 0
24452 0 0 0
24449 0 1 1
24448 11 0 0
24295 156 0 0
24444 0 0 0
24446 0 0 0
24455 0 0 0
24318 134 0 0
24449 0 0 0
24445 6 0 0
24445 8 0 0
24453 0 0 0
24455 0 0 0
24437 14 0 0
24448 2 0 0
24455 0 0 0
24454 0 0 0
24446 0 0 0
24455 0 0 0
24430 26 0 0
24451 0 0 0
24463 0 0 0
24314 146 3 3
24463 3 0 0
24446 8 0 0
24450 0 0 0
24451 0 0 0
24462 0 0 0
24376 74 0 0
24428 29 0 0
24453 0 0 0
24458 0 0 0
24408 54 0 0
24310 143 1 1
24440 13 0 0
24482 0 6 6
24457 0 0 0
24426 26 1 1
24450 0 1 1
24456 0 0 0
24441 12 0 0
24451 0 0 0
24457 0 0 0
24450 0 0 0
24453 0 0 0
24438 7 0 0
24449 0 0 0
24453 0 0 0
24453 0 0 0
24445 0 0 0
24443 7 0 0
24583 0 0 0
24452 0 0 0
24452 0 0 0
24438 0 0 0
24453 0 0 0
24455 0 0 0
24454 0 0 0
24455 0 0 0
24452 0 0 0
24456 2 0 0
24442 8 1 1
24517 0 0 0
24447 0 0 0
24423 25 0 0
24456 0 0 0
24449 0 0 0
24445 0 0 0
24453 0 0 0
24451 0 0 0
24443 12 0 0
24439 2 0 0
24436 7 0 0
24457 0 0 0
24451 4 0 0
24445 8 0 0
24458 0 0 0
24455 0 0 0
24451 0 0 0
24393 64 0 0
24449 0 0 0
24451 6 0 0
24323 188 5 5
24364 87 0 0
24365 85 0 0
24460 2 0 0
24450 0 0 0
24448 1 0 0
24375 81 0 0
24373 78 0 0
24450 0 0 0
24452 0 0 0
24456 0 0 0
24470 0 0 0
24432 19 0 0
24450 0 0 0
24444 0 1 1
24442 3 0 0
24464 0 0 0
24454 0 0 0
24449 0 0 0
24446 0 0 0
24436 7 0 0
24452 0 0 0
24434 14 0 0
24452 0 0 0
24448 1 0 0
24452 0 0 0
24468 0 0 0
24451 3 0 0
24465 0 0 0
24451 7 0 0
24447 5 0 0
24452 0 0 0
24431 22 1 1
24444 4 0 0
24452 0 0 0
24448 7 0 0
24445 0 0 0
24451 0 1 1
24456 0 0 0
24450 0 0 0
24437 24 0 0
24447 0 0 0
24450 0 0 0
24450 0 0 0
24280 171 0 0
24457 0 0 0
24456 0 0 0
24450 0 0 0
24453 0 0 0
24461 0 0 0
24449 0 0 0
24452 0 0 0
24517 0 7 7
24423 32 0 0
24456 0 0 0
24451 0 0 0
24452 0 0 0
24397 116 1 1
24306 145 0 0
24454 0 1 1
24506 0 0 0
24449 0 0 0
24449 0 0 0
24388 64 0 0
24361 89 0 0
24453 0 0 0
24446 4 0 0
24451 0 0 0
24372 74 0 0
24388 65 0 0
24459 0 1 1
24451 0 0 0
24434 0 0 0
24464 0 0 0
24453 0 1 1
24458 0 1 1
24456 0 0 0
24444 0 0 0
24453 0 0 0
24453 0 0 0
24471 0 0 0
24451 0 0 0
24446 0 0 0
24443 9 1 1
24427 22 0 0
24453 0 0 0
24459 0 0 0
24454 0 0 0
24452 0 0 0
24430 18 0 0
24449 0 0 0
24450 0 1 1
24445 0 0 0
24459 0 0 0
24452 0 0 0
24450 0 0 0
24446 0 0 0
24455 0 0 0
24445 0 0 0
24455 0 0 0
24455 0 0 0
24452 0 0 0
24449 0 0 0
24039 407 0 0
24375 73 0 0
24456 0 0 0
24512 0 6 6
24452 0 0 0
24392 62 0 0
24456 0 0 0
24453 0 0 0
24445 0 0 0
24445 0 0 0
24455 0 0 0
24452 0 0 0
24311 143 0 0
24458 0 0 0
24452 0 0 0
24453 0 0 0
24301 151 0 0
24454 0 1 1
24470 0 0 0
24452 0 0 0
24452 0 1 1
24451 0 0 0
24442 24 0 0
24450 0 0 0
24453 0 0 0
24451 0 0 0
24444 1 0 0
24458 4 0 0
24457 0 0 0
24444 0 1 1
24282 173 0 0
24453 0 0 0
24453 0 0 0
24454 0 0 0
24448 0 0 0
24453 0 0 0
24453 0 0 0
24446 0 0 0
24454 0 0 0
24450 0 0 0
24467 0 0 0
24449 0 0 0
24443 0 0 0
24439 12 0 0
24456 0 1 1
24452 0 1 1
24455 0 2 2
24454 0 0 0
24449 3 0 0
24440 0 0 0
24452 0 1 1
24438 0 0 0
24524 0 0 0
24452 0 0 0
24452 0 0 0
24445 0 0 0
24455 0 1 1
24443 11 0 0
24451 0 0 0
24448 0 0 0
24457 0 0 0
24452 0 1 1
24434 19 0 0
24453 0 0 0
24461 0 0 0
24451 0 0 0
24454 0 0 0
24454 1 1 1
24435 20 0 0
24464 0 0 0
24458 0 0 0
24459 0 0 0
24451 0 0 0
24432 16 0 0
24454 0 0 0
24514 0 9 9
24202 250 0 0
24452 0 0 0
24464 21 1 1
24454 0 1 1
24464 0 0 0
24451 0 0 0
24455 0 0 0
24439 5 0 0
24454 0 0 0
24453 0 0 0
24454 0 0 0
24451 2 2 2
24450 0 0 0
24310 147 0 0
24452 0 0 0
24451 0 0 0
24455 0 0 0
24453 0 1 1
24433 7 1 1
24455 0 1 1
24450 0 0 0
24442 5 0 0
24746 18 7 7
24452 0 0 0
24509 0 0 0
24453 0 0 0
24449 0 0 0
24437 7 0 0
24459 0 0 0
24453 1 0 0
24446 0 0 0
24461 0 2 2
24459 3 0 0
24445 0 0 0
24453 0 1 1
24457 0 0 0
24448 0 0 0
24455 0 1 1
24520 0 0 0
24451 0 0 0
24446 0 0 0
24453 0 0 0
24435 13 0 0
24446 0 0 0
24454 0 0 0
24452 0 0 0
24451 0 1 1
24350 108 0 0
24418 99 8 8
24448 0 1 1
24457 0 0 0
24449 0 0 0
24367 87 0 0
24445 0 0 0
24457 0 0 0
24455 0 0 0
24446 0 0 0
24395 57 0 0
24451 0 0 0
24451 0 0 0
24448 0 0 0
24448 0 0 0
24460 0 0 0
24450 0 0 0
24456 0 0 0
24450 0 1 1
24456 0 1 1
24452 0 0 0
24453 0 0 0
24435 10 0 0
24514 0 3 3
24453 0 0 0
24402 69 0 0
24425 83 0 0
24455 0 1 1
24459 0 0 0
24456 0 0 0
24365 85 0 0
24379 75 0 0
24449 0 0 0
24444 0 0 0
24451 0 0 0
24394 62 0 0
24379 77 0 0
24457 0 0 0
24462 0 0 0
24450 0 0 0
24434 0 0 0
24443 0 0 0
24428 20 0 0
24452 0 0 0
24506 0 5 5
24451 0 0 0
24446 6 0 0
24444 0 1 1
24454 0 0 0
24452 0 0 0
24458 54 1 1
24510 0 6 6
24451 0 1 1
24443 0 0 0
24453 0 0 0
24511 0 7 7
24461 13 0 0
24453 0 0 0
24444 0 1 1
24453 0 1 1
24451 0 0 0
24455 0 0 0
24453 0 0 0
24450 0 0 0
24452 0 0 0
24452 0 0 0
24432 13 0 0
24446 8 0 0
24451 0 1 1
24457 0 0 0
24448 0 0 0
24432 22 0 0
24446 0 0 0
24563 0 0 0
24449 0 0 0
24475 0 0 0
24455 0 1 1
24508 0 0 0
24448 9 0 0
24508 0 7 7
24445 0 0 0
24451 0 0 0
24437 14 0 0
24447 0 0 0
24450 0 0 0
24455 0 0 0
24399 57 1 1
24378 80 1 1
24456 0 0 0
24452 0 0 0
24450 0 0 0
24394 60 0 0
24381 69 0 0
24442 13 0 0
24450 0 0 0
24456 0 0 0
24452 0 0 0
24376 58 0 0
24248 208 0 0
24445 0 0 0
24507 0 5 5
24455 0 0 0
24442 4 0 0
24216 237 0 0
24451 0 0 0
24469 33 5 5
24455 0 0 0
24436 16 0 0
24449 0 1 1
24450 0 0 0
24451 0 0 0
24445 0 0 0
24432 28 0 0
24456 0 0 0
24453 0 0 0
24457 0 0 0
24426 0 0 0
24418 35 0 0
24432 28 0 0
24455 0 0 0
24449 3 0 0
24455 0 0 0
24456 0 1 1
24512 0 7 7
24450 0 0 0
24433 0 0 0
24452 0 0 0
24445 0 0 0
24352 99 0 0
24411 40 0 0
24421 29 0 0
24453 0 0 0
24451 0 0 0
24447 0 0 0
24446 8 0 0
24459 0 1 1
24450 0 0 0
24452 0 0 0
24451 0 0 0
24425 29 0 0
24452 0 0 0
24450 0 0 0
24460 0 0 0
24453 5 0 0
24454 0 0 0
24454 0 0 0
24449 0 0 0
24457 0 0 0
24459 0 0 0
24452 1 0 0
24457 0 1 1
24459 0 1 1
24452 0 0 0
24450 0 0 0
24434 19 0 0
24452 0 1 1
24450 0 0 0
24455 0 0 0
24295 156 0 0
24453 0 0 0
24455 0 0 0
24445 0 1 1
24444 0 0 0
24444 7 1 1
24425 0 0 0
24454 0 0 0
24455 0 0 0
24452 0 0 0
24462 0 0 0
24449 0 0 0
24450 0 0 0
24450 0 0 0
