1 38572.0
2 17643.0
3 41920.0
4 59563.0
5 34088.0
6 74615.0
7 65585.0
8 84806.0
9 13225.0
10 22001.0
11 57601.0
12 13829.0
13 92699.0
14 14999.0
15 131455.0
16 20645.0
17 164099.0
18 17324.0
19 133934.0
20 15302.0
21 83311.0
22 94575.0
23 15286.0
24 24981.0
25 123228.0
26 79278.0
27 13494.0
28 57751.0
29 88470.0
30 68122.0
31 60642.0
32 96872.0
33 94524.0
34 103269.0
35 23358.0
36 17259.0
37 156903.0
38 14607.0
39 14060.0
40 19677.0
41 105395.0
42 75833.0
43 161750.0
44 14997.0
45 117532.0
46 51944.0
47 181405.0
48 13614.0
49 81461.0
50 186017.0
51 194237.0
52 106317.0
53 152297.0
54 91450.0
55 14108.0
56 14219.0
57 57743.0
58 16847.0
59 13400.0
60 69984.0
61 153120.0
62 15186.0
63 50779.0
64 100975.0
65 87353.0
66 20049.0
67 133513.0
68 15528.0
69 17789.0
70 26413.0
71 29541.0
72 13375.0
73 189604.0
74 16699.0
75 32529.0
76 123087.0
77 16654.0
78 59050.0
79 205354.0
80 18396.0
81 144125.0
82 16074.0
83 51796.0
84 172773.0
85 14991.0
86 13860.0
87 18438.0
88 98154.0
89 89747.0
90 220291.0
91 93978.0
92 64686.0
93 55144.0
94 91063.0
95 60965.0
96 163065.0
97 115627.0
98 34908.0
99 121229.0
100 105340.0
101 203814.0
102 102021.0
103 136718.0
104 79834.0
105 34215.0
106 21265.0
107 132734.0
108 129891.0
109 31106.0
110 16411.0
111 55432.0
112 69728.0
113 21524.0
114 14452.0
115 76153.0
116 114942.0
117 14783.0
118 161538.0
119 187198.0
120 103615.0
121 96492.0
122 15517.0
123 89242.0
124 44727.0
125 16779.0
126 37270.0
127 37040.0
128 21826.0
129 97765.0
130 112997.0
131 91086.0
132 74816.0
133 142240.0
134 94636.0
135 86793.0
136 26801.0
137 23301.0
138 54019.0
139 13702.0
140 13861.0
141 14892.0
142 30353.0
143 133938.0
144 13900.0
145 23252.0
146 119470.0
147 15315.0
148 105053.0
149 13582.0
150 116346.0
151 114160.0
152 26207.0
153 136497.0
154 15984.0
155 45846.0
156 13325.0
157 115704.0
158 117935.0
159 14299.0
160 196624.0
161 19788.0
162 47691.0
163 15184.0
164 135832.0
165 196490.0
166 87226.0
167 89500.0
168 15109.0
169 91673.0
170 103016.0
171 53763.0
172 15503.0
173 155621.0
174 40763.0
175 15598.0
176 67466.0
177 58702.0
178 16695.0
179 14170.0
180 69290.0
181 23589.0
182 107554.0
183 152322.0
184 83382.0
185 204547.0
186 30088.0
187 152389.0
188 76057.0
189 16126.0
190 143583.0
191 15761.0
192 24604.0
193 26690.0
194 104919.0
195 43457.0
196 15892.0
197 216625.0
198 146451.0
199 133369.0
200 168298.0
201 15669.0
202 39872.0
203 146927.0
204 16174.0
205 128832.0
206 99924.0
207 205612.0
208 56906.0
209 101902.0
210 81469.0
211 14583.0
212 16340.0
213 60906.0
214 51350.0
215 99461.0
216 187476.0
217 52055.0
218 131073.0
219 71616.0
220 106367.0
221 25996.0
222 13669.0
223 15816.0
224 197942.0
225 14881.0
226 102668.0
227 59276.0
228 150134.0
229 88194.0
230 54861.0
231 190914.0
232 109302.0
233 69651.0
234 220964.0
235 155749.0
236 115630.0
237 36264.0
238 65553.0
239 69984.0
240 18136.0
241 52204.0
242 46235.0
243 45700.0
244 52667.0
245 13962.0
246 16579.0
247 65759.0
248 86313.0
249 74603.0
250 13676.0
251 190550.0
252 91273.0
253 15556.0
254 130150.0
255 21229.0
256 15415.0
257 70669.0
258 100008.0
259 167151.0
260 100851.0
261 14955.0
262 129834.0
263 73913.0
264 58761.0
265 80731.0
266 14873.0
267 15481.0
268 205379.0
269 38686.0
270 182591.0
271 15845.0
272 123355.0
273 93374.0
274 71543.0
275 103650.0
276 66518.0
277 204494.0
278 22117.0
279 147001.0
280 189312.0
281 28540.0
282 73429.0
283 19073.0
284 14067.0
285 180474.0
286 96973.0
287 144442.0
288 85273.0
289 13782.0
290 15966.0
291 67076.0
292 16087.0
293 166920.0
294 33748.0
295 15820.0
296 37185.0
297 21081.0
298 215335.0
299 52287.0
300 15929.0
301 19296.0
302 151722.0
303 16450.0
304 180855.0
305 53654.0
306 105818.0
307 192699.0
308 188833.0
309 19314.0
310 144148.0
311 47868.0
312 179693.0
313 198447.0
314 92256.0
315 44033.0
316 63177.0
317 13655.0
318 151071.0
319 79893.0
320 89940.0
321 183548.0
322 162182.0
323 104789.0
324 180345.0
325 90161.0
326 67635.0
327 87257.0
328 104736.0
329 152315.0
330 191749.0
331 201696.0
332 100566.0
333 38987.0
334 90682.0
335 149437.0
336 33059.0
337 152794.0
338 13269.0
339 180222.0
340 42116.0
341 55887.0
342 148448.0
343 15849.0
344 13686.0
345 23689.0
346 45515.0
347 115622.0
348 38856.0
349 16129.0
350 96287.0
351 180535.0
352 137652.0
353 20531.0
354 19896.0
355 66638.0
356 105408.0
357 115390.0
358 194830.0
359 13614.0
360 104817.0
361 196663.0
362 216520.0
363 88521.0
364 86547.0
365 81935.0
366 94872.0
367 138583.0
368 183193.0
369 33186.0
370 60690.0
371 99712.0
372 97767.0
373 15144.0
374 119577.0
375 67999.0
376 15835.0
377 15769.0
378 189602.0
379 122891.0
380 13712.0
381 51164.0
382 100701.0
383 189629.0
384 14097.0
385 166843.0
386 15392.0
387 13756.0
388 56476.0
389 192107.0
390 16036.0
391 15769.0
392 17848.0
393 17420.0
394 50229.0
395 99412.0
396 77706.0
397 15983.0
398 98347.0
399 15460.0
400 104330.0
401 44131.0
402 16078.0
403 153792.0
404 161022.0
405 38040.0
406 95554.0
407 89024.0
408 195551.0
409 24020.0
410 144099.0
411 29803.0
412 139085.0
413 13081.0
414 14966.0
415 69678.0
416 18845.0
417 13829.0
418 63471.0
419 15841.0
420 78665.0
421 133691.0
422 200928.0
423 24911.0
424 115545.0
425 195829.0
426 46666.0
427 169910.0
428 14721.0
429 105091.0
430 174495.0
431 67477.0
432 59191.0
433 19809.0
434 158018.0
435 51663.0
436 22217.0
437 106560.0
438 92676.0
439 141267.0
440 22795.0
441 25618.0
442 104418.0
443 123961.0
444 45938.0
445 173899.0
446 16512.0
447 15831.0
448 95850.0
449 14620.0
450 116082.0
451 83633.0
452 21797.0
453 85004.0
454 168189.0
455 50283.0
456 24824.0
457 168829.0
458 105240.0
459 23172.0
460 28487.0
461 80847.0
462 88485.0
463 115230.0
464 102998.0
465 17255.0
466 15738.0
467 16035.0
468 77131.0
469 14734.0
470 158654.0
471 39588.0
472 78067.0
473 194729.0
474 18474.0
475 188810.0
476 17842.0
477 201730.0
478 13845.0
479 203855.0
480 85662.0
481 105957.0
482 75041.0
483 115414.0
484 36368.0
485 58730.0
486 189075.0
487 13628.0
488 49763.0
489 137971.0
490 154175.0
491 90661.0
492 15558.0
493 20601.0
494 157485.0
495 117351.0
496 102845.0
497 15584.0
498 15929.0
499 110518.0
500 50324.0
501 173795.0
502 74928.0
503 15495.0
504 51819.0
505 56843.0
506 87290.0
507 76801.0
508 51320.0
509 19104.0
510 33557.0
511 116986.0
512 89124.0
513 15577.0
514 199468.0
515 38939.0
516 32286.0
517 93162.0
518 18478.0
519 148527.0
520 118189.0
521 78964.0
522 87054.0
523 23401.0
524 24835.0
525 78672.0
526 68352.0
527 92523.0
528 153886.0
529 120453.0
530 47488.0
531 111234.0
532 16884.0
533 158823.0
534 35678.0
535 78670.0
536 106984.0
537 220907.0
538 176451.0
539 76058.0
540 22998.0
541 27087.0
542 194312.0
543 35099.0
544 14268.0
545 15124.0
546 215132.0
547 16446.0
548 78500.0
549 153280.0
550 36427.0
551 140693.0
552 59739.0
553 16780.0
554 104225.0
555 111905.0
556 16003.0
557 118303.0
558 92029.0
559 14089.0
560 156124.0
561 53220.0
562 14875.0
563 146395.0
564 13905.0
565 16794.0
566 98745.0
567 197525.0
568 179238.0
569 71229.0
570 13153.0
571 67871.0
572 14572.0
573 36855.0
574 59650.0
575 200813.0
576 31839.0
577 55798.0
578 191533.0
579 51209.0
580 15666.0
581 63339.0
582 31162.0
583 16235.0
584 95684.0
585 57048.0
586 21419.0
587 86773.0
588 15564.0
589 126200.0
590 164136.0
591 128843.0
592 16336.0
593 123112.0
594 86482.0
595 149768.0
596 93331.0
597 89659.0
598 71425.0
599 101601.0
600 29913.0
601 16107.0
602 46973.0
603 81869.0
604 106263.0
605 86299.0
606 53795.0
607 144798.0
608 116775.0
609 156534.0
610 14066.0
611 202953.0
612 71928.0
613 111049.0
614 69580.0
615 94601.0
616 15980.0
617 15744.0
618 13278.0
619 64672.0
620 68492.0
621 75055.0
622 92086.0
623 15078.0
624 15834.0
625 16848.0
626 129977.0
627 15210.0
628 205128.0
629 129651.0
630 68652.0
631 124156.0
632 17371.0
633 52607.0
634 25250.0
635 82566.0
636 132525.0
637 23324.0
638 107162.0
639 149464.0
640 82631.0
641 27972.0
642 82296.0
643 35024.0
644 142217.0
645 35433.0
646 52300.0
647 170980.0
648 65264.0
649 14393.0
650 14790.0
651 50130.0
652 99837.0
653 104281.0
654 106625.0
655 50634.0
656 91028.0
657 188420.0
658 118819.0
659 68156.0
660 111131.0
661 139441.0
662 56519.0
663 18658.0
664 103848.0
665 75305.0
666 58566.0
667 16317.0
668 86599.0
669 117977.0
670 22400.0
671 36576.0
672 198401.0
673 115497.0
674 15598.0
675 163787.0
676 88057.0
677 75815.0
678 15592.0
679 151918.0
680 148044.0
681 21762.0
682 38815.0
683 187977.0
684 15424.0
685 16214.0
686 70032.0
687 192484.0
688 97839.0
689 115632.0
690 114356.0
691 116188.0
692 206609.0
693 197109.0
694 45935.0
695 16828.0
696 14765.0
697 62321.0
698 65017.0
699 85955.0
700 73502.0
701 84730.0
702 180991.0
703 82945.0
704 98224.0
705 75806.0
706 15835.0
707 90158.0
708 20456.0
709 84268.0
710 13381.0
711 104152.0
712 147285.0
713 91915.0
714 53407.0
715 69747.0
716 16338.0
717 77993.0
718 97955.0
719 37202.0
720 49364.0
721 135700.0
722 225557.0
723 116175.0
724 90007.0
725 37974.0
726 215698.0
727 17936.0
728 38339.0
729 188934.0
730 109785.0
731 13155.0
732 162760.0
733 24173.0
734 114099.0
735 196371.0
736 68175.0
737 12942.0
738 103831.0
739 143371.0
740 105857.0
741 24193.0
742 23950.0
743 77418.0
744 128596.0
745 102257.0
746 182069.0
747 13754.0
748 161790.0
749 128746.0
750 100691.0
751 22388.0
752 91981.0
753 16451.0
754 160760.0
755 181440.0
756 13585.0
757 181013.0
758 14604.0
759 15372.0
760 15328.0
761 72111.0
762 60078.0
763 79494.0
764 58012.0
765 22096.0
766 124834.0
767 15617.0
768 83693.0
769 138192.0
770 184439.0
771 216504.0
772 101004.0
773 22769.0
774 95987.0
775 216025.0
776 15891.0
777 87100.0
778 96363.0
779 13259.0
780 110415.0
781 91097.0
782 102820.0
783 140392.0
784 68664.0
785 16806.0
786 132427.0
787 53278.0
788 15181.0
789 154822.0
790 44870.0
791 106393.0
792 80888.0
793 208294.0
794 14842.0
795 49039.0
796 15495.0
797 98506.0
798 66396.0
799 106785.0
800 36600.0
801 200465.0
802 13935.0
803 126281.0
804 121665.0
805 54322.0
806 104179.0
807 195303.0
808 39483.0
809 186620.0
810 31450.0
811 90132.0
812 111622.0
813 21210.0
814 126601.0
815 15381.0
816 132171.0
817 81515.0
818 101917.0
819 215307.0
820 97681.0
821 105978.0
822 61420.0
823 79942.0
824 17937.0
825 59255.0
826 99621.0
827 148605.0
828 40453.0
829 74937.0
830 177221.0
831 57265.0
832 70524.0
833 22947.0
834 96364.0
835 193548.0
836 117443.0
837 122261.0
838 186439.0
839 43906.0
840 120625.0
841 81186.0
842 93070.0
843 90598.0
844 124775.0
845 43592.0
846 98581.0
847 99503.0
848 13604.0
849 15211.0
850 18703.0
851 93258.0
852 94676.0
853 205199.0
854 34715.0
855 39794.0
856 133858.0
857 76144.0
858 70633.0
859 16376.0
860 98419.0
861 66576.0
862 89331.0
863 115151.0
864 115287.0
865 70928.0
866 124239.0
867 58782.0
868 201390.0
869 98860.0
870 131487.0
871 70502.0
872 68585.0
873 75107.0
874 43771.0
875 102002.0
876 60186.0
877 47629.0
878 16284.0
879 84597.0
880 119656.0
881 142713.0
882 180315.0
883 51267.0
884 140694.0
885 16889.0
886 170335.0
887 173673.0
888 87478.0
889 38114.0
890 35875.0
891 193069.0
892 97829.0
893 89186.0
894 99673.0
895 74326.0
896 59411.0
897 58044.0
898 16376.0
899 16296.0
900 35118.0
901 14034.0
902 60117.0
903 14983.0
904 36418.0
905 20914.0
906 13745.0
907 15809.0
908 115204.0
909 98937.0
910 80497.0
911 91034.0
912 173172.0
913 54343.0
914 104527.0
915 133926.0
916 47723.0
917 23177.0
918 22685.0
919 192717.0
920 33611.0
921 82503.0
922 49581.0
923 149583.0
924 23355.0
925 71240.0
926 14909.0
927 157406.0
928 60830.0
929 99324.0
930 203875.0
931 97680.0
932 166755.0
933 13899.0
934 26342.0
935 15590.0
936 127204.0
937 85103.0
938 165928.0
939 15927.0
940 89109.0
941 144215.0
942 216342.0
943 28204.0
944 73823.0
945 15872.0
946 100060.0
947 15568.0
948 19496.0
949 191981.0
950 130113.0
951 30462.0
952 16965.0
953 21094.0
954 21319.0
955 15393.0
956 27156.0
957 15555.0
958 170779.0
959 32544.0
960 200359.0
961 85930.0
962 103000.0
963 82739.0
964 63492.0
965 104892.0
966 81782.0
967 20108.0
968 53009.0
969 86502.0
970 15149.0
971 89549.0
972 91111.0
973 15427.0
974 15342.0
975 14752.0
976 16827.0
977 175450.0
978 153937.0
979 133450.0
980 110305.0
981 96987.0
982 14897.0
983 15887.0
984 191854.0
985 27891.0
986 86108.0
987 59507.0
988 41381.0
989 20791.0
990 16235.0
991 96108.0
992 15476.0
993 117779.0
994 15300.0
995 15234.0
996 188962.0
997 127855.0
998 199792.0
999 16478.0
1000 46354.0
