1 9169.0
2 7392.0
3 7780.0
4 8076.0
5 7629.0
6 8383.0
7 8077.0
8 7680.0
9 23279.0
10 8508.0
11 8706.0
12 8631.0
13 8472.0
14 7850.0
15 8754.0
16 7954.0
17 8132.0
18 8410.0
19 7964.0
20 8380.0
21 8097.0
22 10286.0
23 8199.0
24 8312.0
25 8783.0
26 11717.0
27 8358.0
28 7868.0
29 8216.0
30 8211.0
31 7946.0
32 8001.0
33 7847.0
34 8113.0
35 7263.0
36 7798.0
37 7308.0
38 7979.0
39 7985.0
40 8182.0
41 7922.0
42 8513.0
43 7714.0
44 7777.0
45 7766.0
46 7097.0
47 7665.0
48 8223.0
49 8046.0
50 8043.0
51 8438.0
52 7448.0
53 7935.0
54 7859.0
55 8047.0
56 7412.0
57 8081.0
58 8078.0
59 7333.0
60 7996.0
61 7777.0
62 7572.0
63 7331.0
64 7945.0
65 8230.0
66 8354.0
67 7752.0
68 8232.0
69 7384.0
70 8496.0
71 7812.0
72 8222.0
73 10890.0
74 8386.0
75 7981.0
76 7266.0
77 8030.0
78 7533.0
79 7521.0
80 8421.0
81 8112.0
82 7781.0
83 7610.0
84 8099.0
85 8697.0
86 7719.0
87 7451.0
88 7843.0
89 7661.0
90 8000.0
91 7724.0
92 8039.0
93 7634.0
94 7779.0
95 7940.0
96 8638.0
97 8472.0
98 7813.0
99 7648.0
100 8103.0
101 7744.0
102 7340.0
103 8000.0
104 7947.0
105 8789.0
106 8411.0
107 9027.0
108 7620.0
109 8262.0
110 7642.0
111 7877.0
112 7453.0
113 8128.0
114 7799.0
115 7424.0
116 8048.0
117 8588.0
118 7263.0
119 8010.0
120 9830.0
121 7975.0
122 7957.0
123 7299.0
124 7468.0
125 8730.0
126 8735.0
127 9067.0
128 8501.0
129 7920.0
130 8268.0
131 7574.0
132 8287.0
133 8466.0
134 8221.0
135 8070.0
136 7588.0
137 8299.0
138 7924.0
139 7683.0
140 9821.0
141 7594.0
142 7833.0
143 8270.0
144 7553.0
145 8140.0
146 7560.0
147 7084.0
148 7473.0
149 7933.0
150 7687.0
151 8114.0
152 8130.0
153 7520.0
154 13300.0
155 8460.0
156 8024.0
157 7636.0
158 7913.0
159 7676.0
160 7749.0
161 7593.0
162 8068.0
163 8202.0
164 7851.0
165 7124.0
166 8719.0
167 8235.0
168 7943.0
169 7567.0
170 7736.0
171 8809.0
172 7886.0
173 14256.0
174 7910.0
175 7011.0
176 8934.0
177 7680.0
178 8360.0
179 7798.0
180 10878.0
181 7328.0
182 8330.0
183 7771.0
184 7530.0
185 7771.0
186 8253.0
187 8235.0
188 7528.0
189 8425.0
190 7334.0
191 8100.0
192 8057.0
193 7899.0
194 7567.0
195 7905.0
196 7369.0
197 8117.0
198 8901.0
199 7771.0
200 8069.0
201 8134.0
202 10514.0
203 7800.0
204 8890.0
205 8180.0
206 7833.0
207 7446.0
208 7645.0
209 7693.0
210 9520.0
211 7767.0
212 8261.0
213 8685.0
214 17401.0
215 7493.0
216 7616.0
217 8121.0
218 17412.0
219 7775.0
220 7580.0
221 7841.0
222 8525.0
223 7555.0
224 8311.0
225 7264.0
226 8170.0
227 8330.0
228 8443.0
229 7599.0
230 9243.0
231 7410.0
232 8426.0
233 7608.0
234 9020.0
235 8906.0
236 8167.0
237 8105.0
238 7477.0
239 7845.0
240 14234.0
241 7694.0
242 7662.0
243 8083.0
244 7091.0
245 8012.0
246 8045.0
247 8234.0
248 8253.0
249 7980.0
250 11949.0
251 8718.0
252 8069.0
253 8149.0
254 7893.0
255 7401.0
256 7640.0
257 7990.0
258 7656.0
259 7964.0
260 8938.0
261 8328.0
262 8154.0
263 7458.0
264 8644.0
265 7945.0
266 8377.0
267 9544.0
268 8244.0
269 8212.0
270 8359.0
271 8341.0
272 7460.0
273 8017.0
274 7957.0
275 8336.0
276 7821.0
277 8326.0
278 8079.0
279 7897.0
280 7603.0
281 7574.0
282 7981.0
283 7705.0
284 8017.0
285 7754.0
286 7629.0
287 7726.0
288 7594.0
289 7658.0
290 8061.0
291 8354.0
292 8185.0
293 7593.0
294 7292.0
295 7972.0
296 8620.0
297 7514.0
298 7628.0
299 7463.0
300 8492.0
301 7603.0
302 7744.0
303 8422.0
304 7867.0
305 7633.0
306 8890.0
307 8267.0
308 7420.0
309 7720.0
310 8264.0
311 7802.0
312 10267.0
313 7640.0
314 7395.0
315 7961.0
316 8190.0
317 7822.0
318 7328.0
319 7680.0
320 7493.0
321 7957.0
322 8108.0
323 7835.0
324 8399.0
325 8119.0
326 9805.0
327 8482.0
328 7678.0
329 7956.0
330 8527.0
331 8910.0
332 9022.0
333 8071.0
334 7468.0
335 8025.0
336 7081.0
337 7424.0
338 7389.0
339 7573.0
340 9198.0
341 7812.0
342 7997.0
343 8099.0
344 8785.0
345 7845.0
346 7774.0
347 7954.0
348 7676.0
349 7319.0
350 9223.0
351 8252.0
352 7594.0
353 7957.0
354 7977.0
355 7614.0
356 7546.0
357 8500.0
358 7681.0
359 7881.0
360 8244.0
361 8560.0
362 9352.0
363 7751.0
364 9360.0
365 7964.0
366 8054.0
367 8502.0
368 8546.0
369 8192.0
370 8275.0
371 8304.0
372 7506.0
373 7428.0
374 7914.0
375 9846.0
376 7837.0
377 7939.0
378 8043.0
379 6957.0
380 8432.0
381 7888.0
382 8998.0
383 7176.0
384 19828.0
385 7811.0
386 10539.0
387 7259.0
388 8777.0
389 7727.0
390 7471.0
391 7275.0
392 7726.0
393 7968.0
394 8360.0
395 7715.0
396 8051.0
397 7998.0
398 7321.0
399 8131.0
400 7777.0
401 12802.0
402 9506.0
403 7543.0
404 8383.0
405 8274.0
406 8141.0
407 7768.0
408 7633.0
409 7667.0
410 7777.0
411 8081.0
412 7603.0
413 8195.0
414 8479.0
415 7455.0
416 8443.0
417 7917.0
418 7667.0
419 7112.0
420 7981.0
421 8484.0
422 7433.0
423 7470.0
424 8366.0
425 7507.0
426 7557.0
427 7921.0
428 8546.0
429 8062.0
430 7598.0
431 7288.0
432 8193.0
433 9941.0
434 8060.0
435 8281.0
436 7402.0
437 7309.0
438 7671.0
439 8315.0
440 8072.0
441 10112.0
442 7915.0
443 8131.0
444 8227.0
445 8640.0
446 8320.0
447 7538.0
448 7625.0
449 7998.0
450 9262.0
451 7262.0
452 7825.0
453 7425.0
454 8140.0
455 7605.0
456 8169.0
457 7414.0
458 8013.0
459 7965.0
460 8109.0
461 8277.0
462 8646.0
463 7831.0
464 6820.0
465 8148.0
466 7639.0
467 7746.0
468 7847.0
469 7359.0
470 8471.0
471 8142.0
472 14133.0
473 9590.0
474 8304.0
475 7849.0
476 13501.0
477 7256.0
478 7651.0
479 7669.0
480 7741.0
481 8359.0
482 8239.0
483 8351.0
484 8586.0
485 7387.0
486 8807.0
487 8311.0
488 7814.0
489 7592.0
490 8009.0
491 8761.0
492 8028.0
493 7759.0
494 7116.0
495 10602.0
496 7794.0
497 7850.0
498 7873.0
499 7940.0
500 8200.0
501 7680.0
502 7209.0
503 9484.0
504 7520.0
505 8709.0
506 11811.0
507 8860.0
508 8527.0
509 8423.0
510 8870.0
511 8906.0
512 7806.0
513 8843.0
514 8581.0
515 7120.0
516 8080.0
517 8298.0
518 9283.0
519 7856.0
520 9338.0
521 9347.0
522 7807.0
523 7949.0
524 7834.0
525 7510.0
526 7945.0
527 7906.0
528 7159.0
529 7685.0
530 7425.0
531 7409.0
532 8329.0
533 7778.0
534 7526.0
535 7594.0
536 8668.0
537 7456.0
538 7713.0
539 7800.0
540 7373.0
541 7453.0
542 7341.0
543 7911.0
544 7521.0
545 9290.0
546 7654.0
547 8262.0
548 8024.0
549 7509.0
550 7542.0
551 8056.0
552 7674.0
553 7624.0
554 8072.0
555 7682.0
556 7729.0
557 7960.0
558 8087.0
559 7547.0
560 9498.0
561 7530.0
562 8131.0
563 7725.0
564 7926.0
565 9249.0
566 10701.0
567 7849.0
568 7927.0
569 8999.0
570 7542.0
571 8134.0
572 8196.0
573 8004.0
574 9420.0
575 9310.0
576 9249.0
577 8170.0
578 7638.0
579 11628.0
580 9245.0
581 7480.0
582 8380.0
583 7722.0
584 8035.0
585 7804.0
586 7397.0
587 7361.0
588 8402.0
589 7851.0
590 12668.0
591 11778.0
592 7772.0
593 8011.0
594 8451.0
595 10063.0
596 7580.0
597 7514.0
598 8059.0
599 8162.0
600 8882.0
601 7512.0
602 9123.0
603 7714.0
604 7446.0
605 8372.0
606 8080.0
607 8564.0
608 13313.0
609 9085.0
610 7505.0
611 8207.0
612 7884.0
613 9367.0
614 8525.0
615 8671.0
616 7949.0
617 7388.0
618 7819.0
619 7292.0
620 8410.0
621 7954.0
622 9988.0
623 7728.0
624 7745.0
625 7419.0
626 7447.0
627 7979.0
628 8193.0
629 7595.0
630 8569.0
631 7523.0
632 8858.0
633 7501.0
634 8710.0
635 8446.0
636 7737.0
637 7718.0
638 7503.0
639 7751.0
640 7936.0
641 7712.0
642 7919.0
643 7347.0
644 7472.0
645 7907.0
646 7652.0
647 7892.0
648 8261.0
649 10519.0
650 7928.0
651 7711.0
652 7596.0
653 7693.0
654 7292.0
655 7911.0
656 7273.0
657 7586.0
658 7331.0
659 8460.0
660 7618.0
661 13537.0
662 7450.0
663 7575.0
664 7883.0
665 7642.0
666 7508.0
667 7896.0
668 8177.0
669 10397.0
670 7635.0
671 8589.0
672 7800.0
673 7099.0
674 7870.0
675 7847.0
676 8419.0
677 7500.0
678 7397.0
679 7499.0
680 8166.0
681 8467.0
682 7742.0
683 7954.0
684 7830.0
685 7833.0
686 11095.0
687 7792.0
688 7289.0
689 7584.0
690 7612.0
691 7603.0
692 8618.0
693 8023.0
694 8038.0
695 7449.0
696 8530.0
697 48988.0
698 7358.0
699 7412.0
700 8362.0
701 7928.0
702 8345.0
703 7362.0
704 8285.0
705 7401.0
706 7675.0
707 7749.0
708 7815.0
709 7648.0
710 7231.0
711 7324.0
712 8395.0
713 8004.0
714 8048.0
715 8322.0
716 8264.0
717 12308.0
718 8216.0
719 8132.0
720 7263.0
721 7357.0
722 8372.0
723 7516.0
724 7313.0
725 7976.0
726 7292.0
727 8307.0
728 8327.0
729 7639.0
730 7730.0
731 7206.0
732 7727.0
733 8047.0
734 7615.0
735 7794.0
736 9367.0
737 7411.0
738 9727.0
739 18502.0
740 8001.0
741 8166.0
742 7782.0
743 7947.0
744 7456.0
745 8929.0
746 7725.0
747 8133.0
748 8430.0
749 8142.0
750 7909.0
751 7602.0
752 8781.0
753 10036.0
754 8610.0
755 7406.0
756 8011.0
757 7448.0
758 7842.0
759 7345.0
760 7632.0
761 8199.0
762 10560.0
763 7726.0
764 8128.0
765 7534.0
766 7599.0
767 7784.0
768 7925.0
769 7957.0
770 7687.0
771 7539.0
772 7606.0
773 8850.0
774 7582.0
775 8502.0
776 7378.0
777 7461.0
778 7634.0
779 7566.0
780 8746.0
781 7510.0
782 7904.0
783 7681.0
784 7492.0
785 7195.0
786 7878.0
787 8445.0
788 8262.0
789 24313.0
790 7008.0
791 17861.0
792 11806.0
793 8606.0
794 7950.0
795 8142.0
796 8087.0
797 8056.0
798 8187.0
799 7284.0
800 7620.0
801 8046.0
802 7587.0
803 10097.0
804 8008.0
805 7296.0
806 7384.0
807 7732.0
808 7984.0
809 8006.0
810 7321.0
811 7746.0
812 9616.0
813 7338.0
814 9099.0
815 7646.0
816 7252.0
817 7912.0
818 8125.0
819 8099.0
820 10726.0
821 8051.0
822 8542.0
823 7611.0
824 10204.0
825 7951.0
826 7953.0
827 7451.0
828 7371.0
829 8078.0
830 7315.0
831 11141.0
832 7793.0
833 7293.0
834 7489.0
835 7575.0
836 7501.0
837 7668.0
838 8587.0
839 7484.0
840 7619.0
841 7438.0
842 7454.0
843 9767.0
844 7454.0
845 7648.0
846 8438.0
847 7783.0
848 7862.0
849 7215.0
850 7247.0
851 7343.0
852 7621.0
853 7353.0
854 7247.0
855 7128.0
856 7762.0
857 7497.0
858 7593.0
859 8353.0
860 7648.0
861 7147.0
862 7547.0
863 7389.0
864 7537.0
865 7251.0
866 7201.0
867 7510.0
868 7795.0
869 7018.0
870 7569.0
871 7408.0
872 7472.0
873 9542.0
874 7708.0
875 8383.0
876 8827.0
877 7425.0
878 7149.0
879 8406.0
880 8069.0
881 7261.0
882 7338.0
883 8152.0
884 8145.0
885 7603.0
886 7866.0
887 7512.0
888 7326.0
889 7256.0
890 7816.0
891 7394.0
892 9512.0
893 7392.0
894 7711.0
895 8363.0
896 8298.0
897 7268.0
898 7888.0
899 7633.0
900 7328.0
901 7901.0
902 7410.0
903 7346.0
904 6842.0
905 7300.0
906 8206.0
907 8649.0
908 12546.0
909 7523.0
910 8583.0
911 10094.0
912 7529.0
913 8073.0
914 8496.0
915 7142.0
916 7324.0
917 7883.0
918 7401.0
919 7400.0
920 8073.0
921 7334.0
922 13169.0
923 7687.0
924 7585.0
925 7021.0
926 7478.0
927 8488.0
928 7447.0
929 7955.0
930 8147.0
931 8357.0
932 7813.0
933 7355.0
934 7348.0
935 7624.0
936 7467.0
937 7108.0
938 7507.0
939 7179.0
940 7844.0
941 7290.0
942 7432.0
943 8106.0
944 7684.0
945 7006.0
946 7906.0
947 8194.0
948 7694.0
949 8571.0
950 7379.0
951 7554.0
952 7364.0
953 7987.0
954 7966.0
955 7498.0
956 7891.0
957 8313.0
958 7368.0
959 7897.0
960 7665.0
961 7850.0
962 8706.0
963 7507.0
964 7205.0
965 7759.0
966 7311.0
967 8138.0
968 7422.0
969 8145.0
970 7257.0
971 7613.0
972 7191.0
973 7783.0
974 8091.0
975 7076.0
976 8288.0
977 7852.0
978 7651.0
979 7336.0
980 7189.0
981 7500.0
982 7322.0
983 7542.0
984 7373.0
985 8100.0
986 8929.0
987 8480.0
988 8151.0
989 8904.0
990 7654.0
991 8869.0
992 7987.0
993 8322.0
994 8966.0
995 8098.0
996 7876.0
997 7616.0
998 8904.0
999 7829.0
1000 8851.0
