1 11037.0
2 10736.0
3 8958.0
4 9845.0
5 8672.0
6 11064.0
7 9533.0
8 15102.0
9 9381.0
10 9873.0
11 15165.0
12 10037.0
13 16231.0
14 10484.0
15 10950.0
16 9963.0
17 11322.0
18 10491.0
19 10296.0
20 8731.0
21 9009.0
22 12884.0
23 10496.0
24 12216.0
25 12296.0
26 9702.0
27 8820.0
28 11541.0
29 10726.0
30 8664.0
31 10530.0
32 27649.0
33 12857.0
34 11314.0
35 13320.0
36 10223.0
37 9724.0
38 14194.0
39 10631.0
40 12551.0
41 9575.0
42 29101.0
43 11424.0
44 33385.0
45 9531.0
46 13524.0
47 9677.0
48 10197.0
49 9691.0
50 27929.0
51 9225.0
52 13101.0
53 8232.0
54 17562.0
55 9306.0
56 9939.0
57 8781.0
58 10035.0
59 9570.0
60 9898.0
61 9583.0
62 8730.0
63 9243.0
64 9465.0
65 10437.0
66 9822.0
67 9536.0
68 8767.0
69 10347.0
70 8307.0
71 9449.0
72 8731.0
73 9115.0
74 9686.0
75 8877.0
76 9483.0
77 12129.0
78 9139.0
79 10335.0
80 11498.0
81 10395.0
82 10303.0
83 12136.0
84 8324.0
85 10295.0
86 10393.0
87 12764.0
88 9147.0
89 9082.0
90 9257.0
91 9721.0
92 9894.0
93 10236.0
94 9297.0
95 9792.0
96 10407.0
97 10005.0
98 16564.0
99 16788.0
100 9221.0
101 9775.0
102 8388.0
103 9933.0
104 37592.0
105 9656.0
106 9568.0
107 9613.0
108 8545.0
109 9444.0
110 10525.0
111 9716.0
112 10167.0
113 13720.0
114 9114.0
115 12395.0
116 8997.0
117 9580.0
118 10523.0
119 18966.0
120 9764.0
121 9608.0
122 10737.0
123 12080.0
124 10326.0
125 10701.0
126 10162.0
127 9570.0
128 8934.0
129 9826.0
130 10032.0
131 10716.0
132 10494.0
133 10542.0
134 9362.0
135 9238.0
136 9338.0
137 9874.0
138 9741.0
139 8974.0
140 9336.0
141 8935.0
142 8328.0
143 41805.0
144 9951.0
145 8826.0
146 11350.0
147 10713.0
148 9364.0
149 9221.0
150 8777.0
151 9592.0
152 9633.0
153 8754.0
154 12377.0
155 10074.0
156 9471.0
157 8202.0
158 9633.0
159 8829.0
160 15658.0
161 11835.0
162 9436.0
163 9826.0
164 9401.0
165 10312.0
166 9550.0
167 10515.0
168 9746.0
169 11463.0
170 9299.0
171 8821.0
172 9091.0
173 11924.0
174 12021.0
175 9799.0
176 8818.0
177 9474.0
178 9334.0
179 10182.0
180 14940.0
181 8419.0
182 9192.0
183 9174.0
184 10137.0
185 9227.0
186 9797.0
187 8390.0
188 9761.0
189 8984.0
190 9580.0
191 8510.0
192 12872.0
193 8735.0
194 8902.0
195 11917.0
196 8780.0
197 10007.0
198 11279.0
199 9143.0
200 8431.0
201 9380.0
202 8104.0
203 9015.0
204 9805.0
205 10141.0
206 9621.0
207 9423.0
208 11154.0
209 11518.0
210 11657.0
211 8675.0
212 10650.0
213 9332.0
214 9344.0
215 9791.0
216 9622.0
217 7513.0
218 9608.0
219 9322.0
220 9154.0
221 8876.0
222 9954.0
223 9510.0
224 9250.0
225 9276.0
226 9105.0
227 9200.0
228 9052.0
229 9263.0
230 11000.0
231 8989.0
232 8728.0
233 9260.0
234 10170.0
235 9882.0
236 9844.0
237 10409.0
238 9158.0
239 11337.0
240 10185.0
241 8815.0
242 9752.0
243 8790.0
244 9221.0
245 9582.0
246 9911.0
247 12347.0
248 9422.0
249 11171.0
250 11251.0
251 9216.0
252 8546.0
253 11826.0
254 10284.0
255 8952.0
256 11619.0
257 10996.0
258 9681.0
259 9900.0
260 8399.0
261 9022.0
262 9117.0
263 9493.0
264 9198.0
265 8285.0
266 11538.0
267 12333.0
268 9256.0
269 8653.0
270 11512.0
271 9811.0
272 8708.0
273 7819.0
274 10420.0
275 8801.0
276 16032.0
277 8693.0
278 9705.0
279 9233.0
280 9197.0
281 9282.0
282 8683.0
283 8661.0
284 11712.0
285 9161.0
286 8572.0
287 8976.0
288 9359.0
289 15458.0
290 8440.0
291 11727.0
292 9846.0
293 33092.0
294 13194.0
295 11138.0
296 12038.0
297 12832.0
298 11337.0
299 10076.0
300 9443.0
301 9096.0
302 9947.0
303 9200.0
304 10061.0
305 9042.0
306 8957.0
307 9069.0
308 8970.0
309 8921.0
310 9458.0
311 9485.0
312 8962.0
313 9154.0
314 9632.0
315 8304.0
316 9050.0
317 9199.0
318 11318.0
319 9656.0
320 8453.0
321 8327.0
322 10304.0
323 10381.0
324 8526.0
325 9277.0
326 8212.0
327 9025.0
328 9369.0
329 9781.0
330 8600.0
331 23957.0
332 10268.0
333 9544.0
334 10332.0
335 9270.0
336 8156.0
337 10560.0
338 11338.0
339 9468.0
340 9061.0
341 9955.0
342 9515.0
343 15308.0
344 10635.0
345 9731.0
346 9831.0
347 9087.0
348 9626.0
349 10594.0
350 9478.0
351 8386.0
352 9293.0
353 9304.0
354 9311.0
355 9512.0
356 9347.0
357 12011.0
358 9181.0
359 9718.0
360 9324.0
361 8799.0
362 8718.0
363 9039.0
364 10185.0
365 9055.0
366 8548.0
367 9901.0
368 9497.0
369 8939.0
370 9122.0
371 9148.0
372 9273.0
373 9281.0
374 9368.0
375 10090.0
376 10402.0
377 9117.0
378 9120.0
379 9942.0
380 9985.0
381 8156.0
382 9092.0
383 9694.0
384 10763.0
385 8254.0
386 9073.0
387 9471.0
388 9039.0
389 10037.0
390 9593.0
391 8881.0
392 9561.0
393 8859.0
394 9526.0
395 9414.0
396 9221.0
397 8615.0
398 8602.0
399 9261.0
400 9015.0
401 9738.0
402 9200.0
403 11289.0
404 9354.0
405 9434.0
406 13119.0
407 8281.0
408 9777.0
409 11026.0
410 9491.0
411 10405.0
412 7773.0
413 9142.0
414 10385.0
415 9020.0
416 11546.0
417 8721.0
418 10436.0
419 11030.0
420 12007.0
421 9005.0
422 10278.0
423 9412.0
424 8305.0
425 8532.0
426 12203.0
427 16561.0
428 9188.0
429 8356.0
430 9887.0
431 8397.0
432 8891.0
433 9740.0
434 11537.0
435 10173.0
436 11874.0
437 10008.0
438 8694.0
439 7953.0
440 9504.0
441 10236.0
442 9606.0
443 9016.0
444 10644.0
445 11873.0
446 8482.0
447 8656.0
448 10942.0
449 9619.0
450 9781.0
451 8490.0
452 8810.0
453 9252.0
454 9543.0
455 8089.0
456 9246.0
457 9338.0
458 9190.0
459 10055.0
460 9072.0
461 8941.0
462 9149.0
463 8642.0
464 9152.0
465 24132.0
466 9668.0
467 9040.0
468 9077.0
469 8760.0
470 8500.0
471 9373.0
472 8942.0
473 9641.0
474 16449.0
475 22705.0
476 9204.0
477 9620.0
478 9313.0
479 9070.0
480 9907.0
481 9599.0
482 9474.0
483 8540.0
484 12012.0
485 7887.0
486 9099.0
487 9428.0
488 9728.0
489 11999.0
490 9256.0
491 9884.0
492 9402.0
493 9178.0
494 9257.0
495 10431.0
496 11547.0
497 8979.0
498 12601.0
499 8939.0
500 7865.0
501 9079.0
502 9249.0
503 9180.0
504 9034.0
505 9050.0
506 9109.0
507 8782.0
508 9947.0
509 10019.0
510 15958.0
511 26303.0
512 9358.0
513 10894.0
514 9238.0
515 7404.0
516 11349.0
517 9451.0
518 9647.0
519 10289.0
520 9802.0
521 9313.0
522 8799.0
523 9083.0
524 10755.0
525 9229.0
526 8752.0
527 14553.0
528 10250.0
529 8921.0
530 9318.0
531 8642.0
532 9542.0
533 9269.0
534 12203.0
535 8713.0
536 8512.0
537 12053.0
538 10929.0
539 9837.0
540 8131.0
541 10100.0
542 11033.0
543 8604.0
544 9632.0
545 8547.0
546 8054.0
547 9460.0
548 8039.0
549 8995.0
550 11198.0
551 15081.0
552 12029.0
553 8854.0
554 9175.0
555 9998.0
556 9519.0
557 10081.0
558 9703.0
559 9147.0
560 11685.0
561 9465.0
562 9221.0
563 9906.0
564 11422.0
565 9243.0
566 9555.0
567 9474.0
568 9126.0
569 9147.0
570 17721.0
571 8727.0
572 8971.0
573 9806.0
574 8664.0
575 8788.0
576 9494.0
577 9476.0
578 8558.0
579 10985.0
580 12140.0
581 8645.0
582 10000.0
583 8709.0
584 9505.0
585 8960.0
586 9124.0
587 8860.0
588 10547.0
589 9262.0
590 9561.0
591 9069.0
592 9013.0
593 10890.0
594 8984.0
595 9905.0
596 8998.0
597 8525.0
598 8257.0
599 9240.0
600 7723.0
601 9619.0
602 8781.0
603 10857.0
604 7597.0
605 8932.0
606 10583.0
607 11361.0
608 10300.0
609 17529.0
610 8045.0
611 8804.0
612 10864.0
613 8989.0
614 9119.0
615 10582.0
616 9566.0
617 9867.0
618 9220.0
619 7403.0
620 9276.0
621 10024.0
622 9351.0
623 9322.0
624 9033.0
625 9431.0
626 9164.0
627 8909.0
628 11080.0
629 29973.0
630 10640.0
631 9456.0
632 9153.0
633 10187.0
634 7587.0
635 8345.0
636 10044.0
637 9634.0
638 9058.0
639 9457.0
640 8745.0
641 8853.0
642 8988.0
643 8923.0
644 9217.0
645 9086.0
646 12831.0
647 9499.0
648 17256.0
649 7685.0
650 11099.0
651 8647.0
652 10157.0
653 9569.0
654 10001.0
655 9775.0
656 10888.0
657 8172.0
658 11472.0
659 8991.0
660 9992.0
661 9233.0
662 9645.0
663 8019.0
664 7813.0
665 8215.0
666 10392.0
667 9710.0
668 9052.0
669 10821.0
670 8609.0
671 10644.0
672 7599.0
673 8873.0
674 8701.0
675 9231.0
676 8734.0
677 8914.0
678 10139.0
679 9430.0
680 11952.0
681 9927.0
682 9239.0
683 9385.0
684 9386.0
685 8999.0
686 14512.0
687 8715.0
688 9671.0
689 8356.0
690 8821.0
691 9286.0
692 8466.0
693 9569.0
694 9325.0
695 8615.0
696 12931.0
697 11861.0
698 9253.0
699 10742.0
700 9246.0
701 11749.0
702 8803.0
703 10228.0
704 12849.0
705 10009.0
706 9545.0
707 8554.0
708 9581.0
709 8144.0
710 9282.0
711 11549.0
712 9145.0
713 9339.0
714 10035.0
715 9024.0
716 8884.0
717 8507.0
718 8998.0
719 8635.0
720 9990.0
721 9916.0
722 11761.0
723 8475.0
724 7931.0
725 9554.0
726 9250.0
727 9089.0
728 7934.0
729 10462.0
730 10172.0
731 9135.0
732 8903.0
733 9554.0
734 9666.0
735 10647.0
736 8996.0
737 8829.0
738 7804.0
739 9529.0
740 11664.0
741 9825.0
742 9380.0
743 9513.0
744 8783.0
745 10767.0
746 8410.0
747 8810.0
748 11815.0
749 10483.0
750 11922.0
751 8354.0
752 8855.0
753 7662.0
754 8483.0
755 8418.0
756 9949.0
757 9499.0
758 11246.0
759 8365.0
760 15249.0
761 11081.0
762 10151.0
763 9466.0
764 8743.0
765 10437.0
766 9216.0
767 10580.0
768 8097.0
769 10125.0
770 9439.0
771 9966.0
772 8900.0
773 8902.0
774 8795.0
775 12368.0
776 8436.0
777 9056.0
778 10601.0
779 10325.0
780 8524.0
781 9212.0
782 9391.0
783 8521.0
784 12073.0
785 8266.0
786 10244.0
787 11133.0
788 10319.0
789 12174.0
790 9519.0
791 16090.0
792 9169.0
793 9924.0
794 10236.0
795 8439.0
796 9524.0
797 9785.0
798 7593.0
799 8485.0
800 9151.0
801 8114.0
802 8865.0
803 8942.0
804 10727.0
805 10695.0
806 7690.0
807 9264.0
808 8330.0
809 9325.0
810 9293.0
811 8118.0
812 8708.0
813 8800.0
814 9278.0
815 8687.0
816 9329.0
817 16873.0
818 11372.0
819 9216.0
820 8938.0
821 8813.0
822 14763.0
823 10819.0
824 8777.0
825 9420.0
826 10364.0
827 10144.0
828 10022.0
829 9850.0
830 7789.0
831 9566.0
832 8814.0
833 10918.0
834 9469.0
835 8163.0
836 9222.0
837 9362.0
838 11651.0
839 8637.0
840 11045.0
841 9239.0
842 11404.0
843 8511.0
844 11234.0
845 9113.0
846 9007.0
847 10884.0
848 8058.0
849 8556.0
850 11219.0
851 9045.0
852 9244.0
853 8232.0
854 9247.0
855 9349.0
856 9741.0
857 9670.0
858 8100.0
859 9658.0
860 12658.0
861 11069.0
862 11446.0
863 8917.0
864 8881.0
865 8798.0
866 11580.0
867 9613.0
868 10669.0
869 9308.0
870 26579.0
871 8135.0
872 10883.0
873 8782.0
874 9581.0
875 11069.0
876 37266.0
877 9491.0
878 8968.0
879 10932.0
880 8781.0
881 8461.0
882 8966.0
883 8826.0
884 8515.0
885 8667.0
886 8696.0
887 7458.0
888 7840.0
889 8844.0
890 8850.0
891 8692.0
892 8618.0
893 8923.0
894 10396.0
895 11861.0
896 9618.0
897 11297.0
898 8248.0
899 8839.0
900 19680.0
901 9520.0
902 8059.0
903 11345.0
904 8628.0
905 9896.0
906 8403.0
907 16003.0
908 8960.0
909 8966.0
910 8971.0
911 9345.0
912 32448.0
913 9764.0
914 10143.0
915 11604.0
916 9208.0
917 8674.0
918 8927.0
919 8910.0
920 9147.0
921 8474.0
922 8959.0
923 9074.0
924 8786.0
925 9070.0
926 8892.0
927 8791.0
928 8217.0
929 17987.0
930 8479.0
931 9170.0
932 7879.0
933 9363.0
934 9967.0
935 11379.0
936 8839.0
937 9059.0
938 9481.0
939 9350.0
940 9402.0
941 9187.0
942 10138.0
943 10333.0
944 10790.0
945 9779.0
946 11750.0
947 7927.0
948 9482.0
949 8688.0
950 10569.0
951 11334.0
952 9250.0
953 8876.0
954 16398.0
955 8482.0
956 8613.0
957 10757.0
958 10831.0
959 9310.0
960 10671.0
961 8768.0
962 9297.0
963 8953.0
964 8698.0
965 19097.0
966 8049.0
967 8762.0
968 9259.0
969 8843.0
970 9273.0
971 10193.0
972 7817.0
973 11002.0
974 9506.0
975 10544.0
976 9015.0
977 7228.0
978 8098.0
979 8896.0
980 9355.0
981 11112.0
982 9563.0
983 8850.0
984 8841.0
985 9096.0
986 8955.0
987 10506.0
988 9063.0
989 9049.0
990 9500.0
991 9550.0
992 8823.0
993 8638.0
994 10389.0
995 8665.0
996 9071.0
997 8276.0
998 10632.0
999 9170.0
1000 9081.0
