24480 106 0 0
24592 45 0 0
24560 7 0 0
24382 206 0 0
24503 86 0 0
24567 7 1 1
24540 55 0 0
24530 39 0 0
24540 73 2 2
24562 30 0 0
24454 140 1 1
24578 39 1 1
24538 44 1 1
24550 0 1 1
24536 52 0 0
24535 45 0 0
24583 14 1 1
24540 50 0 0
24546 51 1 1
24454 141 0 0
24439 164 1 1
24474 107 0 0
24560 32 1 1
24551 38 0 0
24607 0 2 2
24468 123 1 1
24539 49 0 0
24491 82 1 1
24562 41 0 0
24504 44 0 0
24455 124 1 1
24553 61 0 0
24551 48 1 1
24501 83 0 0
24560 40 0 0
24460 154 2 2
24404 179 0 0
24602 3 1 1
24452 122 1 1
24542 40 1 1
24545 44 1 1
24442 146 0 0
24434 148 0 0
24614 0 3 3
24557 47 0 0
24580 38 0 0
24438 142 2 2
24432 153 0 0
24538 61 0 0
24540 50 1 1
24538 49 0 0
24539 51 3 3
24520 105 0 0
24567 6 1 1
24575 7 0 0
24557 43 0 0
24544 39 0 0
24596 0 0 0
24576 29 2 2
24519 128 0 0
24604 10 1 1
24602 0 0 0
24581 13 0 0
24585 12 1 1
24583 0 2 2
24490 116 1 1
24576 0 0 0
24598 0 0 0
24552 63 3 3
24589 1 0 0
24574 0 0 0
24568 0 0 0
24587 0 3 3
24593 0 0 0
24595 16 0 0
24507 97 0 0
24574 7 0 0
24612 0 0 0
24479 143 1 1
24334 278 0 0
24591 2 1 1
24608 5 0 0
24581 15 0 0
24551 13 0 0
24408 175 0 0
24450 158 1 1
24557 18 0 0
24523 40 1 1
24304 311 0 0
24432 146 1 1
24429 154 1 1
24552 4 0 0
24584 10 0 0
24574 0 0 0
24626 0 0 0
24523 52 3 3
24471 128 1 1
24576 12 2 2
24579 0 0 0
24609 0 1 1
24569 10 1 1
24572 9 1 1
24586 0 0 0
24591 1 1 1
24578 0 3 3
24586 0 1 1
24336 248 0 0
24587 17 2 2
24596 5 0 0
24523 44 0 0
24603 0 4 4
24593 0 0 0
24592 0 0 0
24636 0 0 0
24600 0 2 2
24574 7 0 0
24443 150 0 0
24480 129 0 0
24460 117 0 0
24604 9 0 0
24588 0 1 1
24598 13 1 1
24392 188 1 1
24524 54 0 0
24491 63 0 0
24637 0 0 0
24603 5 0 0
24570 26 0 0
24583 13 1 1
24550 51 0 0
24570 11 0 0
24609 0 2 2
24575 14 3 3
24284 276 0 0
24602 4 1 1
24614 0 0 0
24614 0 1 1
24582 0 1 1
24609 3 0 0
24506 76 0 0
24510 77 0 0
24562 21 2 2
24589 12 1 1
24554 11 0 0
24477 85 0 0
24572 3 0 0
24584 0 0 0
24620 0 1 1
24546 54 0 0
24577 16 1 1
24559 21 1 1
24589 0 0 0
24615 0 1 1
24599 0 1 1
24550 61 0 0
24481 69 0 0
24688 9 0 0
24627 0 1 1
24608 0 0 0
24613 2 0 0
24584 0 0 0
24577 3 1 1
24283 306 0 0
24582 0 0 0
24596 0 1 1
24522 24 0 0
24581 3 0 0
24572 14 1 1
24610 0 1 1
24549 43 0 0
24600 0 1 1
24553 53 0 0
24600 0 0 0
24574 15 1 1
24568 0 2 2
24599 0 0 0
24422 182 0 0
24405 190 2 2
24579 0 1 1
24604 0 0 0
24598 0 0 0
24416 153 2 2
24504 131 0 0
24584 0 0 0
23651 959 1 1
24581 12 0 0
24392 184 0 0
24458 142 0 0
24599 0 3 3
24584 11 0 0
24603 0 2 2
24416 186 1 1
24398 199 0 0
24350 230 2 2
24585 0 0 0
24603 4 0 0
24584 0 3 3
24569 45 0 0
24490 109 0 0
24508 79 0 0
24586 2 1 1
24623 0 0 0
24551 37 0 0
24382 175 0 0
24580 21 0 0
24561 15 0 0
24519 90 1 1
24588 0 0 0
24500 86 0 0
24497 97 1 1
24660 11 0 0
24589 0 0 0
24611 0 0 0
24523 61 0 0
24442 102 0 0
24528 66 0 0
24520 69 1 1
24588 2 1 1
24558 22 0 0
24459 113 0 0
24482 107 0 0
24520 64 0 0
24597 16 0 0
24607 0 1 1
24548 42 1 1
24469 92 1 1
24562 25 0 0
24571 0 0 0
24195 402 1 1
24554 36 0 0
24450 149 1 1
24546 39 0 0
24581 0 1 1
24600 0 1 1
24595 0 0 0
24512 65 0 0
24463 101 0 0
24626 0 0 0
24586 5 0 0
24631 0 0 0
24533 46 0 0
24533 60 0 0
24592 0 0 0
24547 62 1 1
24600 0 0 0
24588 0 2 2
24495 98 0 0
24411 163 1 1
24575 0 1 1
24456 131 1 1
24263 304 0 0
24196 399 0 0
24464 122 0 0
24530 84 0 0
24597 0 0 0
24572 8 0 0
24548 12 0 0
24600 11 0 0
24514 55 2 2
24583 0 1 1
24572 0 0 0
24604 0 0 0
24596 5 0 0
24600 0 0 0
24120 444 1 1
24495 74 1 1
24579 0 1 1
24593 0 0 0
24962 21 0 0
24499 79 0 0
24607 0 1 1
24577 8 2 2
24514 64 1 1
24572 14 0 0
24538 53 0 0
24594 0 2 2
24570 0 0 0
24591 3 0 0
24532 15 0 0
24456 135 0 0
24553 36 1 1
24584 0 0 0
24586 0 0 0
24160 444 0 0
24495 109 0 0
24593 4 3 3
24583 1 0 0
24552 62 2 2
24589 4 0 0
24596 0 0 0
24524 43 0 0
24592 6 0 0
24589 0 1 1
24561 0 1 1
24541 68 0 0
24613 1 1 1
24615 0 0 0
24607 6 0 0
24567 10 0 0
24448 126 2 2
24434 142 0 0
24456 124 1 1
24575 0 0 0
24573 0 1 1
24598 0 0 0
24380 226 0 0
24428 137 1 1
24567 16 1 1
24545 60 1 1
24528 75 0 0
24465 127 0 0
24401 190 0 0
24557 32 1 1
24598 3 0 0
24593 0 1 1
24602 0 0 0
24538 63 0 0
24531 67 1 1
24577 2 2 2
24597 0 0 0
24591 19 0 0
24585 0 0 0
24584 5 0 0
24566 3 1 1
24613 0 0 0
24582 2 0 0
24567 0 0 0
24558 87 0 0
24604 7 1 1
24569 15 0 0
24602 0 0 0
24490 89 0 0
24571 44 0 0
24541 70 0 0
24586 16 1 1
24618 3 0 0
24566 26 0 0
24564 35 0 0
24408 176 0 0
24491 108 1 1
24567 10 0 0
24565 33 0 0
24577 30 0 0
24464 152 1 1
24468 138 0 0
24592 8 1 1
24598 0 2 2
24600 0 2 2
24437 163 1 1
24400 183 0 0
24558 12 0 0
24568 24 0 0
24587 2 0 0
24386 204 0 0
24479 150 0 0
24446 137 1 1
24552 9 0 0
24595 7 0 0
24618 0 2 2
24458 117 1 1
24476 123 2 2
24546 66 2 2
24559 14 0 0
24622 0 1 1
24589 0 0 0
24585 23 0 0
24608 0 2 2
24594 0 0 0
24616 0 1 1
24608 0 3 3
24479 134 0 0
24159 444 0 0
24604 0 0 0
24597 1 1 1
24583 0 0 0
24531 74 1 1
24582 23 0 0
24532 54 0 0
24497 102 0 0
24600 0 1 1
24490 94 0 0
24572 37 0 0
24505 85 1 1
24585 5 0 0
24573 0 2 2
24579 0 0 0
24604 0 0 0
24495 73 0 0
24575 0 0 0
24509 83 0 0
24599 0 0 0
24597 0 0 0
24569 44 1 1
24602 0 2 2
24587 18 0 0
24598 0 2 2
24589 19 0 0
24522 64 0 0
24567 7 0 0
24575 4 1 1
24602 0 0 0
24593 0 0 0
24582 2 0 0
24564 30 0 0
24574 0 2 2
24582 0 0 0
24599 0 1 1
24566 0 0 0
24578 0 1 1
24551 30 0 0
24542 23 0 0
24489 135 0 0
24509 78 2 2
24565 40 1 1
24535 43 1 1
24602 15 0 0
24562 0 0 0
24604 2 0 0
24532 37 1 1
24508 79 0 0
24530 47 0 0
24580 16 0 0
24596 0 1 1
24601 39 1 1
24533 76 0 0
24518 82 1 1
24578 10 2 2
24584 0 2 2
24608 0 2 2
24555 38 1 1
24469 106 1 1
24553 18 0 0
24573 2 1 1
24576 11 0 0
24584 21 0 0
24573 27 0 0
24627 61 3 3
24572 33 0 0
24561 24 0 0
24614 0 0 0
24394 198 0 0
24378 209 1 1
24595 0 0 0
24601 8 3 3
24574 8 1 1
24172 417 1 1
24547 79 1 1
24581 6 0 0
24594 0 1 1
24609 7 1 1
24627 0 0 0
24509 74 1 1
24561 31 0 0
24604 0 1 1
24550 40 0 0
24331 264 1 1
24556 31 0 0
24501 98 0 0
24514 88 2 2
24592 9 0 0
24588 2 1 1
24582 0 0 0
24412 177 1 1
24732 20 0 0
24562 4 1 1
24608 17 1 1
24523 70 0 0
24485 78 0 0
24571 28 1 1
24608 0 1 1
24543 45 0 0
24515 61 0 0
24594 33 3 3
24599 0 0 0
24582 29 0 0
24590 0 1 1
24553 28 0 0
24617 0 1 1
24761 22 0 0
24583 3 0 0
24542 15 0 0
24599 3 0 0
24603 0 0 0
24536 63 0 0
24363 242 1 1
24556 44 0 0
24577 24 0 0
24608 0 1 1
24580 0 2 2
24542 27 0 0
24466 125 0 0
24592 0 1 1
24661 0 1 1
24570 0 0 0
24514 63 0 0
24480 134 2 2
24521 75 1 1
24588 0 1 1
24602 0 0 0
24583 2 1 1
24563 9 0 0
24536 26 0 0
24593 14 0 0
24601 0 0 0
24586 7 0 0
24565 3 0 0
24605 12 0 0
24595 16 0 0
24599 0 0 0
24594 3 2 2
24550 23 0 0
24596 5 0 0
24624 0 0 0
24598 1 1 1
24364 239 0 0
24581 43 1 1
24527 61 0 0
24587 13 1 1
24581 3 0 0
24600 0 2 2
24609 34 0 0
24481 171 0 0
24466 130 0 0
24594 0 0 0
24596 0 0 0
24605 0 1 1
24466 134 0 0
24431 175 1 1
24284 313 0 0
24603 0 0 0
24605 0 0 0
24436 129 1 1
24446 144 3 3
24411 43 2 2
24586 10 3 3
24579 6 0 0
24603 0 1 1
24503 87 0 0
24581 33 1 1
24599 8 1 1
24627 0 0 0
24601 0 0 0
24489 104 0 0
24427 144 0 0
24593 10 0 0
24568 17 0 0
24594 12 0 0
24599 10 3 3
24516 72 1 1
24594 0 1 1
24593 0 1 1
24585 6 0 0
24571 11 0 0
24580 20 1 1
24629 0 0 0
24601 7 0 0
24565 11 0 0
24304 256 1 1
24576 23 3 3
24559 33 1 1
24692 35 0 0
24615 0 1 1
24599 0 0 0
24591 26 0 0
24516 102 0 0
24475 93 0 0
24650 2 0 0
24589 8 1 1
24587 0 0 0
24589 17 0 0
24482 76 0 0
24514 67 1 1
24549 5 0 0
24600 0 0 0
24577 0 0 0
24467 123 0 0
24580 0 0 0
24500 79 0 0
24585 11 1 1
24602 0 0 0
24371 192 0 0
24437 145 0 0
24574 6 3 3
24611 0 0 0
24577 0 2 2
24470 131 1 1
24427 153 1 1
24551 15 0 0
24588 6 0 0
24591 23 0 0
24625 9 3 3
24369 221 2 2
24218 358 0 0
24575 0 0 0
24606 0 0 0
24588 15 1 1
24597 0 2 2
24601 7 0 0
24604 0 1 1
24603 0 2 2
24585 0 3 3
24593 0 2 2
24550 46 0 0
24505 75 1 1
24596 0 1 1
24601 0 1 1
24594 0 1 1
24576 15 1 1
24223 380 0 0
24543 36 1 1
24578 3 0 0
24559 0 0 0
24578 0 0 0
24458 94 1 1
24599 28 3 3
24605 0 2 2
24595 0 0 0
24590 9 0 0
24454 139 0 0
24438 148 1 1
24596 15 0 0
24606 0 0 0
24601 0 1 1
24598 9 0 0
24551 16 0 0
24602 0 0 0
24538 27 0 0
24587 0 0 0
24594 5 0 0
24569 19 0 0
24588 14 1 1
24583 0 2 2
24580 0 1 1
24580 21 1 1
24534 78 0 0
24589 7 1 1
24588 0 3 3
24600 3 0 0
24591 0 2 2
24569 20 0 0
24492 85 0 0
24599 6 1 1
24582 3 1 1
24590 6 1 1
24583 1 0 0
24521 84 0 0
24591 15 1 1
24579 9 0 0
24638 0 1 1
24587 0 0 0
24570 8 1 1
24536 66 0 0
24560 26 0 0
24593 0 1 1
24597 0 1 1
24605 11 1 1
24605 6 0 0
24552 19 0 0
24584 30 1 1
24591 0 1 1
24606 6 1 1
24585 36 1 1
24586 45 1 1
24554 41 1 1
24597 0 0 0
24563 1 0 0
24588 6 0 0
24518 77 0 0
24525 73 0 0
24559 24 0 0
24601 0 2 2
24594 0 0 0
24601 19 0 0
24526 81 2 2
24408 179 0 0
24599 0 2 2
24616 2 1 1
24598 0 0 0
24502 82 0 0
24596 20 2 2
24590 0 0 0
24568 0 0 0
24445 137 1 1
24474 126 0 0
24455 133 0 0
24597 5 0 0
24603 3 0 0
24594 9 2 2
24452 153 0 0
24561 30 1 1
24600 7 0 0
24590 0 1 1
24588 0 0 0
24588 0 0 0
24594 0 0 0
24522 58 1 1
24586 0 1 1
24594 0 1 1
24588 0 0 0
24545 28 0 0
24574 29 0 0
24583 0 1 1
24586 12 0 0
24573 0 2 2
24586 0 0 0
24548 23 3 3
24600 12 2 2
24512 74 1 1
24563 0 3 3
24572 26 0 0
24173 416 0 0
24578 38 0 0
24432 159 1 1
24542 25 3 3
24580 7 0 0
24550 48 3 3
24504 86 0 0
24592 0 0 0
24552 23 0 0
24361 244 0 0
24588 0 0 0
24523 67 3 3
24552 29 1 1
24570 16 2 2
24559 8 1 1
24570 0 0 0
24542 50 0 0
24496 87 1 1
24545 42 3 3
24613 0 0 0
24595 7 0 0
24570 4 0 0
24453 109 1 1
24537 66 0 0
24567 27 0 0
24568 0 0 0
24565 18 0 0
24529 69 0 0
24555 6 0 0
24540 56 0 0
24592 10 0 0
24609 7 0 0
24542 59 1 1
24492 94 0 0
24612 0 0 0
24567 27 1 1
24588 3 0 0
24591 0 2 2
24242 343 0 0
24499 89 1 1
24600 21 0 0
24596 0 1 1
24563 2 3 3
24497 76 0 0
24499 81 0 0
24605 0 0 0
24572 32 1 1
24549 56 1 1
23703 908 0 0
24524 90 0 0
24549 54 1 1
24576 40 0 0
24338 247 0 0
24581 0 1 1
24523 71 1 1
24601 0 0 0
24595 0 2 2
24595 0 2 2
24600 4 0 0
24577 0 0 0
24520 76 2 2
24622 20 0 0
24556 3 0 0
24586 0 0 0
24582 10 0 0
24561 22 0 0
24519 62 0 0
24553 8 0 0
24593 6 1 1
24574 7 0 0
24579 23 1 1
24582 15 3 3
24606 6 1 1
24580 5 0 0
24596 0 0 0
24572 24 0 0
24433 150 1 1
24574 18 1 1
24588 0 3 3
24571 18 2 2
24604 2 1 1
24553 44 0 0
24575 13 1 1
24613 0 0 0
24595 0 1 1
24565 0 0 0
24573 19 0 0
24554 54 2 2
24605 22 0 0
24577 23 0 0
24612 0 2 2
24600 2 0 0
24532 70 0 0
24552 50 0 0
24546 29 0 0
24591 0 1 1
24575 17 0 0
24530 236 0 0
24519 48 2 2
24589 0 0 0
24615 0 2 2
24519 81 0 0
24602 8 0 0
24551 69 2 2
24520 52 1 1
24601 0 0 0
24549 64 3 3
24597 8 1 1
24547 16 0 0
24629 15 1 1
24587 26 0 0
24537 80 0 0
24547 24 0 0
24539 56 0 0
24592 3 1 1
24584 0 0 0
24582 0 1 1
24593 5 0 0
24161 435 1 1
24624 21 0 0
24534 55 1 1
24615 10 0 0
24605 13 2 2
24600 0 2 2
24539 49 1 1
24435 162 0 0
24387 186 0 0
24579 0 0 0
24553 32 0 0
24513 93 0 0
24543 26 0 0
24559 54 2 2
24535 50 0 0
24582 7 0 0
24565 29 0 0
24564 24 0 0
24461 137 1 1
24560 5 0 0
24585 0 0 0
24577 34 0 0
24513 68 3 3
24583 30 0 0
24580 6 1 1
24597 0 2 2
24607 1 0 0
24590 26 2 2
24579 22 3 3
24529 60 1 1
24531 40 0 0
24606 11 1 1
24533 50 1 1
24431 172 0 0
24587 12 0 0
24594 24 0 0
24578 20 0 0
24539 28 2 2
24574 37 1 1
24586 32 1 1
24578 25 1 1
24602 10 0 0
24610 0 3 3
24584 25 2 2
24559 46 0 0
24587 26 1 1
24604 1 2 2
24573 3 0 0
24546 29 2 2
24582 27 0 0
24578 40 0 0
24568 17 1 1
24583 0 0 0
24587 0 0 0
24389 190 0 0
24422 178 1 1
24591 2 1 1
24580 6 1 1
24587 0 0 0
24436 174 0 0
24517 82 0 0
24500 91 1 1
24571 0 0 0
24579 0 1 1
24584 0 0 0
24551 40 1 1
24322 247 0 0
24597 7 1 1
24597 10 1 1
24563 0 0 0
24583 0 1 1
24467 123 0 0
24539 46 0 0
24573 0 0 0
24575 2 0 0
24595 4 1 1
24226 358 3 3
24590 16 0 0
24537 19 0 0
24585 10 0 0
24591 5 0 0
24591 17 1 1
24550 63 2 2
24558 15 1 1
24562 8 1 1
24578 6 1 1
24595 7 0 0
24529 83 0 0
24577 32 1 1
24575 2 0 0
24604 0 1 1
24563 13 2 2
24466 141 0 0
24471 134 1 1
24575 2 1 1
24575 30 1 1
24389 236 1 1
24454 145 0 0
24392 185 1 1
24572 23 0 0
24596 2 2 2
24585 0 1 1
24614 0 0 0
24438 148 1 1
24564 50 1 1
23531 1055 0 0
24588 0 2 2
24582 0 0 0
24515 96 4 4
24490 79 0 0
24090 521 0 0
24590 0 0 0
24595 4 1 1
24571 26 0 0
24536 51 0 0
24583 30 0 0
24526 40 2 2
24596 0 2 2
24610 0 2 2
24515 76 1 1
24544 43 0 0
24534 87 0 0
24579 5 0 0
24590 0 2 2
24568 0 0 0
24513 92 1 1
24552 38 0 0
24592 0 1 1
24534 32 0 0
24607 0 2 2
24553 43 1 1
24452 143 0 0
24556 6 0 0
24588 1 0 0
24576 0 0 0
24556 35 1 1
24563 33 0 0
24573 28 0 0
24580 3 0 0
24501 79 0 0
24598 0 2 2
24516 56 0 0
24523 60 0 0
24603 3 1 1
24609 0 0 0
24592 0 0 0
24550 36 1 1
24388 236 0 0
24604 0 0 0
24688 0 0 0
24597 3 0 0
24604 0 1 1
24534 71 0 0
24559 61 0 0
24558 26 1 1
24569 5 0 0
24600 7 2 2
24505 85 0 0
24604 15 1 1
24508 106 2 2
24679 13 0 0
24614 0 0 0
24587 3 0 0
24587 0 1 1
24590 0 1 1
24610 1 1 1
24598 3 0 0
24602 0 1 1
24501 74 0 0
24563 9 1 1
24583 4 0 0
24558 40 0 0
