24828 99 3 3
24808 42 0 0
24776 0 0 0
24645 187 0 0
24739 75 0 0
24744 50 2 2
24781 52 1 1
24690 39 0 0
24810 71 0 0
24869 31 0 0
24698 125 0 0
24788 38 0 0
24701 52 1 1
24751 0 1 1
24790 49 0 0
24793 32 0 0
24809 31 0 0
24757 50 3 3
24753 53 0 0
24668 143 1 1
24652 168 1 1
24674 108 1 1
24923 32 0 0
24778 42 0 0
24700 99 0 0
24678 122 0 0
24737 46 0 0
24704 86 1 1
24803 40 0 0
24735 73 0 0
24665 121 0 0
24765 71 1 1
24771 51 8 8
24727 82 0 0
24750 40 0 0
24660 153 0 0
24628 175 0 0
24836 5 0 0
24657 120 0 0
24764 37 8 8
24778 51 0 0
24645 143 0 0
24663 149 0 0
24833 0 0 0
24779 48 0 0
24779 37 5 5
24604 139 0 0
24661 159 0 0
24729 58 0 0
24795 49 0 0
24679 47 0 0
24896 50 2 2
24769 105 1 1
24843 6 0 0
24798 3 2 2
24753 45 0 0
24831 43 3 3
24773 0 1 1
24794 25 0 0
24719 127 1 1
24838 10 1 1
24949 0 0 0
24773 16 0 0
24729 13 0 0
24783 0 1 1
24714 119 2 2
24799 0 0 0
24825 0 4 4
24778 72 0 0
24830 0 0 0
24778 0 0 0
24801 7 0 0
24834 0 1 1
24748 75 2 2
24805 12 0 0
24738 73 0 0
24787 10 0 0
24782 4 0 0
24673 144 0 0
24575 274 0 0
24781 3 0 0
24801 5 0 0
24781 12 0 0
24751 14 0 0
24676 178 0 0
24592 156 0 0
24786 4 3 3
24848 43 5 5
24497 308 0 0
24644 147 14 14
24647 156 6 6
24764 2 0 0
24803 9 0 0
24802 0 0 0
24881 0 0 0
24739 51 0 0
24732 128 0 0
24798 12 0 0
24826 0 1 1
24821 0 0 0
24929 10 0 0
24719 71 0 0
24790 0 0 0
24907 2 0 0
24805 0 0 0
24805 0 2 2
24542 247 0 0
24800 13 0 0
24781 7 0 0
24762 45 0 0
24808 0 0 0
24801 0 0 0
24853 0 1 1
25026 0 0 0
24845 3 0 0
24791 7 0 0
24648 147 0 0
24680 132 0 0
24692 118 8 8
24837 13 0 0
24809 0 1 1
24781 10 0 0
24653 185 0 0
24750 57 0 0
24708 64 0 0
24937 0 1 1
24917 7 0 0
24746 38 0 0
24650 16 0 0
24776 38 0 0
24843 8 1 1
24818 0 5 5
24752 14 2 2
24554 271 1 1
24780 1 1 1
24795 0 0 0
24800 0 1 1
24798 0 0 0
24791 6 2 2
24781 68 0 0
24781 77 1 1
24692 23 0 0
24808 8 5 5
24830 14 0 0
24690 83 0 0
24799 4 1 1
24793 0 0 0
24809 0 2 2
24763 45 0 0
24806 15 1 1
24793 28 7 7
24794 0 0 0
24977 0 0 0
24824 0 0 0
24737 61 9 9
24655 158 12 12
24856 10 5 5
24774 0 0 0
24859 0 0 0
24827 3 0 0
24813 0 0 0
24819 0 0 0
24506 311 7 7
24824 0 0 0
24911 0 0 0
24725 25 0 0
24790 2 0 0
24834 16 0 0
24821 0 1 1
24769 40 0 0
24844 0 1 1
24744 56 0 0
24873 0 0 0
24816 10 0 0
24785 0 0 0
24816 0 0 0
24678 125 0 0
24633 187 1 1
24801 0 0 0
24822 0 1 1
24772 0 0 0
24672 154 0 0
24631 131 0 0
24858 0 1 1
23583 1235 1 1
24776 15 0 0
24649 184 1 1
24656 143 0 0
24858 0 0 0
24802 18 0 0
24831 0 0 0
24621 195 0 0
24591 203 0 0
24581 229 0 0
24857 4 0 0
24785 3 0 0
24852 0 0 0
24768 45 0 0
24742 105 1 1
24713 79 11 11
24861 0 1 1
24843 0 1 1
24812 40 0 0
24646 177 0 0
24811 20 1 1
24876 16 2 2
24669 136 0 0
24767 0 0 0
24801 87 1 1
24696 110 0 0
24870 13 0 0
24775 23 1 1
24825 3 0 0
24731 58 0 0
24913 106 0 0
24773 65 0 0
24753 68 0 0
24869 0 1 1
24762 25 0 0
24675 108 0 0
24713 93 0 0
24766 64 5 5
24777 13 0 0
24832 0 0 0
24756 44 0 0
24690 90 0 0
24797 28 0 0
24802 0 0 0
24144 674 0 0
24945 53 0 0
24707 153 0 0
24767 40 0 0
24813 0 0 0
24842 0 0 0
24810 0 0 0
24722 71 0 0
24669 101 0 0
24835 0 0 0
24816 8 0 0
24799 0 0 0
24751 43 0 0
24695 60 2 2
24835 0 1 1
24725 67 1 1
24809 0 0 0
24813 0 1 1
24730 97 0 0
24634 168 1 1
24796 0 0 0
24707 141 0 0
24484 294 2 2
24345 459 0 0
24679 118 0 0
24736 88 0 0
24804 0 12 12
24985 9 0 0
24768 11 1 1
24812 8 1 1
24724 53 9 9
24764 13 0 0
24787 4 0 0
24815 0 0 0
24806 3 0 0
24799 0 0 0
24357 446 3 3
24784 74 1 1
24848 0 0 0
24796 0 0 0
25312 23 0 0
24705 77 0 0
24748 0 1 1
24820 0 0 0
24717 102 7 7
24865 83 0 0
24869 53 0 0
24807 0 0 0
24834 0 1 1
24776 6 1 1
24766 46 0 0
24646 134 0 0
24809 34 0 0
24895 3 0 0
24807 0 0 0
24422 458 0 0
24691 115 0 0
24796 3 1 1
24803 1 0 0
24747 63 0 0
24773 5 0 0
24787 0 0 0
24856 48 1 1
24808 6 0 0
24807 0 7 7
24805 0 0 0
24882 68 2 2
24809 0 2 2
24812 1 0 0
24810 5 0 0
24876 10 1 1
24685 128 2 2
24642 141 0 0
24641 124 1 1
24791 0 0 0
24855 0 0 0
24742 0 0 0
24640 225 1 1
24645 138 0 0
24836 13 0 0
24766 28 0 0
24799 78 0 0
24692 128 0 0
24645 190 0 0
24874 27 1 1
24804 0 0 0
24806 0 9 9
24739 0 1 1
24746 59 2 2
24734 59 0 0
24803 7 1 1
24886 0 0 0
24913 17 0 0
24835 0 0 0
24803 6 0 0
24789 4 1 1
24816 0 0 0
24784 3 0 0
24783 0 1 1
24768 85 1 1
24809 8 0 0
24816 22 0 0
24821 0 5 5
24703 91 0 0
24797 38 0 0
24874 67 0 0
24786 24 1 1
24809 0 0 0
24855 25 0 0
24779 33 1 1
24606 178 0 0
24688 103 1 1
24777 9 0 0
24766 35 0 0
24834 33 0 0
24682 150 1 1
24672 134 0 0
24844 1 0 0
24821 2 5 5
24828 0 9 9
24653 164 0 0
24608 182 0 0
24888 13 0 0
24789 23 0 0
24867 7 0 0
24626 199 2 2
24716 146 0 0
24750 141 0 0
24750 8 0 0
24795 8 1 1
24829 0 7 7
24672 116 7 7
24693 125 1 1
24723 71 0 0
24757 15 0 0
24812 0 2 2
24794 5 7 7
24796 9 4 4
24855 0 0 0
24807 0 1 1
24932 0 3 3
24788 0 1 1
24664 137 0 0
24355 445 0 0
24833 0 2 2
24808 16 2 2
24816 0 5 5
24723 93 11 11
24808 22 0 0
24774 57 0 0
24732 99 0 0
24812 0 1 1
24754 98 0 0
24841 40 0 0
24694 89 0 0
24821 5 0 0
24831 0 1 1
24778 1 0 0
24847 3 1 1
24737 84 0 0
24778 2 0 0
24718 86 0 0
24798 0 0 0
24822 0 2 2
24819 44 0 0
24797 0 0 0
24778 18 11 11
24811 1 7 7
24715 21 3 3
24802 64 0 0
24771 8 0 0
24853 7 0 0
24862 1 1 1
24815 0 0 0
24797 0 12 12
24832 31 0 0
24810 0 5 5
24823 0 1 1
24863 0 0 0
24811 0 1 1
24795 0 0 0
24781 25 0 0
24757 53 0 0
24671 153 0 0
24737 78 10 10
24786 51 1 1
24819 39 1 1
24806 25 0 0
24782 0 9 9
24820 0 0 0
24741 31 1 1
24591 213 0 0
24722 18 1 1
24798 14 0 0
24808 0 2 2
24847 135 0 0
24826 76 1 1
24714 81 0 0
24813 9 1 1
24764 0 0 0
24757 0 0 0
24757 39 0 0
24691 107 0 0
24765 17 0 0
24789 3 0 0
24800 12 0 0
24776 20 0 0
24760 26 0 0
24796 57 0 0
24797 35 0 0
24821 21 0 0
24821 0 0 0
24562 248 0 0
24584 204 8 8
24824 0 0 0
24822 13 1 1
24782 6 0 0
24479 386 1 1
24740 74 7 7
24838 8 0 0
24785 0 0 0
24849 5 0 0
24863 0 0 0
24773 72 3 3
24749 36 0 0
24811 0 0 0
24744 40 0 0
24568 266 0 0
24748 33 0 0
24692 102 0 0
24759 75 0 0
24785 7 0 0
24852 0 0 0
24794 0 0 0
24656 167 0 0
24784 24 0 0
24835 6 1 1
24811 18 1 1
24768 76 1 1
24686 80 0 0
24763 31 0 0
24797 0 7 7
24752 48 0 0
24747 58 0 0
24808 33 0 0
24867 3 0 0
24807 34 0 0
24733 0 0 0
24773 28 0 0
24833 0 1 1
24983 19 0 0
24790 3 0 0
24749 16 0 0
24937 3 0 0
24801 0 0 0
24779 65 2 2
24578 241 9 9
24772 45 1 1
24785 24 0 0
24952 0 2 2
24773 5 0 0
24762 24 0 0
24633 108 0 0
24805 0 2 2
24842 0 0 0
24693 0 0 0
24744 64 0 0
24749 129 7 7
24861 76 7 7
24736 0 0 0
24834 0 0 0
24823 1 1 1
24977 20 0 0
24795 24 1 1
24862 12 0 0
24839 0 0 0
24711 28 1 1
24802 3 7 7
24879 10 0 0
24828 15 0 0
24831 0 2 2
24834 5 1 1
24777 24 0 0
24815 6 0 0
24878 11 0 0
24798 1 0 0
24592 247 0 0
24767 39 1 1
24738 59 0 0
24781 12 0 0
24838 1 0 0
24740 0 1 1
24711 144 1 1
24661 169 1 1
24703 129 0 0
24839 0 5 5
24810 1 0 0
24760 0 0 0
24656 142 1 1
24639 174 4 4
24496 316 0 0
24879 0 0 0
24810 0 0 0
24649 129 10 10
24703 145 0 0
24663 34 0 0
24796 7 1 1
24792 6 0 0
24828 0 2 2
24727 80 0 0
24782 32 0 0
24756 11 0 0
24842 0 0 0
24840 0 1 1
24675 103 2 2
24676 145 0 0
24784 8 0 0
24837 17 0 0
24850 12 0 0
24804 9 0 0
24796 64 2 2
24812 1 0 0
24835 0 0 0
24718 184 0 0
24787 11 0 0
24853 12 0 0
24804 14 1 1
24866 6 0 0
24798 14 0 0
24510 271 0 0
24816 27 2 2
24829 29 1 1
24792 40 0 0
24782 0 1 1
24807 0 10 10
24832 25 0 0
24891 101 1 1
24717 90 0 0
24819 2 0 0
24847 7 0 0
24799 0 0 0
24857 17 1 1
24720 82 0 0
24650 70 0 0
24769 8 0 0
24804 0 0 0
24836 0 0 0
24665 129 0 0
24779 0 0 0
24656 78 1 1
24824 12 0 0
24875 0 2 2
24641 199 0 0
24703 144 0 0
24782 10 1 1
24830 0 5 5
24779 0 1 1
24708 128 0 0
24599 161 0 0
24801 18 7 7
24789 3 0 0
24796 5 0 0
24991 11 0 0
24553 225 1 1
24507 358 0 0
24794 0 0 0
24844 0 0 0
24804 15 0 0
24849 0 0 0
24792 5 0 0
24835 6 1 1
24830 0 0 0
24787 0 10 10
24862 0 1 1
24769 46 0 0
24892 73 0 0
24806 0 4 4
24750 0 4 4
24820 0 1 1
24791 12 0 0
24450 368 0 0
24782 25 3 3
24787 3 1 1
24780 0 0 0
24719 19 0 0
24711 96 0 0
24826 29 0 0
24806 0 0 0
24899 0 1 1
24805 6 0 0
24686 139 0 0
24680 147 0 0
24797 37 0 0
24797 0 0 0
24821 0 0 0
24805 8 1 1
24792 13 6 6
24840 0 0 0
24751 27 0 0
24802 0 0 0
24784 4 0 0
24814 16 5 5
24826 12 1 1
24801 0 0 0
24721 0 1 1
24826 19 0 0
24754 74 6 6
24710 5 0 0
24883 0 0 0
24817 3 1 1
24836 0 0 0
24778 4 0 0
24702 85 0 0
24807 6 0 0
24803 13 0 0
24809 8 3 3
24903 3 0 0
24744 76 0 0
24773 13 6 6
24846 0 0 0
24866 0 0 0
24786 0 0 0
24786 7 0 0
24739 72 0 0
24759 27 0 0
24801 0 0 0
24843 0 0 0
24849 6 0 0
24795 6 0 0
24776 18 0 0
24791 16 0 0
24770 0 0 0
24850 6 2 2
24835 36 0 0
24753 70 1 1
24793 0 0 0
24814 0 0 0
24779 0 0 0
24812 3 4 4
24678 79 1 1
24777 71 0 0
24807 36 0 0
24847 0 0 0
24886 0 0 0
24823 17 1 1
24740 71 2 2
24605 181 6 6
24806 0 0 0
24979 2 5 5
24839 25 0 0
24738 79 0 0
24850 25 0 0
24941 0 0 0
24832 2 0 0
24688 136 0 0
24669 130 0 0
24674 133 6 6
24810 3 0 0
24863 5 1 1
24823 10 1 1
24638 155 0 0
24804 28 2 2
24818 6 0 0
24795 0 0 0
24807 0 0 0
24894 0 0 0
24809 2 9 9
24736 64 1 1
24824 0 10 10
24823 0 0 0
24804 5 1 1
24769 28 0 0
24787 31 1 1
24779 0 0 0
24803 8 4 4
24730 0 1 1
24720 3 0 0
24797 16 2 2
24836 11 0 0
24763 75 0 0
24845 0 0 0
24791 14 0 0
24375 414 1 1
24774 41 0 0
24644 161 0 0
24750 25 8 8
24755 5 0 0
24766 45 0 0
24731 72 0 0
24808 0 0 0
24803 0 1 1
24587 243 0 0
24801 0 6 6
24769 72 2 2
24829 24 0 0
24776 15 8 8
24789 6 0 0
24795 0 0 0
24756 53 4 4
24718 82 7 7
24882 43 0 0
24755 0 0 0
24827 0 7 7
24962 2 0 0
24712 106 1 1
24754 64 0 0
24781 26 0 0
24738 0 0 0
24790 14 0 0
24761 77 6 6
24783 6 0 0
24951 50 8 8
24854 13 0 0
24795 5 0 0
24663 130 1 1
24706 83 0 0
24909 0 3 3
24735 25 0 0
24787 2 0 0
24688 119 1 1
24440 344 0 0
24766 89 0 0
24778 23 0 0
24780 7 0 0
24846 2 1 1
24754 72 0 0
24720 62 1 1
24812 1 1 1
24788 33 0 0
24911 53 0 0
23853 969 0 0
24741 91 0 0
24843 57 0 0
24774 38 2 2
24534 247 6 6
24781 0 1 1
24801 71 0 0
24874 0 0 0
24792 0 1 1
24827 0 0 0
24805 5 0 0
24809 6 10 10
24749 77 0 0
24826 23 0 0
24805 2 7 7
24800 0 6 6
24783 13 0 0
24761 24 1 1
24766 60 3 3
24842 9 0 0
24796 6 1 1
24720 11 0 0
24786 26 1 1
24812 18 8 8
24804 5 2 2
24835 5 0 0
24799 0 0 0
24777 58 0 0
24633 150 0 0
24881 22 1 1
24823 0 0 0
24711 24 0 0
24837 3 0 0
24789 51 8 8
24870 9 0 0
24804 0 0 0
24787 0 1 1
24835 1 1 1
24838 17 0 0
24757 57 0 0
24870 28 0 0
24795 22 0 0
24822 0 0 0
24805 4 8 8
24804 71 0 0
24793 64 0 0
24785 29 5 5
24853 0 1 1
24783 22 0 0
24780 236 0 0
24775 48 6 6
24752 0 4 4
24823 0 0 0
24750 72 0 0
24830 10 1 1
24765 73 0 0
24745 55 4 4
24827 0 0 0
24777 43 1 1
24809 7 0 0
24761 20 0 0
24870 17 0 0
24772 25 0 0
24810 62 0 0
24794 26 2 2
24743 55 0 0
24786 4 1 1
24865 0 1 1
24766 0 1 1
24872 0 1 1
24395 433 13 13
24844 23 0 0
24756 58 0 0
24883 6 0 0
24855 0 0 0
24795 0 4 4
24772 46 1 1
24630 164 0 0
24603 203 0 0
24802 0 0 0
24767 32 6 6
24692 93 0 0
24756 27 0 0
24737 59 4 4
24771 46 0 0
24827 9 6 6
24750 29 1 1
24772 24 0 0
24674 137 0 0
24793 12 0 0
24818 0 0 0
24820 30 0 0
24737 67 0 0
24880 37 1 1
24787 9 10 10
24810 0 8 8
24766 51 0 0
24773 26 0 0
24785 24 10 10
24700 55 0 0
24744 50 0 0
24944 0 0 0
24776 49 1 1
24527 175 0 0
24880 13 0 0
24795 16 0 0
24785 21 0 0
24767 30 5 5
24784 40 7 7
24837 30 0 0
24772 25 1 1
24783 14 2 2
24811 0 7 7
24775 26 0 0
24798 48 6 6
24611 14 0 0
24793 0 0 0
24764 3 0 0
24786 29 0 0
24777 27 0 0
24798 44 1 1
24805 14 0 0
24785 0 10 10
24820 0 0 0
24633 185 0 0
24725 179 1 1
24727 10 0 0
24825 5 1 1
24835 0 3 3
24642 171 0 0
24723 85 0 0
24733 97 1 1
24776 8 1 1
24716 0 1 1
24797 0 0 0
24835 39 1 1
24533 244 0 0
24812 5 1 1
24818 3 0 0
24794 0 0 0
24926 0 0 0
24650 144 0 0
24756 44 0 0
24800 0 10 10
24797 1 1 1
24795 2 4 4
24456 367 1 1
24832 13 1 1
24769 16 0 0
24812 8 0 0
24790 6 1 1
24807 7 0 0
24746 64 0 0
24860 16 1 1
24771 9 0 0
24782 6 0 0
24705 7 0 0
24796 81 0 0
24827 27 1 1
24831 2 0 0
24796 0 6 6
24771 9 0 0
24659 142 0 0
24682 134 0 0
24785 4 0 0
24782 21 1 1
24747 239 1 1
24691 146 1 1
24620 184 1 1
24815 15 1 1
24822 0 0 0
24814 0 0 0
24877 2 1 1
24657 145 0 0
24820 53 0 0
23483 1407 1 1
24797 0 0 0
24821 0 1 1
24735 104 0 0
24858 14 0 0
24254 552 0 0
24839 0 0 0
24817 3 0 0
24781 26 0 0
24758 51 0 0
24903 0 0 0
24747 17 0 0
24833 3 6 6
24872 0 1 1
24756 75 0 0
24797 43 0 0
24706 75 0 0
24810 5 4 4
24794 0 0 0
24805 0 0 0
24675 90 2 2
24792 37 1 1
24802 0 6 6
24780 23 0 0
24874 0 1 1
24777 48 0 0
24643 140 0 0
24785 8 0 0
24788 6 1 1
24806 0 1 1
24705 35 1 1
24766 31 0 0
24771 27 0 0
24807 0 0 0
24707 72 0 0
24803 0 7 7
24741 59 0 0
24741 61 0 0
24840 5 0 0
24824 0 0 0
24800 0 0 0
24765 37 0 0
24554 243 0 0
24851 0 0 0
24844 0 0 0
24862 2 1 1
24795 0 1 1
24736 71 0 0
24757 63 0 0
24771 23 1 1
24840 4 0 0
24802 5 0 0
24802 65 0 0
24801 28 1 1
24724 106 0 0
24850 0 0 0
24869 2 0 0
24767 7 0 0
24807 0 0 0
24850 0 0 0
24835 2 0 0
24803 5 1 1
24662 143 0 0
24711 69 0 0
24759 12 0 0
24792 3 0 0
24789 36 0 0
