24912 105 1 1
24763 187 5 5
24951 0 7 7
24688 192 0 0
24930 75 0 0
24939 13 10 10
24964 50 0 0
24919 38 0 0
24940 73 15 15
24959 28 0 0
24848 124 0 0
24955 39 0 0
24945 48 1 1
24973 0 1 1
24846 51 0 0
24870 29 0 0
25014 15 0 0
24893 53 9 9
24889 53 5 5
24861 144 0 0
24785 164 7 7
24838 109 14 14
25039 31 0 0
24968 39 0 0
24884 98 10 10
24818 120 0 0
24830 52 0 0
24876 86 0 0
24866 41 0 0
24841 144 2 2
24795 122 0 0
24941 65 0 0
24908 53 8 8
24907 84 0 0
24852 35 0 0
24838 155 5 5
24747 172 0 0
25020 9 0 0
24850 118 0 0
24908 40 6 6
24902 65 5 5
24780 148 0 0
24888 149 1 1
24979 0 8 8
24973 47 2 2
24920 38 8 8
24847 138 0 0
24851 157 0 0
24826 90 0 0
24943 52 12 12
24804 49 0 0
24961 50 0 0
24855 108 9 9
25026 9 0 0
24912 4 1 1
24921 75 3 3
24982 40 8 8
24906 0 0 0
24999 30 2 2
24855 131 0 0
24988 11 6 6
25105 0 11 11
24956 21 0 0
24930 12 5 5
25106 15 5 5
24852 122 0 0
24984 2 9 9
25234 0 12 12
24912 70 4 4
25021 3 0 0
24905 0 0 0
24942 0 1 1
25006 0 9 9
24953 60 0 0
25071 12 14 14
24853 84 0 0
25019 7 1 1
24906 5 0 0
24801 141 0 0
24632 284 0 0
24907 94 3 3
24883 7 0 0
24915 12 0 0
24886 14 0 0
24748 178 0 0
24746 158 0 0
24954 2 0 0
25058 40 0 0
24653 309 0 0
24751 221 0 0
24798 159 0 0
24956 2 16 16
24992 13 6 6
24998 0 1 1
24997 0 0 0
24873 51 0 0
24803 124 0 0
25015 45 5 5
25013 0 0 0
24984 0 12 12
25071 11 4 4
24870 64 0 0
24934 0 8 8
24952 4 0 0
24994 0 0 0
25025 0 0 0
24683 245 0 0
24932 17 10 10
24915 8 0 0
24885 50 0 0
25000 2 0 0
24971 0 0 0
24988 0 6 6
25111 0 0 0
25065 0 0 0
24939 6 0 0
24771 153 0 0
24766 129 0 0
24833 129 14 14
24983 10 7 7
24960 0 10 10
24854 54 0 0
24810 180 0 0
24903 53 0 0
24967 63 0 0
24994 10 0 0
25101 5 9 9
24935 33 7 7
24839 99 8 8
24958 38 0 0
25028 10 0 0
24969 0 0 0
24976 17 0 0
24721 266 18 18
25008 5 1 1
25000 6 1 1
24998 0 0 0
24965 4 13 13
24942 1 0 0
24961 68 0 0
24935 79 8 8
24857 22 0 0
24972 9 0 0
24908 13 0 0
24850 77 0 0
24916 6 1 1
24906 0 0 0
25001 0 1 1
25006 42 0 0
25039 24 1 1
24954 29 14 14
24905 0 0 0
25040 96 0 0
25002 0 0 0
24874 55 7 7
24789 157 3 3
25016 10 16 16
24956 0 11 11
24989 0 7 7
25083 2 8 8
24976 0 2 2
25004 0 0 0
24658 308 15 15
24927 0 0 0
25082 0 0 0
25048 21 8 8
24890 1 0 0
25037 15 0 0
24972 0 7 7
24852 40 0 0
25068 0 0 0
24938 47 10 10
25005 0 6 6
24996 15 4 4
24974 0 4 4
25035 0 0 0
24766 120 0 0
24762 196 7 7
24969 0 0 0
24982 0 0 0
24951 0 0 0
24772 249 2 2
24829 132 6 6
24924 0 0 0
23512 1450 3 3
24869 14 1 1
24810 181 17 17
24829 145 7 7
24917 7 0 0
24991 18 0 0
24971 0 5 5
24768 192 0 0
24721 200 0 0
24822 230 1 1
24924 0 0 0
24860 5 0 0
25015 0 0 0
25007 44 0 0
24905 106 1 1
24865 78 0 0
25000 0 0 0
24999 0 5 5
24960 37 6 6
24775 167 0 0
24956 17 0 0
24920 19 0 0
24814 90 0 0
24898 0 0 0
24879 87 0 0
24913 99 0 0
24871 11 0 0
24972 0 7 7
25012 0 7 7
24861 57 0 0
25154 97 0 0
24856 65 0 0
25058 69 1 1
25028 0 0 0
24879 26 0 0
24780 99 0 0
24893 90 0 0
24912 61 9 9
24901 14 0 0
24902 0 0 0
25001 42 0 0
24846 89 0 0
24971 23 0 0
24971 0 0 0
24078 904 0 0
25028 37 0 0
24767 150 0 0
24954 42 0 0
24986 0 0 0
25119 0 5 5
24934 0 0 0
24903 71 6 6
24821 98 0 0
24898 7 0 0
24878 79 2 2
24915 0 0 0
24856 43 0 0
24898 60 7 7
25072 0 0 0
24923 63 0 0
24959 0 6 6
24940 7 3 3
24908 92 1 1
24835 158 0 0
24955 0 0 0
24885 135 0 0
24677 294 6 6
24539 417 7 7
24898 130 0 0
24883 80 0 0
24942 0 12 12
25043 7 0 0
24947 11 9 9
24894 14 0 0
24888 56 0 0
24898 0 0 0
25009 5 10 10
24954 0 0 0
25032 24 0 0
24903 0 0 0
24503 445 11 11
24938 73 0 0
24980 0 3 3
24891 0 0 0
25529 26 9 9
24882 74 0 0
24978 0 0 0
24960 0 13 13
24655 317 4 4
24935 74 0 0
24918 55 0 0
24964 0 0 0
25016 0 0 0
24962 4 0 0
24892 42 1 1
24832 131 0 0
24984 33 1 1
25035 1 3 3
24905 0 0 0
24478 449 0 0
24826 112 0 0
24935 3 0 0
24950 14 0 0
24873 63 2 2
24869 6 0 0
24901 1 0 0
24920 45 0 0
24889 10 0 0
24982 0 0 0
24991 0 0 0
24945 163 2 2
24980 0 9 9
24899 0 0 0
24889 8 0 0
25041 10 0 0
24860 127 1 1
24782 141 0 0
24846 123 13 13
24909 0 0 0
24920 0 0 0
24977 0 0 0
24737 218 0 0
24743 143 0 0
24968 15 7 7
24884 35 1 1
24910 75 0 0
24786 129 0 0
24713 192 1 1
24912 30 0 0
24946 0 0 0
24958 0 0 0
24981 0 1 1
24971 62 2 2
24843 68 0 0
24971 0 8 8
24952 0 0 0
24981 86 2 2
24890 0 0 0
24947 3 0 0
24931 5 10 10
25003 0 7 7
24992 4 1 1
24916 0 0 0
24892 102 5 5
24982 8 10 10
25015 19 2 2
25009 0 0 0
24920 85 0 0
24988 42 0 0
24948 68 0 0
25006 0 0 0
24927 2 0 0
24910 26 0 0
24949 36 0 0
24696 175 1 1
24891 105 0 0
24978 10 8 8
24905 35 5 5
24976 31 9 9
24842 150 1 1
24851 134 0 0
25022 5 0 0
25045 3 8 8
24968 0 7 7
24869 160 0 0
24745 186 0 0
25067 10 0 0
24935 20 0 0
24916 8 0 0
24822 201 2 2
24840 149 10 10
24811 143 0 0
24981 9 0 0
24906 9 0 0
24969 0 9 9
24913 118 7 7
24830 126 7 7
24817 70 0 0
24849 16 0 0
25002 0 10 10
24982 4 5 5
24962 10 0 0
25028 0 1 1
25012 0 4 4
24990 0 0 0
24979 0 6 6
24785 135 0 0
24549 443 4 4
25003 0 0 0
25008 3 0 0
24990 0 2 2
24889 102 0 0
24995 20 0 0
24934 58 0 0
24898 99 8 8
25026 0 5 5
24896 98 6 6
24973 39 4 4
24823 98 0 0
24993 6 0 0
25015 0 10 10
24909 0 0 0
24995 4 0 0
24826 71 1 1
24965 0 0 0
24810 180 1 1
24855 0 0 0
24993 0 0 0
24980 43 0 0
24924 78 1 1
24984 17 0 0
24964 3 1 1
24873 20 0 0
25028 64 0 0
24932 6 0 0
25029 5 0 0
24990 0 9 9
24974 0 0 0
24996 2 0 0
24960 34 7 7
24968 0 0 0
24968 9 0 0
25060 0 1 1
24970 0 9 9
24945 0 0 0
24942 18 0 0
24999 50 3 3
24960 94 0 0
24877 77 7 7
24969 37 0 0
24959 36 14 14
24939 70 0 0
24938 0 6 6
24962 1 11 11
24954 30 0 0
24536 434 0 0
24932 19 8 8
25006 12 12 12
24950 0 6 6
24990 36 0 0
24874 76 1 1
24810 91 0 0
24950 15 9 9
24982 0 0 0
24962 0 7 7
24946 37 5 5
24884 110 0 0
24900 17 0 0
24887 0 0 0
24987 15 0 0
24975 19 0 0
24926 27 0 0
24995 59 0 0
25000 31 0 0
24881 25 0 0
24975 0 0 0
24716 244 0 0
24765 206 0 0
24990 0 12 12
25052 14 1 1
24918 8 0 0
24654 388 0 0
24940 76 0 0
24905 5 0 0
24974 0 0 0
25345 3 0 0
25022 0 0 0
24924 72 3 3
24865 34 0 0
25034 3 0 0
24835 40 0 0
24710 265 4 4
24891 33 0 0
24799 157 5 5
24880 79 0 0
24881 4 0 0
25011 2 11 11
24945 0 0 0
24839 170 9 9
25010 24 0 0
24999 4 7 7
24947 21 6 6
24856 69 1 1
24878 79 0 0
24908 27 0 0
24955 0 0 0
24967 51 0 0
24896 59 0 0
24938 32 6 6
24935 1 0 0
24942 41 11 11
24947 0 4 4
24942 26 18 18
24992 1 12 12
25126 21 0 0
24894 2 0 0
24910 14 0 0
24999 3 0 0
24977 0 0 0
24925 61 6 6
24732 238 5 5
24960 45 0 0
24964 25 10 10
25090 0 13 13
24972 0 6 6
24877 20 0 0
24858 111 0 0
24975 0 4 4
25065 0 0 0
24919 0 7 7
24901 64 0 0
24888 127 0 0
25002 78 12 12
24951 0 9 9
25009 3 8 8
24990 0 0 0
25030 9 0 0
24968 26 0 0
24918 14 0 0
25004 1 0 0
24858 4 0 0
24982 0 6 6
24939 7 0 0
24832 154 0 0
24898 0 0 0
24984 8 0 0
24931 25 0 0
24961 6 0 0
25026 13 1 1
25010 0 0 0
24670 243 0 0
24864 39 0 0
24934 57 0 0
24980 11 5 5
24978 4 6 6
24956 0 11 11
24833 135 0 0
24851 168 6 6
24869 129 8 8
25017 0 0 0
24931 0 0 0
24915 0 0 0
24935 136 2 2
24817 173 1 1
24634 313 0 0
25025 0 12 12
24890 0 0 0
24808 129 0 0
24855 151 0 0
24921 37 6 6
25014 9 0 0
24897 6 0 0
25002 0 0 0
24833 82 0 0
24898 31 0 0
25064 9 1 1
24911 0 0 0
24929 82 2 2
24883 105 0 0
24870 146 7 7
24887 10 0 0
24904 16 0 0
24912 10 0 0
24932 13 6 6
24945 64 14 14
24989 0 0 0
24972 0 14 14
24654 302 0 0
24995 12 0 0
25041 17 1 1
24958 8 3 3
24927 7 0 0
24941 13 7 7
24654 338 1 1
25020 26 0 0
24896 31 0 0
24968 40 0 0
25015 0 0 0
24981 0 1 1
24987 24 0 0
24997 97 8 8
24852 96 0 0
24979 4 0 0
24909 6 0 0
24878 0 0 0
24929 13 0 0
24935 79 0 0
24771 67 0 0
24869 8 0 0
25019 0 0 0
24998 0 7 7
24774 121 0 0
24936 0 0 0
24862 82 6 6
24885 18 0 0
25074 0 2 2
24850 202 0 0
24820 140 1 1
24952 10 0 0
24985 0 7 7
24968 0 0 0
24785 130 0 0
24731 162 0 0
24966 16 1 1
24965 4 0 0
24977 1 0 0
25122 8 0 0
24770 223 0 0
24578 357 0 0
24986 0 0 0
24992 0 10 10
24946 19 0 0
25003 0 1 1
24881 7 0 0
24960 23 0 0
25014 0 0 0
24925 0 7 7
25008 5 1 1
24917 48 6 6
24999 71 2 2
24981 0 0 0
24869 0 0 0
25033 0 0 0
24898 15 1 1
24627 372 0 0
24996 12 0 0
24898 5 2 2
24997 0 4 4
24842 19 0 0
24796 167 7 7
24963 32 12 12
24982 0 0 0
25098 0 0 0
24998 6 0 0
24873 134 1 1
24883 147 0 0
25008 14 0 0
25004 0 0 0
25104 0 9 9
24884 122 3 3
24946 15 9 9
24994 0 0 0
24870 27 0 0
25005 0 0 0
24921 7 0 0
25059 19 5 5
24976 13 6 6
24949 0 6 6
24938 0 8 8
24997 22 5 5
24907 76 0 0
24936 6 0 0
25032 0 0 0
24955 3 8 8
25021 0 0 0
24968 1 2 2
24888 86 10 10
24995 4 0 0
25098 11 0 0
24956 8 5 5
24949 4 0 0
24986 82 0 0
24961 15 0 0
24830 155 6 6
25046 0 0 0
24961 0 0 0
24990 4 0 0
24958 68 0 0
24974 26 1 1
24970 0 0 0
25020 0 0 0
25006 11 0 0
24922 5 0 0
24922 23 9 9
24890 16 0 0
24968 0 6 6
25030 9 0 0
25006 34 0 0
24911 46 9 9
24938 0 8 8
25013 0 0 0
24995 2 0 0
25001 7 1 1
24934 76 0 0
24831 75 0 0
24876 32 0 0
25044 0 0 0
24934 0 0 0
24946 19 5 5
24946 71 10 10
24748 197 6 6
25018 0 0 0
25122 1 6 6
24984 27 10 10
24901 81 0 0
24972 28 6 6
25080 0 11 11
24908 0 0 0
24839 136 11 11
24855 128 9 9
24818 131 7 7
24935 5 0 0
24993 5 14 14
24972 9 7 7
24716 161 0 0
25012 25 0 0
24970 3 12 12
25025 0 0 0
24998 0 0 0
24985 0 0 0
24950 2 3 3
24930 61 10 10
25138 0 10 10
25017 0 0 0
24729 294 6 6
24977 42 0 0
25008 32 0 0
24965 0 12 12
24944 18 0 0
24963 0 0 0
24953 7 0 0
25007 19 0 0
24988 13 8 8
24836 74 0 0
25022 0 0 0
24918 15 0 0
24603 413 0 0
24965 38 11 11
24874 158 0 0
24928 24 0 0
24859 6 0 0
24896 48 0 0
24808 80 0 0
24933 0 0 0
24988 0 5 5
24661 244 0 0
24949 0 3 3
24919 69 5 5
24981 28 8 8
24970 14 0 0
24914 3 0 0
24987 0 9 9
24895 49 5 5
24922 89 1 1
25225 49 0 0
24965 0 0 0
24950 7 0 0
25149 7 0 0
24889 106 0 0
24848 73 0 0
24935 68 1 1
24859 2 0 0
24932 18 0 0
24907 71 1 1
24947 6 0 0
25063 88 0 0
24912 9 0 0
24911 9 0 0
24596 382 3 3
24829 153 4 4
25046 0 8 8
24963 26 0 0
24960 3 0 0
24927 29 12 12
24523 357 0 0
24833 84 0 0
24875 23 0 0
24969 1 6 6
24998 3 1 1
24939 74 0 0
24864 102 0 0
24979 0 0 0
24927 35 0 0
25067 52 0 0
24094 929 0 0
24803 92 0 0
24896 54 0 0
24944 38 6 6
24708 246 0 0
25005 0 0 0
24995 73 0 0
24938 0 0 0
24996 0 11 11
24972 0 9 9
24898 6 0 0
24996 2 3 3
25008 77 6 6
24959 15 0 0
24961 5 3 3
24911 0 1 1
24876 11 0 0
24901 69 3 3
24930 59 9 9
24921 8 0 0
25011 5 0 0
24894 5 0 0
24953 28 6 6
24963 14 9 9
24921 7 0 0
25005 108 0 0
24987 0 8 8
24952 57 3 3
24878 145 0 0
24948 19 0 0
24984 0 6 6
24824 18 1 1
25024 3 0 0
24971 45 0 0
24929 11 0 0
24994 0 0 0
25028 0 0 0
24988 0 10 10
24899 16 0 0
24948 57 1 1
24917 26 0 0
24950 21 0 0
24971 0 0 0
24955 4 9 9
24967 65 1 1
24949 51 7 7
24877 28 0 0
25034 4 0 0
24958 22 0 0
24941 236 11 11
24930 49 7 7
24868 31 0 0
24952 0 0 0
24870 71 0 0
25026 26 0 0
24796 191 2 2
24906 51 9 9
24938 0 0 0
24931 82 11 11
24910 4 0 0
24975 20 4 4
25002 19 0 0
24902 25 0 0
24988 60 0 0
25003 25 0 0
24955 56 0 0
24907 5 0 0
25049 0 0 0
25016 0 0 0
25029 0 8 8
24555 434 10 10
24937 15 0 0
24837 52 0 0
24921 5 0 0
25039 0 1 1
24958 0 13 13
24951 43 5 5
24753 168 0 0
24761 191 5 5
24972 0 0 0
24910 32 9 9
24884 93 5 5
24959 27 6 6
24920 55 12 12
24953 49 0 0
24972 9 9 9
24975 28 0 0
24875 23 0 0
24858 144 10 10
24913 7 0 0
24916 0 0 0
24955 35 5 5
24959 73 0 0
24938 34 0 0
24959 10 0 0
25023 0 0 0
24894 51 0 0
24952 25 0 0
24970 22 0 0
24894 57 0 0
24987 53 0 0
25047 0 3 3
24904 53 6 6
24776 198 0 0
25057 10 0 0
24897 18 0 0
24861 20 0 0
24948 30 0 0
24917 39 6 6
24998 32 1 1
24775 196 7 7
24963 11 0 0
24990 3 1 1
24960 29 0 0
25030 48 0 0
24739 112 0 0
25018 0 1 1
24883 6 0 0
24866 26 0 0
24977 37 0 0
24980 43 0 0
24984 14 0 0
24968 0 0 0
25004 0 1 1
24766 183 0 0
24906 175 1 1
24905 3 1 1
25132 0 0 0
24981 0 8 8
24801 174 0 0
24843 81 0 0
24902 97 1 1
24927 7 8 8
24968 0 0 0
25006 0 0 0
24987 42 7 7
24640 253 0 0
24992 10 0 0
24910 5 0 0
24987 0 0 0
25228 8 2 2
24709 186 0 0
24893 47 0 0
24953 0 8 8
24888 0 0 0
24920 2 2 2
24632 365 1 1
24965 12 5 5
24873 19 0 0
24996 8 6 6
24939 6 0 0
25068 10 2 2
24884 63 5 5
25042 19 1 1
24879 5 0 0
24894 4 0 0
24952 6 0 0
24860 78 0 0
24888 29 0 0
25001 5 0 0
24945 0 6 6
25118 7 4 4
24803 141 0 0
24874 133 7 7
24868 22 0 0
24900 25 0 0
24851 237 0 0
24849 146 0 0
24773 184 0 0
24943 14 7 7
24979 0 0 0
25063 0 0 0
25061 0 0 0
24839 145 5 5
24981 59 15 15
23416 1542 0 0
24879 0 0 0
25007 0 7 7
25002 32 0 0
24896 37 0 0
24367 573 0 0
25047 0 2 2
24952 5 0 0
24880 24 0 0
24943 55 0 0
24953 6 0 0
24946 11 0 0
25022 0 0 0
25032 0 0 0
24861 123 6 6
24972 59 0 0
24871 77 0 0
24966 2 0 0
24985 0 0 0
24964 0 10 10
24858 89 9 9
24861 37 0 0
24993 0 0 0
24890 98 2 2
25016 0 0 0
25019 47 0 0
24836 142 3 3
24891 5 0 0
24878 1 0 0
24951 0 0 0
24921 37 6 6
24936 41 0 0
24875 26 0 0
24910 5 0 0
24898 111 1 1
24954 0 9 9
24846 52 0 0
24921 60 12 12
24992 1 0 0
24966 0 6 6
24947 0 0 0
24940 52 3 3
24690 234 0 0
25024 0 0 0
25005 4 9 9
25022 3 0 0
25013 0 1 1
24955 71 0 0
24882 64 0 0
24974 26 6 6
25080 3 0 0
24968 0 3 3
24869 67 0 0
24936 30 8 8
24942 105 0 0
25081 0 8 8
25047 21 0 0
24890 4 0 0
25046 0 3 3
25005 0 7 7
24959 0 6 6
25015 13 0 0
24800 106 5 5
24817 66 0 0
25052 6 3 3
24986 2 0 0
24911 39 0 0
