92590
153960
215357
276784
338196
399604
461005
522368
583770
645230
706583
767962
829417
890857
952231
1013608
1074991
1136411
1197808
1259197
1320628
1382145
1443518
1504924
1566330
1627715
1689124
1750516
1811908
1873349
1934817
1996276
2057721
2119211
2180812
2242234
2303675
2365048
2426431
2487819
2549186
2610587
2671964
2733339
2794720
2856188
2917653
2979032
3040417
3101830
3163220
3224626
3286080
3347451
3408824
3470259
3531695
3593101
3654499
3716023
3777310
3838699
3900087
3961472
4022876
4084260
4145716
4207198
4268624
4330054
4391435
4452833
4514276
4575793
4637149
4698607
4759972
4821359
4882880
4944394
5005809
5067224
5128587
5190007
5251391
5312808
5374185
5435557
5496985
5558346
5619707
5681098
5742683
5804058
5865448
5926842
5988245
6049596
6111160
6172620
6234054
6295451
6356901
6418275
6479668
6541120
6602468
6663930
6725315
6786699
6848079
6909510
6971003
7032385
7093819
7155204
7216588
7277959
7339323
7400711
7462092
7523481
7584975
7646544
7707959
7769326
7830691
7892093
7953515
8014875
8076264
8137655
8199057
8260474
8321862
8383248
8444750
8506175
8567646
8629077
8690470
8751873
8813719
8874792
8936177
8997578
9058953
9120339
9181717
9243062
9304430
9365844
9427258
9488606
9549985
9611319
9672788
9734246
9795611
9857006
9918405
9979925
10041353
10102724
10164105
10225498
10286890
10348311
10409799
10471171
10532551
10593938
10655446
10716888
10778330
10839708
10901229
10962950
11024340
11085738
11147168
11208627
11270001
11331453
11392893
11454279
11515700
11577078
11638482
11699942
11761418
11822824
11884247
11945596
12006970
12068578
12129988
12191365
12252769
12314138
12375702
12437081
12498469
12560082
12621503
12682905
12744275
12805679
12867128
12928590
12990010
13051443
13112877
13174353
13235634
13297034
13358419
13419794
13481198
13542560
13603916
13665352
13726727
13788530
13849788
13911189
13972612
14033975
14095344
14156833
14218224
14279695
14341101
14402539
14463938
14525332
14586753
14648130
14709580
14771024
14832789
14894173
14955585
15017008
15078407
15139862
15201249
15262624
15324056
15385464
15446877
15508268
15569696
15631065
15692474
15753972
15815425
15876830
15938199
15999595
16061062
16122454
16184090
16245510
16306843
16368290
16429690
16491087
16552497
16613880
16675315
16736684
16798116
16859588
16920952
16982352
17043726
17105084
17166447
17227889
17289301
17350741
17412143
17473552
17535216
17596605
17657998
17719391
17780828
17842212
17903577
17964926
18026340
18087782
18149219
18210643
18272076
18333536
18394941
18456365
18517784
18579215
18640572
18702012
18763386
18824775
18886173
18947570
19008989
19070386
19131770
19193186
19254571
19315970
19377365
19438732
19500111
19561498
19622871
19684208
19745632
19807038
19868429
19929839
19991253
20052622
20114037
20175589
20237012
20298446
20359817
20421304
20482684
20544057
20605491
20666869
20728308
20789729
20851113
20912514
20973911
21035313
21096706
21158099
21219490
21280871
21342243
21403635
21465003
21526539
21587928
21649328
21710744
21772195
21833612
21895008
21956384
22017865
22079175
22140549
22201966
22263453
22324869
22386266
22447667
22509085
22570579
22632009
22693414
22754822
22816239
22877623
22939033
23000461
23061960
23123365
23184930
23246314
23307736
23369113
23430527
23491883
23553249
23614619
23676078
23737386
23798854
23860213
23921578
23982981
24044427
24105855
24167250
24228707
24290093
24351486
24412927
24474358
24535712
24597071
24658486
24719878
24781274
24842712
24904093
24965492
25026941
25088366
25149759
25211142
25272570
25333956
25395420
25456795
25518193
25579575
25640957
25702412
25763751
25825184
25886604
25947971
26009366
26070762
26132148
26193526
26254920
26316316
26377675
26439078
26500453
26561957
26623334
26684726
26746368
26807620
26869068
26930437
26991840
27053295
27114673
27176080
27237472
27298929
27360333
27421748
27483134
27544551
27605962
27667357
27728796
27790322
27851727
27913152
27974552
28035977
28097393
28158881
28220276
28281745
28343138
28404548
28466013
28527534
28588961
28650352
28711725
28773184
28834560
28895950
28957369
29018787
29080231
29141689
29203088
29264571
29325960
29387353
29448801
29510211
29571601
29633022
29694420
29755788
29817150
29878550
29939958
30001480
30062862
30124267
30185709
30247105
30308611
30369993
30431375
30492770
30554181
30615546
30676939
30738450
30799828
30861246
30922645
30984044
31045445
31107050
31168422
31229807
31291172
31352547
31413953
31475584
31537089
31598523
31659834
31721215
31782600
31844022
31905397
31966772
32028131
32089637
32151016
32212417
32273794
32335174
32396600
32458015
32519403
32580827
32642223
32703596
32765059
32826407
32887784
32949182
33010655
33072058
33133452
33194866
33256236
33317668
33379091
33440513
33501908
33563290
33624712
33686089
33747489
33808865
33870286
33931683
33993055
34054512
34115907
34177319
34238744
34300112
34361492
34422923
34484357
34545804
34607177
34668577
34730002
34791388
34852792
34914186
34975612
35037036
35098456
35159875
35221341
35282724
35344159
35405731
35467086
35528576
35590158
35651550
35712911
35774312
35835715
35897077
35958510
36019938
36081341
36142746
36204205
36265596
36326993
36388409
36450161
36511550
36572979
36634364
36695820
36757204
36818592
36879971
36941355
37002745
37064199
37125561
37187023
37248458
37309931
37371322
37432710
37494077
37555469
37617105
37678486
37739898
37801326
37862701
37924085
37985488
38046930
38108360
38169774
38231175
38292670
38354065
38415548
38477088
38538555
38599994
38661382
38722792
38784182
38845606
38906989
38968350
39029757
39091174
39152605
39214006
39275375
39336806
39398130
39459607
39521119
39582540
39643959
39705265
39766661
39828012
39889561
39951030
40012378
40073801
40135199
40196604
40258199
40319644
40381046
40442457
40503834
40565239
40626630
40688051
40749462
40810851
40872262
40933647
40995155
41056538
41117909
41179351
41240742
41302169
41363528
41424924
41486351
41547787
41609152
41670569
41732041
41793417
41854847
41916218
41977615
42039005
42100543
42161962
42223384
42284798
42346210
42407614
42469111
42530484
42591938
42653355
42714771
42776194
42837583
42898991
42960362
43021749
43083134
43144521
43206031
43267418
43328790
43390341
43451697
43513118
43574519
43636008
43697400
43758958
43820350
43881772
43943302
44004695
44066147
44127543
44188969
44250382
44311766
44373141
44434494
44495871
44557221
44618660
44680097
44741476
44802834
44864262
44925651
44987023
45048415
45109986
45171356
45232775
45294155
45355594
45417063
45478466
45539837
45601225
45662635
45724027
45785410
45846782
45908150
45969566
46031052
46092440
46153826
46215216
46276615
46337974
46399351
46460805
46522190
46583551
46644939
46706383
46767764
46829129
46890532
46951905
47013279
47074701
47136070
47197529
47258918
47320533
47381923
47443300
47504687
47566062
47627454
47689000
47750425
47811808
47873173
47934560
47995960
48057354
48118960
48180386
48241806
48303357
48364769
48426185
48487614
48549011
48610413
48671863
48733290
48794686
48856145
48917687
48979143
49040685
49102142
49163615
49225022
49286464
49347825
49409290
49470732
49532149
49593515
49654897
49716342
49777802
49839221
49900726
49962122
50023597
50084957
50146341
50207823
50269175
50330587
50392016
50453438
50514962
50576397
50637839
50699196
50760611
50822031
50883429
50944847
51006214
51067604
51129089
51190464
51251897
51313263
51374680
51436077
51497546
51558947
51620328
51681742
51743123
51804509
51865947
51927343
51988808
52050184
52111584
52173006
52234399
52295797
52357173
52418601
52480035
52541490
52602869
52664244
52725716
52787115
52848475
52909956
52971323
53032685
53094080
53155463
53216956
53278328
53339702
53401063
53462489
53523900
53585321
53646767
53708180
53769547
53830912
53892301
53953731
54015356
54076764
54138128
54199598
54260955
54322286
54383729
54445105
54506514
54567906
54629366
54690735
54752115
54813501
54874898
54936387
54997811
55059188
55120573
55182049
55243829
55305191
55366598
55428001
55489379
55550790
55612139
55673541
55734925
55796307
55857693
55919082
55980456
56041820
56103359
56164873
56226231
56287575
56348936
56410428
56471863
56533190
56594574
56655933
56717330
56778688
56840085
56901428
56963155
57024550
57085949
57147473
57208898
57270340
57331747
57393144
57454708
57516215
57577649
57639048
57700463
57761875
57823282
57884713
57946179
58007551
58068929
58130330
58191687
58253087
58314470
58375887
58437293
58498660
58560065
58621468
58682855
58744284
58805644
58867021
58928399
58989806
59051190
59112621
59174012
59235444
59296913
59358312
59419877
59481187
59542556
59603979
59665348
59726724
59788113
59849573
59910987
59972351
60033751
60095129
60156502
60217941
60279494
60340938
60402338
60463701
60525093
60586492
60648021
60709443
60770847
60832231
60893630
60955006
61016396
61077792
61139210
61200574
61262055
61323498
61384967
61446383
