123414
184784
246179
307608
369021
430428
491829
553194
614597
676054
737407
798784
860239
921680
983054
1044441
1105813
1167235
1228632
1290021
1351450
1412969
1474346
1535743
1597150
1658538
1719948
1781339
1842732
1904173
1965643
2027100
2088542
2150035
2211633
2273056
2334499
2395875
2457262
2518641
2580008
2641415
2702782
2764161
2825541
2887011
2948479
3009855
3071241
3132653
3194045
3255450
3316902
3378275
3439644
3501083
3562517
3623925
3685322
3746849
3808133
3869523
3930909
3992296
4053697
4115084
4176540
4238022
4299449
4360878
4422261
4483659
4545101
4606616
4667974
4729431
4790792
4852183
4913705
4975216
5036635
5098046
5159410
5220830
5282217
5343629
5405007
5466379
5527807
5589169
5650529
5711923
5773508
5834885
5896272
5957665
6019069
6080419
6141984
6203444
6264877
6326273
6387725
6449102
6510492
6571944
6633291
6694753
6756131
6817523
6878903
6940326
7001826
7063213
7124642
7186026
7247411
7308783
7370149
7431532
7492914
7554306
7615800
7677371
7738783
7800150
7861516
7922916
7984337
8045698
8107084
8168480
8229881
8291297
8352687
8414073
8475574
8536999
8598471
8659899
8721287
8782693
8844541
8905615
8967010
9028400
9089775
9151161
9212542
9273882
9335254
9396668
9458080
9519428
9580809
9642161
9703617
9765070
9826434
9887827
9949229
10010748
10072176
10133547
10194929
10256323
10317714
10379136
10440621
10501993
10563375
10624762
10686269
10747711
10809153
10870530
10932054
10993772
11055164
11116562
11177982
11239435
11300822
11362276
11423714
11485102
11546522
11607900
11669305
11730765
11792245
11853646
11915071
11976419
12037795
12099401
12160811
12222181
12283590
12344960
12406527
12467909
12529294
12590906
12652329
12713726
12775098
12836500
12897953
12959413
13020832
13082267
13143700
13205180
13266457
13327857
13389237
13450615
13512020
13573386
13634737
13696174
13757551
13819354
13880617
13942014
14003435
14064799
14126168
14187655
14249049
14310521
14371922
14433360
14494762
14556156
14617576
14678954
14740406
14801849
14863610
14924996
14986409
15047833
15109229
15170681
15232073
15293448
15354877
15416287
15477700
15539093
15600521
15661886
15723300
15784796
15846251
15907654
15969021
16030417
16091884
16153278
16214911
16276335
16337663
16399113
16460513
16521911
16583322
16644703
16706139
16767506
16828939
16890411
16951776
17013173
17074547
17135908
17197272
17258710
17320124
17381565
17442967
17504375
17566041
17627432
17688820
17750215
17811653
17873035
17934402
17995749
18057164
18118601
18180045
18241466
18302904
18364358
18425763
18487187
18548609
18610038
18671397
18732837
18794211
18855600
18916995
18978392
19039813
19101208
19162594
19224008
19285396
19346793
19408190
19469552
19530933
19592318
19653693
19715034
19776455
19837863
19899254
19960662
20022075
20083444
20144861
20206412
20267833
20329269
20390641
20452126
20513507
20574875
20636313
20697693
20759131
20820552
20881935
20943337
21004736
21066136
21127529
21188922
21250313
21311695
21373066
21434457
21495828
21557360
21618751
21680148
21741573
21803018
21864439
21925832
21987205
22048685
22109999
22171375
22232790
22294279
22355690
22417087
22478487
22539907
22601403
22662831
22724237
22785646
22847062
22908449
22969856
23031286
23092785
23154188
23215753
23277138
23338558
23399934
23461350
23522708
23584074
23645444
23706897
23768206
23829676
23891037
23952401
24013806
24075255
24136679
24198076
24259529
24320916
24382307
24443749
24505179
24566532
24627894
24689309
24750702
24812098
24873538
24934918
24996317
25057765
25119190
25180581
25241965
25303393
25364780
25426240
25487619
25549014
25610398
25671782
25733236
25794576
25856007
25917430
25978793
26040193
26101586
26162970
26224348
26285744
26347141
26408501
26469901
26531280
26592783
26654156
26715547
26777192
26838445
26899891
26961261
27022663
27084116
27145498
27206903
27268297
27329752
27391158
27452573
27513957
27575374
27636785
27698180
27759620
27821146
27882553
27943972
28005375
28066800
28128215
28189708
28251097
28312569
28373963
28435368
28496836
28558359
28619783
28681177
28742550
28804008
28865383
28926774
28988187
29049609
29111054
29172517
29233910
29295394
29356786
29418175
29479624
29541033
29602425
29663843
29725244
29786610
29847974
29909372
29970778
30032302
30093685
30155090
30216532
30277927
30339436
30400817
30462195
30523594
30585003
30646368
30707761
30769273
30830652
30892069
30953467
31014869
31076270
31137875
31199245
31260631
31321994
31383370
31444775
31506403
31567977
31629346
31690656
31752042
31813425
31874842
31936222
31997594
32058955
32120458
32181839
32243240
32304616
32365997
32427423
32488838
32550210
32611652
32673046
32734421
32795883
32857236
32918606
32980005
33041478
33102882
33164277
33225690
33287059
33348486
33409916
33471338
33532730
33594112
33655536
33716912
33778312
33839689
33901109
33962506
34023881
34085338
34146732
34208141
34269567
34330931
34392316
34453749
34515181
34576627
34638004
34699398
34760827
34822212
34883616
34945011
35006446
35067859
35129279
35190698
35252164
35313544
35374980
35436555
35497910
35559401
35620983
35682373
35743734
35805134
35866537
35927901
35989334
36050762
36112168
36173567
36235028
36296422
36357817
36419232
36480983
36542375
36603803
36665188
36726643
36788037
36849416
36910796
36972179
37033569
37095011
37156383
37217848
37279279
37340754
37402146
37463534
37524900
37586298
37647931
37709317
37770724
37832150
37893526
37954910
38016307
38077755
38139180
38200596
38261999
38323494
38384889
38446372
38507912
38569380
38630818
38692205
38753613
38815006
38876428
38937810
38999172
39060581
39121998
39183428
39244829
39306198
39367630
39428953
39490431
39551944
39613361
39674782
39736085
39797486
39858834
39920384
39981854
40043204
40104625
40166023
40227428
40289024
40350468
40411869
40473277
40534658
40596061
40657452
40718850
40780286
40841673
40903085
40964470
41025977
41087358
41148730
41210173
41271568
41332991
41394353
41455748
41517172
41578607
41639976
41701391
41762863
41824239
41885669
41947038
42008439
42069830
42131365
42192785
42254205
42315610
42377035
42438437
42499933
42561309
42622762
42684175
42745593
42807019
42868407
42929818
42991181
43052572
43113957
43175343
43236855
43298240
43359615
43421162
43482521
43543945
43605344
43666831
43728224
43789781
43851173
43912595
43974128
44035520
44096964
44158365
44219791
44281208
44342591
44403963
44465319
44526695
44588045
44649484
44710919
44772301
44833661
44895085
44956473
45017847
45079237
45140808
45202178
45263598
45324980
45386419
45447889
45509288
45570661
45632053
45693459
45754849
45816233
45877607
45938985
46000389
46061876
46123261
46184651
46246038
46307436
46368796
46430173
46491627
46553013
46614376
46675756
46737203
46798586
46859954
46921359
46982728
47044102
47105523
47166899
47228353
47289742
47351357
47412745
47474125
47535509
47596880
47658277
47719821
47781248
47842633
47903995
47965381
48026782
48088174
48149782
48211208
48272630
48334183
48395592
48457009
48518436
48579835
48641239
48702685
48764112
48825508
48886965
48948508
49009966
49071507
49132966
49194437
49255843
49317287
49378646
49440114
49501557
49562974
49624339
49685721
49747169
49808624
49870046
49931549
49992946
50054418
50115778
50177164
50238646
50299997
50361408
50422842
50484264
50545786
50607222
50668661
50730018
50791436
50852855
50914255
50975670
51037040
51098428
51159915
51221287
51282719
51344086
51405502
51466901
51528368
51589762
51651154
51712565
51773948
51835333
51896769
51958166
52019631
52081006
52142407
52203829
52265220
52326619
52387998
52449426
52510858
52572315
52633693
52695066
52756541
52817937
52879297
52940778
53002147
53063508
53124903
53186286
53247778
53309152
53370526
53431887
53493312
53554725
53616145
53677590
53739004
53800373
53861738
53923126
53984554
54046180
54107587
54168952
54230422
54291780
54353110
54414552
54475925
54537328
54598727
54660189
54721554
54782940
54844325
54905716
54967211
55028634
55090014
55151394
55212874
55274653
55336015
55397421
55458825
55520203
55581611
55642960
55704364
55765748
55827127
55888515
55949903
56011287
56072643
56134181
56195697
56257054
56318399
56379759
56441251
56502689
56564016
56625394
56686755
56748153
56809513
56870907
56932252
56993982
57055372
57116772
57178295
57239721
57301165
57362570
57423967
57485531
57547037
57608473
57669872
57731288
57792700
57854106
57915536
57977004
58038375
58099750
58161152
58222512
58283911
58345294
58406710
58468117
58529474
58590891
58652291
58713677
58775107
58836470
58897843
58959221
59020631
59082009
59143442
59204836
59266271
59327737
59389135
59450703
59512010
59573378
59634800
59696171
59757546
59818936
59880397
59941810
60003176
60064572
60125952
60187326
60248763
60310318
60371758
60433162
60494523
60555915
60617317
60678846
60740266
60801670
60863055
60924455
60985829
61047216
61108615
61170034
61231396
61292879
61354321
61415789
61477207
