167868
229243
290628
352065
413477
474886
536285
597651
659054
720512
781867
843242
904697
966137
1027511
1088898
1150272
1211693
1273089
1334477
1395910
1457429
1518801
1580205
1641612
1702996
1764405
1825798
1887191
1948632
2010100
2071556
2132998
2194494
2256027
2317514
2378955
2440333
2501719
2563099
2624469
2685868
2747245
2808617
2870000
2931468
2992936
3054312
3115700
3177111
3238502
3299910
3361360
3422734
3484105
3545541
3606976
3668383
3729778
3791306
3852588
3913981
3975366
4036753
4098154
4159540
4220997
4282479
4343906
4405334
4466720
4528116
4589559
4651074
4712434
4773890
4835253
4896642
4958162
5019675
5081094
5142505
5203868
5265288
5326675
5388089
5449466
5510837
5572267
5633628
5694988
5756379
5817967
5879343
5940729
6002124
6063528
6124877
6186441
6247901
6309335
6370733
6432182
6493560
6554951
6616400
6677749
6739211
6800598
6861980
6923359
6984787
7046284
7107670
7169100
7230487
7291871
7353242
7414606
7475994
7537373
7598764
7660259
7721829
7783242
7844609
7905974
7967373
8028796
8090154
8151544
8212937
8274341
8335755
8397145
8458531
8520034
8581457
8642930
8704358
8765757
8827154
8888976
8950075
9011468
9072860
9134235
9195621
9256999
9318342
9379712
9441124
9502540
9563888
9625267
9686616
9748073
9809531
9870891
9932289
9993688
10055204
10116633
10178004
10239388
10300780
10362173
10423595
10485081
10546451
10607828
10669214
10730726
10792171
10853613
10914991
10976512
11038232
11099623
11161021
11222449
11283906
11345281
11406734
11468171
11529546
11590981
11652357
11713763
11775225
11836704
11898105
11959529
12020879
12082254
12143859
12205269
12266646
12328050
12389420
12450983
12512367
12573750
12635365
12696784
12758186
12819556
12880961
12942410
13003873
13065291
13126725
13188160
13249641
13310916
13372315
13433698
13495073
13556472
13617839
13679196
13740632
13802010
13863810
13925073
13986471
14047893
14109259
14170627
14232114
14293507
14354978
14416382
14477820
14539219
14600614
14662034
14723414
14784863
14846308
14908070
14969454
15030868
15092291
15153688
15215143
15276531
15337904
15399337
15460747
15522158
15583553
15644978
15706346
15767757
15829253
15890707
15952112
16013481
16074876
16136339
16197732
16259371
16320794
16382122
16443573
16504973
16566370
16627780
16689161
16750598
16811963
16873395
16934870
16996235
17057632
17119008
17180366
17241731
17303170
17364584
17426024
17487425
17548834
17610498
17671890
17733279
17794673
17856112
17917495
17978859
18040206
18101622
18163063
18224500
18285924
18347362
18408814
18470222
18531646
18593066
18654496
18715854
18777295
18838669
18900059
18961453
19022852
19084271
19145667
19207053
19268467
19329853
19391248
19452649
19514014
19575391
19636779
19698153
19759492
19820913
19882321
19943712
20005120
20066533
20127904
20189321
20250871
20312293
20373729
20435100
20496585
20557967
20619338
20680772
20742150
20803589
20865009
20926394
20987795
21049194
21110595
21171987
21233381
21294771
21356152
21417526
21478917
21540276
21601819
21663209
21724608
21786033
21847476
21908899
21970289
22031662
22093145
22154453
22215828
22277249
22338736
22400148
22461546
22522949
22584366
22645860
22707287
22768697
22830105
22891521
22952907
23014311
23075744
23137242
23198646
23260214
23321598
23383017
23444393
23505807
23567166
23628534
23689901
23751361
23812664
23874137
23935494
23996861
24058264
24119713
24181138
24242533
24303988
24365376
24426764
24488209
24549639
24610993
24672352
24733766
24795158
24856557
24917999
24979377
25040758
25102225
25163650
25225040
25286422
25347853
25409238
25470701
25532077
25593475
25654858
25716240
25777693
25839032
25900467
25961890
26023253
26084653
26146042
26207430
26268807
26330200
26391598
26452957
26514357
26575738
26637241
26698615
26760006
26821652
26882901
26944350
27005718
27067122
27128573
27189954
27251363
27312753
27374211
27435616
27497031
27558415
27619833
27681247
27742640
27804076
27865601
27927009
27988429
28049833
28111258
28172671
28234167
28295557
28357013
28418420
28479831
28541294
28602817
28664244
28725635
28787007
28848467
28909841
28971232
29032647
29094069
29155513
29216974
29278369
29339852
29401244
29462633
29524081
29585492
29646882
29708303
29769703
29831069
29892432
29953831
30015239
30076762
30138144
30199547
30260987
30322384
30383894
30445274
30506656
30568053
30629459
30690828
30752222
30813732
30875109
30936527
30997927
31059326
31120728
31182333
31243700
31305085
31366455
31427827
31489234
31550865
31612436
31673803
31735115
31796500
31857882
31919302
31980678
32042052
32103412
32164920
32226299
32287700
32349078
32410455
32471880
32533297
32594684
32656110
32717506
32778878
32840337
32901696
32963066
33024463
33085936
33147339
33208733
33270150
33331518
33392951
33454374
33515797
33577191
33638572
33699995
33761370
33822769
33884148
33945568
34006961
34068339
34129795
34191190
34252600
34314026
34375390
34436772
34498206
34559640
34621085
34682461
34743858
34805284
34866670
34928077
34989470
35050904
35112317
35173736
35235156
35296622
35358004
35419439
35481013
35542368
35603859
35665439
35726833
35788193
35849593
35910994
35972358
36033791
36095220
36156627
36218030
36279485
36340880
36402274
36463690
36525444
36586832
36648261
36709647
36771102
36832498
36893874
36955255
37016637
37078028
37139480
37200842
37262290
37323740
37385212
37446605
37507993
37569359
37630756
37692386
37753775
37815179
37876606
37937984
37999369
38060770
38122213
38183643
38245055
38306459
38367954
38429340
38490828
38552369
38613838
38675277
38736665
38798075
38859464
38920887
38982270
39043633
39105037
39166456
39227884
39289289
39350655
39412083
39473412
39534887
39596401
39657820
39719242
39780544
39841943
39903288
39964841
40026312
40087659
40149081
40210480
40271885
40333482
40394925
40456325
40517738
40579116
40640521
40701911
40763333
40824746
40886133
40947542
41008929
41070437
41131821
41193190
41254632
41316026
41377450
41438811
41500205
41561632
41623070
41684432
41745850
41807322
41868690
41930127
41991500
42052898
42114287
42175824
42237244
42298666
42360079
42421494
42482895
42544391
42605767
42667219
42728637
42790051
42851475
42912866
42974272
43035645
43097029
43158415
43219800
43281311
43342700
43404073
43465621
43526979
43588403
43649803
43711288
43772681
43834240
43895630
43957054
44018585
44079977
44141428
44202825
44264250
44325666
44387050
44448421
44509774
44571153
44632502
44693940
44755379
44816759
44878118
44939544
45000932
45062305
45123695
45185266
45246637
45308056
45369438
45430877
45492347
45553747
45615118
45676512
45737916
45799307
45860690
45922064
45983440
46044846
46106331
46167721
46229109
46290497
46351897
46413256
46474632
46536083
46597470
46658835
46720223
46781664
46843044
46904414
46965812
47027186
47088562
47149978
47211358
47272810
47334199
47395815
47457204
47518581
47579966
47641341
47702734
47764281
47825706
47887090
47948456
48009841
48071240
48132637
48194242
48255668
48317088
48378639
48440051
48501466
48562894
48624294
48685695
48747143
48808569
48869968
48931426
48992966
49054424
49115967
49177423
49238897
49300303
49361745
49423106
49484570
49546016
49607432
49668799
49730177
49791625
49853081
49914503
49976008
50037398
50098876
50160239
50221623
50283102
50344456
50405869
50467301
50528722
50590244
50651680
50713122
50774477
50835894
50897315
50958712
51020128
51081496
51142885
51204374
51265746
51327174
51388545
51449961
51511360
51572827
51634226
51695608
51757021
51818406
51879787
51941229
52002624
52064088
52125467
52186864
52248288
52309681
52371080
52432454
52493884
52555316
52616774
52678152
52739524
52800998
52862397
52923758
52985237
53046604
53107965
53169360
53230743
53292238
53353609
53414985
53476346
53537771
53599181
53660602
53722048
53783462
53844832
53906195
53967585
54029013
54090639
54152046
54213410
54274878
54336238
54397569
54459013
54520385
54581797
54643188
54704649
54766017
54827395
54888782
54950175
55011668
55073092
55134472
55195851
55257330
55319110
55380472
55441879
55503282
55564662
55626073
55687420
55748819
55810204
55871588
55932973
55994362
56055744
56117103
56178638
56240156
56301511
56362856
56424215
56485709
56547148
56608475
56669857
56731214
56792613
56853970
56915367
56976710
57038439
57099832
57161233
57222754
57284177
57345623
57407023
57468426
57529991
57591497
57652931
57714330
57775743
57837144
57898565
57959994
58021462
58082831
58144210
58205609
58266970
58328371
58389748
58451167
58512575
58573942
58635348
58696747
58758136
58819566
58880925
58942302
59003680
59065091
59126472
59187900
59249296
59310728
59372194
59433594
59495161
59556469
59617837
59679259
59740629
59802002
59863395
59924854
59986266
60047633
60109032
60170413
60231783
60293224
60354773
60416219
60477618
60538981
60600374
60661774
60723305
60784723
60846122
60907512
60968912
61030288
61091678
61153075
61214491
61275856
61337338
61398778
61460248
61521666
