188099
249467
310864
372292
433706
495111
556513
617879
679281
740740
802093
863469
924923
986364
1047739
1109126
1170499
1231920
1293315
1354706
1416137
1477656
1539028
1600431
1661837
1723222
1784633
1846025
1907415
1968858
2030327
2091786
2153228
2214719
2276319
2337740
2399182
2460560
2521947
2583325
2644694
2706096
2767472
2828845
2890228
2951695
3013161
3074539
3135926
3197338
3258730
3320135
3381588
3442954
3504329
3565765
3627201
3688608
3750004
3811532
3872815
3934205
3995594
4056980
4118381
4179767
4241225
4302706
4364133
4425563
4486946
4548343
4609783
4671299
4732659
4794116
4855479
4916866
4978388
5039901
5101319
5162731
5224095
5285513
5346899
5408315
5469693
5531066
5592494
5653853
5715214
5776607
5838193
5899570
5960955
6022351
6083753
6145105
6206668
6268128
6329560
6390959
6452409
6513786
6575176
6636629
6697974
6759437
6820823
6882207
6943586
7005017
7066511
7127897
7189326
7250712
7312095
7373468
7434832
7496222
7557599
7618991
7680486
7742055
7803467
7864835
7926199
7987600
8049024
8110381
8171772
8233166
8294567
8355981
8417365
8478755
8540260
8601682
8663155
8724585
8785984
8847378
8909163
8970301
9031694
9093081
9154462
9215846
9277226
9338569
9399938
9461350
9522765
9584113
9645494
9706841
9768300
9829756
9891119
9952515
10013912
10075431
10136862
10198232
10259614
10321006
10382398
10443819
10505307
10566676
10628060
10689443
10750955
10812393
10873838
10935217
10996739
11058459
11119846
11181246
11242675
11304134
11365509
11426961
11488400
11549781
11611205
11672586
11733989
11795450
11856931
11918330
11979755
12041105
12102480
12164087
12225496
12286871
12348278
12409646
12471212
12532591
12593978
12655589
12717008
12778414
12839783
12901185
12962638
13024099
13085518
13146952
13208385
13269868
13331141
13392542
13453928
13515299
13576705
13638069
13699422
13760859
13822237
13884039
13945300
14006698
14068121
14129484
14190852
14252338
14313732
14375199
14436609
14498046
14559447
14620839
14682262
14743640
14805090
14866534
14928295
14989682
15051093
15112513
15173915
15235369
15296758
15358132
15419564
15480971
15542386
15603778
15665205
15726571
15787984
15849480
15910932
15972338
16033705
16095101
16156569
16217964
16279597
16341020
16402351
16463798
16525198
16586597
16648006
16709388
16770822
16832189
16893623
16955095
17016461
17077860
17139234
17200592
17261955
17323397
17384810
17446251
17507653
17569061
17630725
17692114
17753505
17814895
17876337
17937722
17999086
18060435
18121848
18183289
18244729
18306152
18367587
18429044
18490448
18551872
18613294
18674724
18736083
18797522
18858896
18920286
18981680
19043072
19104496
19165890
19227273
19288695
19350081
19411478
19472874
19534240
19595618
19657002
19718380
19779718
19841141
19902547
19963939
20025345
20086761
20148126
20209546
20271096
20332518
20393955
20455327
20516808
20578192
20639564
20700997
20762378
20823815
20885229
20946621
21008024
21069422
21130819
21192213
21253607
21314998
21376381
21437752
21499141
21560512
21622045
21683437
21744834
21806257
21867703
21929126
21990517
22051892
22113370
22174684
22236058
22297475
22358963
22420378
22481773
22543172
22604594
22666087
22727516
22788923
22850324
22911747
22973130
23034541
23095971
23157467
23218870
23280441
23341825
23403243
23464620
23526036
23587393
23648761
23710126
23771587
23832892
23894364
23955720
24017087
24078490
24139939
24201364
24262760
24324213
24385603
24446992
24508434
24569866
24631219
24692578
24753994
24815387
24876784
24938224
24999600
25061002
25122452
25183873
25245267
25306651
25368077
25429463
25490926
25552304
25613701
25675084
25736468
25797921
25859260
25920692
25982116
26043476
26104874
26166272
26227656
26289033
26350428
26411825
26473184
26534587
26595964
26657468
26718837
26780231
26841878
26903129
26964576
27025943
27087347
27148802
27210181
27271590
27332981
27394400
27455842
27517258
27578641
27640060
27701469
27762865
27824305
27885831
27947237
28008659
28070060
28131484
28192900
28254387
28315782
28377254
28438646
28500055
28561521
28623044
28684468
28745859
28807234
28868692
28930066
28991460
29052877
29114296
29175739
29237200
29298596
29360078
29421468
29482859
29544304
29605720
29667109
29728528
29789930
29851296
29912657
29974058
30035466
30096987
30158369
30219775
30281216
30342611
30404119
30465500
30526881
30588278
30649688
30711055
30772448
30833958
30895335
30956755
31018153
31079551
31140955
31202558
31263929
31325315
31386680
31448055
31509461
31571090
31632662
31694031
31755343
31816727
31878103
31939528
32000906
32062279
32123638
32185144
32246523
32307927
32369304
32430677
32492105
32553522
32614911
32676335
32737730
32799105
32860567
32921921
32983291
33044690
33106164
33167567
33228963
33290375
33351745
33413178
33474602
33536022
33597417
33658800
33720221
33781598
33842994
33904374
33965793
34027190
34088564
34150021
34211416
34272826
34334250
34395619
34457001
34518432
34579865
34641312
34702688
34764084
34825513
34886897
34948304
35009697
35071125
35132545
35193964
35255383
35316847
35378230
35439666
35501238
35562593
35624086
35685665
35747059
35808418
35869820
35931221
35992584
36054018
36115444
36176853
36238255
36299712
36361105
36422503
36483918
36545670
36607057
36668488
36729874
36791329
36852726
36914100
36975480
37036863
37098255
37159704
37221071
37282532
37343965
37405438
37466830
37528218
37589588
37650982
37712616
37774003
37835405
37896833
37958212
38019594
38080995
38142439
38203868
38265282
38326684
38388179
38449573
38511056
38572597
38634063
38695503
38756889
38818299
38879690
38941115
39002495
39063860
39125265
39186685
39248113
39309513
39370881
39432315
39493637
39555114
39616628
39678047
39739467
39800771
39862171
39923518
39985067
40046540
40107888
40169309
40230708
40292113
40353708
40415152
40476555
40537965
40599341
40660746
40722138
40783561
40844972
40906358
40967769
41029156
41090665
41152047
41213416
41274859
41336253
41397676
41459038
41520428
41581859
41643297
41704662
41766077
41827549
41888925
41950353
42011728
42073124
42134515
42196052
42257471
42318891
42380306
42441719
42503122
42564619
42625994
42687447
42748863
42810280
42871702
42933093
42994503
43055872
43117259
43178642
43240029
43301538
43362926
43424299
43485846
43547205
43608629
43670029
43731516
43792908
43854467
43915855
43977278
44038809
44100202
44161657
44223050
44284476
44345893
44407275
44468649
44530004
44591380
44652728
44714167
44775604
44836983
44898343
44959769
45021156
45082531
45143922
45205494
45266863
45328281
45389664
45451103
45512573
45573974
45635342
45696737
45758141
45819533
45880917
45942291
46003671
46065073
46126559
46187946
46249333
46310722
46372120
46433483
46494859
46556311
46617698
46679061
46740447
46801891
46863271
46924640
46986042
47047412
47108786
47170207
47231584
47293038
47354426
47416040
47477431
47538809
47600196
47661570
47722961
47784507
47845934
47907317
47968680
48030068
48091467
48152863
48214467
48275893
48337314
48398866
48460276
48521693
48583122
48644519
48705922
48767372
48828796
48890194
48951654
49013195
49074650
49136195
49197651
49259121
49320530
49381971
49443331
49504797
49566241
49627658
49689025
49750404
49811851
49873310
49934728
49996233
50057630
50119104
50180463
50241843
50303333
50364684
50426095
50487526
50548948
50610470
50671905
50733346
50794702
50856120
50917540
50978940
51040354
51101723
51163114
51224599
51285973
51347405
51408773
51470189
51531586
51593055
51654456
51715839
51777249
51838631
51900018
51961454
52022851
52084313
52145693
52207091
52268512
52329907
52391307
52452682
52514110
52575544
52637000
52698378
52759752
52821224
52882623
52943984
53005464
53066828
53128193
53189585
53250969
53312462
53373835
53435212
53496571
53557998
53619408
53680829
53742276
53803689
53865057
53926422
53987808
54049237
54110862
54172273
54233635
54295104
54356465
54417793
54479238
54540611
54602022
54663414
54724874
54786244
54847624
54909008
54970407
55031894
55093320
55154699
55216081
55277557
55339339
55400700
55462107
55523509
55584888
55646296
55707646
55769050
55830433
55891816
55953201
56014590
56075972
56137328
56198866
56260382
56321738
56383083
56444443
56505935
56567372
56628700
56690082
56751440
56812838
56874195
56935593
56996936
57058668
57120057
57181458
57242981
57304405
57365851
57427254
57488650
57550217
57611723
57673158
57734557
57795973
57857365
57918791
57980221
58041687
58103060
58164437
58225838
58287194
58348598
58409973
58471395
58532802
58594161
58655574
58716971
58778362
58839791
58901154
58962528
59023908
59085315
59146698
59208130
59269521
59330955
59392422
59453819
59515387
59576694
59638062
59699485
59760856
59822231
59883623
59945083
60006493
60067858
60129258
60190640
60252012
60313448
60375001
60436442
60497846
60559209
60620601
60682000
60743531
60804950
60866354
60927736
60989138
61050515
61111905
61173301
61234719
61296083
61357562
61419006
61480475
61541893
