153799
215170
276556
337994
399406
460813
522215
583580
644983
706440
767796
829171
890628
952064
1013440
1074827
1136202
1197622
1259019
1320406
1381837
1443357
1504731
1566134
1627537
1688924
1750334
1811725
1873119
1934559
1996027
2057486
2118931
2180420
2241952
2303442
2364884
2426260
2487648
2549029
2610395
2671800
2733172
2794545
2855930
2917397
2978865
3040241
3101629
3163041
3224429
3285837
3347289
3408660
3470035
3531467
3592905
3654312
3715706
3777234
3838519
3899910
3961296
4022683
4084085
4145466
4206922
4268407
4329834
4391263
4452647
4514043
4575486
4637001
4698362
4759816
4821180
4882567
4944092
5005603
5067020
5128431
5189797
5251217
5312602
5374018
5435394
5496767
5558190
5619555
5680916
5742306
5803890
5865270
5926656
5988053
6049454
6110804
6172369
6233825
6295262
6356660
6418112
6479489
6540875
6602329
6663676
6725140
6786525
6847908
6909288
6970720
7032210
7093600
7155026
7216416
7277799
7339168
7400533
7461923
7523301
7584683
7646188
7707756
7769170
7830536
7891900
7953302
8014725
8076083
8137474
8198866
8260268
8321683
8383071
8444458
8505960
8567386
8628858
8690286
8751681
8813082
8874866
8936002
8997397
9058784
9120163
9181549
9242928
9304270
9365636
9427051
9488469
9549801
9611193
9672544
9734002
9795458
9856822
9918216
9979617
10041133
10102559
10163932
10225317
10286709
10348101
10409522
10471010
10532379
10593759
10655146
10716653
10778098
10839541
10900919
10962440
11024159
11085552
11146949
11208378
11269837
11331207
11392659
11454102
11515490
11576908
11638288
11699692
11761149
11822630
11884029
11945456
12006806
12068182
12129788
12191191
12252553
12313974
12375347
12436908
12498294
12559679
12621292
12682714
12744113
12805483
12866884
12928338
12989799
13051219
13112652
13174085
13235566
13296842
13358243
13419627
13480994
13542407
13603772
13665123
13726559
13787936
13849739
13911003
13972401
14033822
14095187
14156551
14218041
14279434
14340908
14402309
14463745
14525148
14586539
14647964
14709341
14770792
14832235
14893997
14955381
15016792
15078219
15139614
15201069
15262460
15323833
15385263
15446673
15508087
15569481
15630905
15692273
15753684
15815181
15876633
15938038
15999408
16060801
16122271
16183665
16245299
16306717
16368053
16429498
16490901
16552297
16613706
16675089
16736526
16797893
16859324
16920796
16982162
17043560
17104935
17166295
17227659
17289097
17350509
17411949
17473350
17534760
17596417
17657817
17719206
17780599
17842039
17903422
17964786
18026136
18087549
18148989
18210428
18271852
18333287
18394744
18456151
18517572
18578994
18640424
18701783
18763224
18824596
18885988
18947383
19008780
19070199
19131595
19192980
19254397
19315783
19377178
19438575
19499941
19561316
19622707
19684080
19745413
19806840
19868248
19929638
19991048
20052463
20113825
20175247
20236799
20298217
20359655
20421028
20482511
20543891
20605264
20666701
20728080
20789518
20850935
20912318
20973726
21035120
21096524
21157913
21219309
21280700
21342082
21403454
21464843
21526211
21587746
21649138
21710537
21771960
21833404
21894828
21956217
22017593
22079073
22140384
22201761
22263172
22324665
22386079
22447467
22508876
22570293
22631788
22693218
22754624
22816028
22877448
22938834
23000242
23061669
23123171
23184575
23246142
23307525
23368946
23430321
23491733
23553090
23614463
23675829
23737289
23798595
23860063
23921425
23982788
24044190
24105640
24167064
24228460
24289910
24351302
24412695
24474136
24535566
24596918
24658281
24719694
24781087
24842483
24903926
24965304
25026703
25088152
25149578
25210969
25272352
25333779
25395165
25456628
25518005
25579404
25640785
25702166
25763618
25824957
25886394
25947816
26009179
26070576
26131972
26193355
26254737
26316129
26377525
26438886
26500287
26561661
26623168
26684540
26745935
26807579
26868831
26930276
26991646
27053048
27114504
27175884
27237289
27298683
27360136
27421543
27482958
27544342
27605759
27667170
27728565
27790005
27851532
27912933
27974362
28035760
28097185
28158601
28220095
28281484
28342956
28404350
28465758
28527222
28588744
28650171
28711563
28772935
28834394
28895768
28957158
29018574
29079996
29141439
29202901
29264299
29325778
29387168
29448560
29510009
29571419
29632809
29694229
29755627
29816989
29878359
29939758
30001165
30062688
30124069
30185468
30246917
30308314
30369819
30431203
30492583
30553979
30615389
30676754
30738148
30799657
30861036
30922454
30983856
31045255
31106658
31168262
31229630
31291014
31352381
31413755
31475160
31536791
31598363
31659732
31721045
31782427
31843812
31905231
31966609
32027979
32089343
32150847
32212226
32273627
32335004
32396384
32457792
32519222
32580613
32642038
32703433
32764803
32826269
32887623
32948993
33010391
33071865
33133266
33194663
33256073
33317448
33378875
33440301
33501724
33563118
33624499
33685921
33747298
33808698
33870076
33931496
33992891
34054266
34115720
34177117
34238525
34299950
34361320
34422701
34484134
34545565
34607011
34668389
34729787
34791212
34852600
34914000
34975399
35036830
35098246
35159662
35221078
35282547
35343933
35405366
35466942
35528295
35589789
35651368
35712761
35774122
35835520
35896923
35958288
36019716
36081147
36142554
36203955
36265414
36326808
36388203
36449617
36511372
36572759
36634190
36695573
36757029
36818425
36879803
36941180
37002562
37063956
37125407
37186771
37248227
37309667
37371142
37432532
37493922
37555286
37616684
37678316
37739703
37801109
37862535
37923911
37985296
38046697
38108142
38169570
38230975
38292386
38353881
38415274
38476757
38538299
38599764
38661202
38722592
38784002
38845390
38906814
38968198
39029561
39090967
39152385
39213815
39275216
39336584
39398016
39459338
39520816
39582327
39643749
39705169
39766473
39827873
39889218
39950766
40012240
40073588
40135011
40196408
40257812
40319409
40380854
40442257
40503665
40565044
40626449
40687841
40749261
40810675
40872060
40933469
40994856
41056366
41117750
41179109
41240561
41301951
41363377
41424738
41486133
41547559
41608997
41670362
41731777
41793251
41854627
41916055
41977429
42038824
42100216
42161749
42223171
42284592
42346007
42407420
42468823
42530316
42591697
42653148
42714560
42775980
42837406
42898793
42960201
43021573
43082958
43144344
43205731
43267241
43328629
43390002
43451549
43512906
43574330
43635731
43697215
43758609
43820161
43881555
43942982
44004512
44065906
44127355
44188750
44250176
44311592
44372975
44434347
44495702
44557083
44618427
44679869
44741305
44802688
44864046
44925469
44986860
45048234
45109624
45171197
45232565
45293983
45355365
45416802
45478276
45539673
45601045
45662438
45723844
45785236
45846618
45907994
45969374
46030775
46092263
46153650
46215038
46276424
46337824
46399183
46460560
46522012
46583398
46644761
46706150
46767594
46828973
46890341
46951745
47013114
47074490
47135910
47197285
47258741
47320125
47381741
47443130
47504511
47565890
47627271
47688662
47750210
47811633
47873019
47934384
47995766
48057167
48118565
48180166
48241594
48303014
48364568
48425970
48487393
48548820
48610223
48671624
48733072
48794499
48855890
48917353
48978894
49040348
49101893
49163348
49224824
49286231
49347674
49409034
49470500
49531942
49593358
49654724
49716106
49777552
49839011
49900429
49961936
50023327
50084805
50146164
50207551
50269034
50330383
50391788
50453227
50514646
50576171
50637608
50699049
50760405
50821821
50883242
50944641
51006058
51067425
51128814
51190301
51251675
51313104
51374474
51435890
51497287
51558757
51620157
51681539
51742950
51804332
51865719
51927155
51988551
52050017
52111389
52172792
52234215
52295610
52357006
52418384
52479811
52541243
52602700
52664081
52725453
52786927
52848324
52909684
52971163
53032532
53093893
53155289
53216672
53278159
53339538
53400912
53462268
53523694
53585108
53646529
53707973
53769392
53830757
53892123
53953512
54014939
54076566
54137970
54199338
54260806
54322163
54383500
54444938
54506314
54567723
54629114
54690575
54751944
54813325
54874709
54936108
54997594
55059019
55120401
55181782
55243259
55305039
55366399
55427805
55489210
55550589
55611999
55673347
55734751
55796131
55857515
55918900
55980290
56041670
56103028
56164568
56226082
56287438
56348786
56410142
56471638
56533074
56594402
56655783
56717143
56778540
56839899
56901292
56962635
57024367
57085759
57147159
57208684
57270108
57331549
57392957
57454350
57515916
57577422
57638854
57700257
57761676
57823072
57884491
57945914
58007390
58068760
58130137
58191538
58252895
58314299
58375679
58437083
58498502
58559864
58621277
58682676
58744065
58805493
58866855
58928229
58989609
59051017
59112400
59173830
59235222
59296655
59358121
59419517
59481088
59542397
59603765
59665188
59726560
59787932
59849324
59910783
59972195
60033561
60094959
60156341
60217712
60279151
60340701
60402146
60463544
60524909
60586304
60647704
60709231
60770651
60832057
60893433
60954841
61016214
61077607
61138998
61200421
61261784
61323266
61384704
61446173
61507592
