138510
199880
261271
322701
384112
445524
506924
568288
629694
691152
752504
813883
875338
936776
998152
1059538
1120912
1182332
1243727
1305119
1366547
1428067
1489440
1550846
1612248
1673636
1735045
1796435
1857827
1919270
1980739
2042196
2103641
2165129
2226731
2288154
2349595
2410972
2472357
2533740
2595105
2656507
2717884
2779259
2840639
2902107
2963574
3024951
3086339
3147749
3209143
3270549
3331998
3393373
3454745
3516177
3577615
3639020
3700419
3761942
3823230
3884619
3946005
4007394
4068795
4130179
4191636
4253117
4314544
4375975
4437356
4498753
4560196
4621711
4683073
4744529
4805893
4867280
4928801
4990313
5051731
5113143
5174506
5235925
5297312
5358726
5420106
5481474
5542906
5604263
5665627
5727018
5788604
5849981
5911368
5972760
6034165
6095516
6157080
6218542
6279973
6341371
6402820
6464197
6525589
6587041
6648388
6709849
6771236
6832619
6893998
6955428
7016922
7078310
7139737
7201125
7262509
7323879
7385246
7446633
7508012
7569401
7630899
7692466
7753881
7815246
7876612
7938010
7999434
8060795
8122181
8183578
8244975
8306393
8367783
8429169
8490673
8552093
8613569
8674993
8736394
8797793
8859612
8920711
8982108
9043494
9104870
9166258
9227638
9288982
9350350
9411763
9473179
9534525
9595904
9657257
9718712
9780168
9841532
9902926
9964325
10025845
10087272
10148643
10210027
10271420
10332809
10394230
10455719
10517088
10578473
10639857
10701364
10762807
10824251
10885630
10947146
11008871
11070262
11131658
11193089
11254547
11315922
11377374
11438814
11500197
11561618
11622997
11684401
11745863
11807343
11868743
11930166
11991518
12052890
12114498
12175908
12237285
12298690
12360059
12421623
12483005
12544388
12606001
12667424
12728825
12790193
12851598
12913049
12974511
13035930
13097364
13158799
13220281
13281555
13342953
13404339
13465714
13527118
13588482
13649834
13711271
13772647
13834451
13895713
13957111
14018531
14079898
14141264
14202751
14264145
14325618
14387022
14448458
14509858
14571251
14632673
14694052
14755499
14816944
14878706
14940094
15001506
15062928
15124326
15185782
15247171
15308545
15369975
15431385
15492798
15554191
15615617
15676984
15738395
15799893
15861347
15922749
15984118
16045514
16106980
16168376
16230009
16291433
16352762
16414212
16475609
16537007
16598419
16659791
16721235
16782602
16844035
16905506
16966874
17028271
17089645
17151005
17212368
17273808
17335222
17396661
17458064
17519472
17581138
17642528
17703918
17765312
17826749
17888132
17949497
18010847
18072259
18133702
18195141
18256563
18318001
18379457
18440859
18502284
18563705
18625123
18686495
18747933
18809308
18870698
18932093
18993491
19054908
19116305
19177689
19239107
19300492
19361889
19423288
19484650
19546032
19607418
19668790
19730131
19791553
19852956
19914350
19975757
20037173
20098541
20159959
20221500
20282931
20344367
20405737
20467223
20528606
20589975
20651411
20712791
20774226
20835649
20897033
20958435
21019832
21081233
21142624
21204019
21265409
21326792
21388164
21449555
21510922
21572456
21633846
21695247
21756671
21818114
21879539
21940928
22002304
22063784
22125094
22186471
22247885
22309373
22370790
22432186
22493585
22555003
22616498
22677926
22739333
22800742
22862158
22923547
22984953
23046381
23107881
23169284
23230853
23292236
23353656
23415032
23476447
23537805
23599173
23660540
23722000
23783305
23844775
23906134
23967494
24028902
24090349
24151775
24213171
24274625
24336014
24397404
24458846
24520279
24581632
24642991
24704406
24765798
24827195
24888637
24950016
25011415
25072863
25134288
25195679
25257063
25318490
25379877
25441339
25502715
25564115
25625495
25686880
25748330
25809672
25871105
25932526
25993889
26055291
26116682
26178067
26239444
26300840
26362237
26423595
26484999
26546377
26607877
26669255
26730645
26792290
26853541
26914986
26976355
27037761
27099213
27160595
27222000
27283392
27344846
27406251
27467669
27529052
27590471
27651882
27713278
27774716
27836242
27897650
27959072
28020476
28081896
28143309
28204806
28266195
28327666
28389060
28450470
28511934
28573453
28634880
28696273
28757646
28819101
28880478
28941871
29003290
29064707
29126144
29187612
29249009
29310490
29371880
29433272
29494720
29556130
29617521
29678943
29740341
29801706
29863071
29924471
29985878
30047401
30108782
30170185
30231628
30293024
30354532
30415915
30477291
30538678
30600099
30661463
30722860
30784369
30845748
30907167
30968567
31029963
31091366
31152970
31214341
31275727
31337091
31398465
31459874
31521504
31583074
31644443
31705752
31767136
31828522
31889941
31951318
32012691
32074052
32135557
32196936
32258337
32319715
32381093
32442518
32503936
32565323
32626745
32688142
32749514
32810978
32872334
32933702
32995102
33056574
33117978
33179374
33240788
33302158
33363589
33425013
33486434
33547826
33609211
33670627
33732010
33793408
33854787
33916205
33977600
34038976
34100434
34161825
34223239
34284665
34346028
34407412
34468845
34530278
34591724
34653101
34714498
34775923
34837309
34898711
34960109
35021539
35082956
35144375
35205793
35267260
35328642
35390079
35451651
35513006
35574498
35636077
35697470
35758831
35820230
35881635
35942996
36004429
36065858
36127264
36188667
36250122
36311518
36372915
36434329
36496082
36557471
36618900
36680286
36741741
36803137
36864510
36925889
36987274
37048666
37110120
37171482
37232944
37294379
37355850
37417241
37478627
37539996
37601392
37663027
37724417
37785820
37847246
37908623
37970007
38031408
38092849
38154279
38215691
38277097
38338591
38399986
38461468
38523009
38584474
38645914
38707303
38768712
38830104
38891526
38952906
39014271
39075678
39137095
39198525
39259925
39321291
39382728
39444051
39505528
39567040
39628460
39689878
39751183
39812582
39873933
39935479
39996950
40058300
40119718
40181118
40242525
40304120
40365565
40426965
40488376
40549754
40611159
40672551
40733973
40795383
40856771
40918181
40979568
41041075
41102458
41163828
41225270
41286664
41348088
41409450
41470846
41532271
41593708
41655074
41716489
41777959
41839337
41900766
41962139
42023536
42084926
42146463
42207881
42269305
42330717
42392132
42453535
42515032
42576407
42637858
42699274
42760692
42822115
42883503
42944915
43006284
43067671
43129052
43190440
43251948
43313336
43374713
43436260
43497618
43559041
43620442
43681929
43743320
43804877
43866270
43927689
43989222
44050616
44112068
44173463
44234890
44296304
44357689
44419059
44480414
44541791
44603142
44664577
44726018
44787399
44848758
44910179
44971572
45032943
45094334
45155903
45217274
45278694
45340074
45401516
45462986
45524385
45585757
45647151
45708555
45769947
45831327
45892704
45954081
46015485
46076971
46138359
46199747
46261134
46322533
46383893
46445272
46506725
46568109
46629472
46690860
46752302
46813682
46875050
46936453
46997822
47059198
47120620
47181995
47243451
47304838
47366453
47427840
47489220
47550607
47611981
47673374
47734917
47796346
47857730
47919094
47980479
48041878
48103276
48164881
48226306
48287727
48349279
48410689
48472105
48533534
48594932
48656333
48717779
48779210
48840606
48902065
48963605
49025063
49086605
49148063
49209532
49270941
49332381
49393744
49455207
49516653
49578070
49639435
49700817
49762265
49823722
49885141
49946644
50008041
50069514
50130877
50192261
50253743
50315096
50376506
50437939
50499358
50560881
50622318
50683760
50745117
50806532
50867952
50929352
50990769
51052135
51113526
51175011
51236383
51297816
51359184
51420598
51481996
51543464
51604865
51666249
51727662
51789042
51850430
51911866
51973262
52034728
52096104
52157502
52218925
52280318
52341718
52403092
52464522
52525952
52587410
52648789
52710162
52771634
52833033
52894396
52955877
53017241
53078604
53140000
53201382
53262876
53324249
53385622
53446983
53508408
53569821
53631239
53692688
53754101
53815469
53876835
53938221
53999652
54061277
54122685
54184045
54245517
54306876
54368204
54429650
54491025
54552433
54613825
54675287
54736656
54798035
54859422
54920818
54982304
55043730
55105111
55166492
55227968
55289750
55351113
55412517
55473918
55535300
55596709
55658059
55719462
55780842
55842227
55903613
55965001
56026383
56087742
56149277
56210794
56272148
56333496
56394856
56456348
56517784
56579112
56640492
56701853
56763252
56824606
56886004
56947346
57009075
57070468
57131871
57193394
57254816
57316261
57377667
57439063
57500628
57562134
57623571
57684970
57746383
57807781
57869202
57930632
57992100
58053472
58114842
58176249
58237608
58299010
58360387
58421808
58483212
58544573
58605988
58667388
58728774
58790203
58851567
58912939
58974318
59035728
59097111
59158541
59219932
59281366
59342832
59404231
59465799
59527106
59588475
59649897
59711269
59772641
59834033
59895495
59956905
60018270
60079670
60141051
60202425
60263862
60325410
60386855
60448257
60509621
60571013
60632415
60693944
60755361
60816766
60878151
60939551
61000927
61062317
61123712
61185132
61246494
61307975
61369417
61430888
61492302
