106939
168310
229704
291134
352546
413953
475355
536719
598120
659581
720933
782310
843767
905204
966577
1027965
1089339
1150762
1212156
1273545
1334975
1396495
1457872
1519274
1580677
1642063
1703472
1764865
1826258
1887698
1949166
2010622
2072067
2133561
2195161
2256582
2318025
2379400
2440788
2502168
2563534
2624938
2686312
2747685
2809068
2870538
2932002
2993378
3054768
3116177
3177570
3238976
3300427
3361800
3423173
3484607
3546043
3607449
3668846
3730374
3791657
3853046
3914433
3975819
4037225
4098609
4160063
4221546
4282974
4344403
4405784
4467183
4528625
4590141
4651500
4712954
4774318
4835709
4897228
4958743
5020159
5081569
5142937
5204354
5265741
5327157
5388535
5449906
5511333
5572692
5634054
5695447
5757034
5818406
5879796
5941191
6002588
6063942
6125508
6186969
6248400
6309801
6371249
6432627
6494018
6555465
6616815
6678279
6739664
6801046
6862426
6923857
6985350
7046737
7108166
7169554
7230939
7292309
7353674
7415061
7476441
7537830
7599328
7660897
7722310
7783674
7845040
7906438
7967863
8029223
8090612
8152006
8213407
8274824
8336211
8397589
8459100
8520522
8581995
8643425
8704819
8766221
8828066
8889141
8950536
9011926
9073301
9134687
9196067
9257406
9318777
9380191
9441607
9502954
9564331
9625687
9687141
9748597
9809959
9871353
9932754
9994273
10055700
10117073
10178453
10239846
10301238
10362660
10424147
10485519
10546901
10608287
10669794
10731236
10792680
10854057
10915578
10977299
11038691
11100086
11161516
11222975
11284347
11345801
11407242
11468627
11530047
11591424
11652828
11714290
11775770
11837171
11898593
11959946
12021320
12082928
12144335
12205713
12267118
12328485
12390053
12451434
12512818
12574431
12635853
12697251
12758623
12820026
12881478
12942939
13004356
13065793
13127226
13188709
13249979
13311383
13372768
13434139
13495545
13556910
13618263
13679701
13741075
13802878
13864141
13925535
13986962
14048322
14109692
14171178
14232573
14294046
14355450
14416886
14478287
14539679
14601101
14662480
14723930
14785374
14847132
14908518
14969935
15031357
15092755
15154211
15215599
15276969
15338404
15399812
15461225
15522617
15584046
15645412
15706825
15768320
15829775
15891176
15952547
16013941
16075410
16136804
16198439
16259859
16321191
16382638
16444040
16505436
16566847
16628229
16689664
16751032
16812462
16873936
16935301
16996700
17058072
17119432
17180798
17242238
17303651
17365091
17426487
17487901
17549565
17610956
17672347
17733741
17795175
17856559
17917927
17979276
18040690
18102127
18163569
18224993
18286428
18347882
18409287
18470712
18532134
18593562
18654922
18716361
18777736
18839125
18900520
18961919
19023339
19084735
19146119
19207535
19268921
19330312
19391715
19453081
19514460
19575847
19637220
19698560
19759982
19821388
19882780
19944187
20005602
20066970
20128387
20189937
20251360
20312795
20374165
20435653
20497032
20558405
20619840
20681218
20742656
20804078
20865459
20926863
20988261
21049663
21111053
21172447
21233837
21295220
21356592
21417984
21479347
21540887
21602275
21663674
21725098
21786544
21847966
21909357
21970733
22032211
22093523
22154899
22216315
22277803
22339215
22400613
22462013
22523433
22584926
22646355
22707755
22769171
22830588
22891976
22953380
23014811
23076310
23137713
23199280
23260665
23322085
23383456
23444876
23506234
23567602
23628966
23690427
23751733
23813203
23874562
23935928
23997330
24058779
24120202
24181600
24243056
24304442
24365830
24427276
24488707
24550059
24611418
24672834
24734227
24795623
24857066
24918442
24979843
25041291
25102716
25164107
25225490
25286918
25348301
25409763
25471142
25532543
25593925
25655307
25716761
25778100
25839534
25900956
25962319
26023720
26085109
26146496
26207875
26269269
26330664
26392027
26453427
26514804
26576306
26637684
26699074
26760717
26821969
26883415
26944786
27006189
27067643
27129023
27190430
27251819
27313278
27374683
27436095
27497479
27558899
27620313
27681702
27743144
27804670
27866078
27927500
27988904
28050324
28111739
28173235
28234624
28296093
28357487
28418899
28480359
28541879
28603310
28664700
28726073
28787534
28848908
28910299
28971713
29033136
29094580
29156040
29217437
29278918
29340310
29401700
29463149
29524559
29585950
29647371
29708769
29770137
29831498
29892899
29954305
30015829
30077210
30138615
30200053
30261454
30322959
30384341
30445722
30507119
30568527
30629895
30691286
30752798
30814177
30875596
30936995
30998393
31059796
31121396
31182769
31244155
31305520
31366895
31428301
31489932
31551502
31612870
31674183
31735564
31796950
31858369
31919746
31981120
32042481
32103987
32165365
32226765
32288145
32349522
32410948
32472361
32533751
32595176
32656572
32717944
32779406
32840762
32902133
32963531
33025005
33086407
33147802
33209216
33270585
33332018
33393442
33454862
33516257
33577639
33639060
33700438
33761837
33823215
33884635
33946030
34007403
34068860
34130256
34191667
34253091
34314455
34375842
34437274
34498707
34560151
34621528
34682922
34744354
34805737
34867140
34928536
34989970
35051383
35112804
35174222
35235689
35297072
35358506
35420079
35481435
35542927
35604506
35665899
35727260
35788659
35850062
35911426
35972858
36034287
36095694
36157096
36218552
36279946
36341343
36402757
36464510
36525898
36587329
36648715
36710169
36771567
36832942
36894322
36955705
37017094
37078547
37139911
37201373
37262807
37324281
37385670
37447060
37508428
37569822
37631455
37692844
37754245
37815673
37877050
37938436
37999837
38061278
38122708
38184121
38245524
38307021
38368413
38429894
38491437
38552904
38614344
38675731
38737141
38798530
38859955
38921337
38982698
39044105
39105525
39166949
39228355
39289722
39351156
39412479
39473956
39535469
39596886
39658306
39719613
39781008
39842361
39903907
39965380
40026727
40088149
40149548
40210953
40272547
40333994
40395396
40456806
40518185
40579587
40640979
40702399
40763812
40825200
40886611
40947993
41009504
41070888
41132256
41193697
41255093
41316517
41377877
41439273
41500699
41562136
41623501
41684915
41746390
41807766
41869193
41930565
41991965
42053354
42114890
42176309
42237732
42299144
42360559
42421961
42483459
42544833
42606285
42667703
42729118
42790544
42851932
42913340
42974711
43036099
43097482
43158869
43220378
43281766
43343139
43404689
43466045
43527468
43588871
43650357
43711747
43773305
43834697
43896120
43957652
44019042
44080497
44141892
44203318
44264734
44326117
44387487
44448844
44510221
44571570
44633007
44694444
44755826
44817186
44878611
44940000
45001373
45062761
45124335
45185702
45247121
45308504
45369942
45431414
45492814
45554183
45615578
45676982
45738374
45799759
45861134
45922515
45983913
46045401
46106788
46168177
46229562
46290963
46352323
46413698
46475150
46536538
46597901
46659289
46720732
46782111
46843481
46904883
46966254
47027629
47089047
47150422
47211879
47273268
47334881
47396271
47457649
47519030
47580408
47641802
47703345
47764773
47826159
47887522
47948908
48010307
48071705
48133309
48194733
48256156
48317706
48379115
48440533
48501962
48563361
48624761
48686211
48747637
48809034
48870494
48932032
48993491
49055035
49116488
49177961
49239369
49300811
49362174
49423638
49485080
49546496
49607865
49669237
49730692
49792150
49853571
49915075
49976470
50037942
50099304
50160691
50222173
50283525
50344935
50406367
50467788
50529312
50590745
50652187
50713545
50774962
50836381
50897780
50959197
51020565
51081954
51143438
51204814
51266246
51327612
51389029
51450425
51511894
51573292
51634676
51696089
51757472
51818858
51880293
51941692
52003155
52064532
52125931
52187353
52248746
52310147
52371524
52432952
52494384
52555839
52617220
52678588
52740066
52801464
52862824
52924304
52985672
53047031
53108426
53169809
53231304
53292676
53354050
53415411
53476838
53538249
53599670
53661114
53722531
53783897
53845263
53906652
53968080
54029705
54091111
54152476
54213946
54275305
54336637
54398077
54459452
54520863
54582254
54643715
54705085
54766464
54827849
54889244
54950736
55012158
55073540
55134921
55196398
55258179
55319541
55380945
55442348
55503728
55565139
55626487
55687891
55749274
55810655
55872042
55933429
55994811
56056170
56117707
56179221
56240579
56301924
56363285
56424775
56486214
56547540
56608923
56670282
56731678
56793035
56854432
56915776
56977507
57038898
57100299
57161821
57223247
57284691
57346094
57407493
57469053
57530563
57591996
57653399
57714814
57776208
57837629
57899062
57960527
58021898
58083278
58144678
58206037
58267439
58328815
58390235
58451641
58513002
58574412
58635816
58697203
58758632
58819992
58881370
58942747
59004156
59065540
59126970
59188361
59249795
59311263
59372659
59434227
59495534
59556905
59618327
59679697
59741070
59802460
59863921
59925335
59986701
60048099
60109479
60170853
60232291
60293841
60355286
60416687
60478048
60539443
60600842
60662371
60723791
60785193
60846578
60907978
60969356
61030746
61092139
61153557
61214924
61276404
61337844
61399316
61460731
