188101
249468
310867
372294
433713
495115
556515
617880
679283
740743
802102
863470
924924
986365
1047741
1109128
1170500
1231922
1293316
1354707
1416138
1477658
1539029
1600432
1661838
1723223
1784634
1846027
1907416
1968861
2030329
2091787
2153229
2214721
2276364
2337741
2399192
2460561
2521948
2583327
2644696
2706097
2767475
2828847
2890230
2951696
3013162
3074541
3135928
3197339
3258732
3320136
3381589
3442956
3504330
3565774
3627203
3688609
3750008
3811534
3872816
3934206
3995598
4056981
4118386
4179768
4241226
4302707
4364136
4425564
4486948
4548346
4609784
4671301
4732660
4794118
4855481
4916867
4978389
5039903
5101320
5162733
5224096
5285515
5346900
5408316
5469695
5531067
5592496
5653854
5715215
5776610
5838194
5899572
5960956
6022352
6083754
6145108
6206669
6268129
6329561
6390961
6452416
6513789
6575178
6636630
6697976
6759438
6820825
6882209
6943588
7005020
7066512
7127898
7189327
7250713
7312096
7373472
7434833
7496224
7557600
7619000
7680488
7742060
7803468
7864836
7926200
7987602
8049025
8110383
8171773
8233167
8294569
8355983
8417367
8478756
8540261
8601684
8663157
8724589
8785985
8847379
8909276
8970303
9031696
9093083
9154463
9215847
9277227
9338571
9399940
9461351
9522769
9584115
9645496
9706844
9768301
9829757
9891120
9952517
10013914
10075432
10136864
10198233
10259618
10321007
10382399
10443821
10505312
10566677
10628064
10689444
10750957
10812395
10873840
10935218
10996741
11058461
11119851
11181247
11242677
11304135
11365513
11426962
11488402
11549782
11611207
11672587
11733994
11795452
11856933
11918331
11979756
12041107
12102481
12164089
12225500
12286873
12348280
12409647
12471219
12532593
12593979
12655590
12717009
12778416
12839785
12901186
12962639
13024102
13085519
13146953
13208386
13269870
13331142
13392543
13453930
13515301
13576706
13638071
13699424
13760861
13822244
13884105
13945301
14006699
14068122
14129486
14190854
14252339
14313733
14375203
14436611
14498049
14559449
14620840
14682265
14743641
14805092
14866535
14928297
14989683
15051094
15112514
15173919
15235370
15296759
15358133
15419566
15480972
15542387
15603779
15665206
15726572
15787987
15849481
15910933
15972339
16033707
16095102
16156571
16217966
16279599
16341021
16402352
16463799
16525200
16586598
16648008
16709390
16770823
16832191
16893625
16955097
17016462
17077862
17139236
17200594
17261956
17323398
17384812
17446253
17507655
17569065
17630726
17692115
17753507
17814896
17876338
17937724
17999087
18060437
18121850
18183291
18244733
18306154
18367588
18429046
18490449
18551875
18613296
18674725
18736084
18797523
18858897
18920288
18981681
19043073
19104500
19165891
19227287
19288696
19350082
19411480
19472875
19534241
19595619
19657003
19718382
19779720
19841143
19902548
19963941
20025346
20086762
20148128
20209549
20271099
20332519
20393956
20455328
20516809
20578194
20639565
20700999
20762380
20823816
20885230
20946623
21008025
21069423
21130821
21192215
21253608
21314999
21376382
21437754
21499142
21560519
21622047
21683438
21744835
21806325
21867712
21929127
21990519
22051893
22113371
22174685
22236059
22297476
22358965
22420380
22481775
22543174
22604595
22666088
22727519
22788924
22850326
22911748
22973132
23034544
23095973
23157468
23218883
23280442
23341832
23403244
23464622
23526037
23587395
23648762
23710130
23771597
23832893
23894365
23955721
24017089
24078491
24139941
24201365
24262762
24324215
24385604
24446993
24508436
24569867
24631220
24692580
24753995
24815389
24876785
24938225
24999603
25061003
25122453
25183874
25245268
25306657
25368078
25429464
25490927
25552306
25613702
25675085
25736469
25797922
25859261
25920695
25982117
26043477
26104875
26166274
26227660
26289035
26350433
26411827
26473185
26534589
26595965
26657470
26718838
26780232
26841938
26903130
26964578
27025944
27087348
27148804
27210183
27271592
27332983
27394402
27455843
27517259
27578642
27640061
27701470
27762866
27824306
27885833
27947239
28008660
28070061
28131485
28192902
28254388
28315783
28377256
28438647
28500057
28561526
28623045
28684470
28745862
28807236
28868693
28930068
28991461
29052883
29114298
29175741
29237201
29298597
29360080
29421469
29482860
29544306
29605722
29667110
29728529
29789931
29851299
29912661
29974060
30035470
30096988
30158371
30219782
30281217
30342612
30404120
30465502
30526890
30588279
30649690
30711056
30772450
30833959
30895336
30956757
31018154
31079556
31140956
31202559
31263931
31325318
31386682
31448057
31509462
31571091
31632663
31694032
31755345
31816728
31878104
31939533
32000908
32062281
32123640
32185145
32246525
32307929
32369305
32430678
32492106
32553524
32614912
32676336
32737731
32799112
32860569
32921923
32983299
33044691
33106166
33167568
33228964
33290377
33351747
33413179
33474603
33536024
33597418
33658801
33720223
33781599
33842995
33904376
33965794
34027192
34088565
34150023
34211417
34272828
34334251
34395622
34457003
34518434
34579866
34641313
34702689
34764086
34825514
34886898
34948310
35009699
35071127
35132546
35193973
35255384
35316849
35378231
35439667
35501241
35562595
35624087
35685666
35747061
35808419
35869822
35931232
35992587
36054019
36115445
36176854
36238257
36299717
36361106
36422505
36483920
36545707
36607058
36668490
36729875
36791330
36852735
36914101
36975481
37036864
37098256
37159706
37221073
37282535
37343966
37405439
37466832
37528219
37589589
37650989
37712617
37774010
37835406
37896835
37958213
38019596
38080998
38142440
38203869
38265285
38326688
38388180
38449575
38511059
38572599
38634064
38695504
38756890
38818300
38879694
38941117
39002496
39063864
39125268
39186687
39248115
39309524
39370882
39432316
39493639
39555115
39616632
39678048
39739469
39800776
39862173
39923522
39985068
40046541
40107897
40169310
40230709
40292115
40353709
40415153
40476557
40537966
40599342
40660748
40722140
40783562
40844973
40906360
40967770
41029157
41090666
41152048
41213420
41274860
41336257
41397677
41459041
41520429
41581860
41643298
41704664
41766079
41827550
41888927
41950354
42011730
42073125
42134517
42196053
42257472
42318892
42380307
42441720
42503123
42564621
42625996
42687448
42748864
42810282
42871703
42933094
42994504
43055873
43117260
43178643
43240031
43301541
43362928
43424300
43485847
43547207
43608638
43670031
43731518
43792909
43854468
43915856
43977280
44038812
44100203
44161658
44223051
44284477
44345895
44407276
44468651
44530006
44591381
44652730
44714168
44775606
44836984
44898345
44959771
45021157
45082534
45143924
45205495
45266865
45328282
45389666
45451105
45512574
45573975
45635343
45696738
45758142
45819534
45880918
45942292
46003673
46065074
46126562
46187947
46249335
46310731
46372121
46433484
46494861
46556312
46617702
46679062
46740449
46801894
46863274
46924641
46986043
47047413
47108788
47170208
47231585
47293044
47354428
47416041
47477432
47538810
47600197
47661572
47722963
47784508
47845936
47907318
47968682
48030069
48091469
48152865
48214468
48275894
48337315
48398868
48460277
48521694
48583124
48644521
48705926
48767373
48828797
48890196
48951655
49013196
49074655
49136196
49197652
49259123
49320532
49381973
49443332
49504798
49566242
49627659
49689026
49750405
49811852
49873311
49934729
49996235
50057632
50119106
50180464
50241844
50303334
50364688
50426097
50487528
50548949
50610472
50671906
50733350
50794704
50856121
50917542
50978941
51040355
51101724
51163116
51224600
51285974
51347406
51408775
51470191
51531590
51593056
51654457
51715840
51777251
51838632
51900019
51961455
52022858
52084314
52145694
52207093
52268513
52329908
52391308
52452683
52514112
52575545
52637002
52698379
52759756
52821225
52882625
52943986
53005466
53066829
53128195
53189586
53250970
53312464
53373837
53435213
53496573
53557999
53619409
53680831
53742278
53803692
53865059
53926423
53987810
54049238
54110864
54172275
54233636
54295110
54356467
54417794
54479239
54540612
54602023
54663415
54724875
54786245
54847628
54909014
54970408
55031895
55093321
55154700
55216082
55277559
55339341
55400702
55462108
55523510
55584891
55646297
55707650
55769052
55830435
55891817
55953204
56014591
56075973
56137331
56198871
56260384
56321739
56383084
56444446
56505937
56567373
56628701
56690090
56751444
56812840
56874197
56935595
56996937
57058702
57120059
57181459
57242985
57304406
57365853
57427256
57488651
57550218
57611724
57673159
57734558
57795977
57857366
57918792
57980222
58041688
58103061
58164444
58225839
58287195
58348600
58409975
58471403
58532805
58594163
58655575
58716973
58778363
58839803
58901158
58962539
59023910
59085316
59146700
59208131
59269532
59330956
59392424
59453821
59515388
59576696
59638063
59699486
59760857
59822233
59883625
59945084
60006494
60067859
60129259
60190642
60252014
60313449
60375009
60436443
60497851
60559211
60620603
60682002
60743532
60804951
60866356
60927737
60989139
61050516
61111907
61173302
61234721
61296085
61357565
61419007
61480478
61541895
