167869
229245
290629
352067
413478
474888
536287
597652
659057
720513
781868
843252
904698
966138
1027513
1088899
1150273
1211694
1273091
1334478
1395916
1457430
1518803
1580207
1641613
1703000
1764407
1825801
1887193
1948633
2010102
2071558
2132999
2194496
2256092
2317556
2378956
2440335
2501720
2563101
2624470
2685871
2747246
2808618
2870002
2931469
2992938
3054313
3115702
3177112
3238503
3299911
3361363
3422735
3484108
3545542
3606978
3668384
3729779
3791307
3852589
3913983
3975367
4036754
4098155
4159541
4220999
4282481
4343908
4405335
4466721
4528117
4589562
4651075
4712436
4773892
4835255
4896644
4958163
5019676
5081095
5142507
5203869
5265290
5326677
5388092
5449468
5510838
5572269
5633629
5694989
5756380
5817968
5879344
5940731
6002125
6063530
6124879
6186445
6247903
6309336
6370734
6432191
6493563
6554955
6616401
6677750
6739213
6800600
6861982
6923362
6984788
7046285
7107671
7169101
7230489
7291872
7353250
7414608
7475996
7537374
7598765
7660260
7721830
7783244
7844616
7905976
7967374
8028801
8090155
8151546
8212938
8274342
8335756
8397148
8458533
8520036
8581458
8642931
8704359
8765759
8827156
8889000
8950076
9011470
9072862
9134244
9195622
9257009
9318343
9379713
9441126
9502541
9563889
9625269
9686628
9748074
9809532
9870892
9932291
9993689
10055205
10116635
10178005
10239391
10300781
10362174
10423597
10485082
10546452
10607830
10669215
10730727
10792173
10853615
10914995
10976513
11038233
11099631
11161023
11222450
11283908
11345282
11406735
11468172
11529547
11590983
11652358
11713765
11775227
11836706
11898107
11959530
12020880
12082255
12143862
12205277
12266648
12328051
12389422
12450984
12512371
12573751
12635367
12696786
12758187
12819558
12880962
12942411
13003874
13065298
13126726
13188161
13249642
13310924
13372316
13433699
13495074
13556473
13617841
13679201
13740633
13802012
13863878
13925074
13986472
14047895
14109261
14170629
14232115
14293509
14354980
14416383
14477822
14539220
14600618
14662035
14723416
14784864
14846309
14908109
14969455
15030869
15092295
15153689
15215145
15276532
15337906
15399339
15460749
15522159
15583555
15644979
15706348
15767758
15829257
15890708
15952114
16013488
16074879
16136341
16197734
16259372
16320795
16382124
16443575
16504975
16566371
16627782
16689163
16750599
16811964
16873397
16934872
16996236
17057633
17119010
17180368
17241733
17303171
17364586
17426025
17487428
17548839
17610499
17671892
17733283
17794674
17856113
17917497
17978861
18040208
18101623
18163064
18224502
18285925
18347363
18408817
18470223
18531648
18593067
18654497
18715857
18777297
18838671
18900062
18961454
19022853
19084272
19145669
19207055
19268468
19329855
19391249
19452651
19514015
19575392
19636781
19698154
19759493
19820914
19882322
19943713
20005121
20066534
20127905
20189322
20250911
20312295
20373731
20435101
20496587
20557969
20619339
20680774
20742152
20803590
20865011
20926396
20987797
21049196
21110597
21171989
21233382
21294774
21356153
21417528
21478919
21540280
21601820
21663211
21724609
21786099
21847477
21908900
21970290
22031664
22093146
22154458
22215831
22277256
22338737
22400149
22461548
22522950
22584367
22645861
22707288
22768703
22830107
22891522
22952908
23014312
23075748
23137244
23198647
23260218
23321599
23383018
23444397
23505809
23567168
23628539
23689902
23751363
23812676
23874140
23935495
23996863
24058266
24119714
24181139
24242534
24303989
24365377
24426765
24488211
24549641
24610994
24672354
24733768
24795159
24856558
24918000
24979378
25040759
25102227
25163651
25225042
25286424
25347854
25409239
25470703
25532086
25593477
25654860
25716241
25777695
25839034
25900474
25961892
26023255
26084654
26146043
26207432
26268808
26330201
26391599
26452958
26514358
26575741
26637243
26698616
26760007
26821727
26882902
26944352
27005719
27067123
27128574
27189964
27251364
27312754
27374212
27435618
27497033
27558416
27619834
27681248
27742641
27804078
27865602
27927010
27988430
28049835
28111260
28172672
28234169
28295558
28357014
28418422
28479833
28541296
28602818
28664246
28725638
28787010
28848469
28909842
28971233
29032648
29094073
29155514
29216975
29278373
29339854
29401246
29462637
29524082
29585494
29646884
29708304
29769706
29831071
29892434
29953832
30015240
30076763
30138146
30199549
30260988
30322386
30383896
30445275
30506658
30568056
30629460
30690829
30752224
30813733
30875111
30936528
30997928
31059327
31120729
31182366
31243702
31305086
31366457
31427829
31489236
31550866
31612437
31673804
31735118
31796503
31857887
31919303
31980681
32042053
32103414
32164921
32226301
32287701
32349081
32410457
32471881
32533299
32594688
32656112
32717507
32778880
32840339
32901698
32963067
33024464
33085937
33147340
33208735
33270152
33331520
33392953
33454375
33515798
33577193
33638574
33699996
33761374
33822770
33884150
33945570
34006962
34068348
34129796
34191191
34252605
34314028
34375391
34436773
34498210
34559641
34621087
34682462
34743860
34805285
34866671
34928078
34989471
35050905
35112319
35173737
35235158
35296623
35358009
35419440
35481014
35542369
35603860
35665440
35726835
35788195
35849594
35910995
35972359
36033793
36095221
36156629
36218039
36279486
36340883
36402275
36463692
36525445
36586833
36648262
36709648
36771103
36832499
36893877
36955256
37016639
37078030
37139482
37200843
37262293
37323743
37385213
37446606
37507997
37569369
37630757
37692388
37753776
37815180
37876607
37937986
37999371
38060771
38122215
38183644
38245056
38306460
38367955
38429342
38490829
38552370
38613841
38675279
38736666
38798083
38859466
38920889
38982272
39043634
39105039
39166457
39227885
39289291
39350656
39412084
39473415
39534888
39596402
39657821
39719244
39780546
39841945
39903302
39964844
40026313
40087661
40149083
40210482
40271887
40333483
40394934
40456326
40517740
40579117
40640522
40701913
40763335
40824748
40886140
40947543
41008930
41070440
41131823
41193191
41254633
41316027
41377451
41438812
41500206
41561637
41623072
41684433
41745851
41807324
41868692
41930128
41991503
42052899
42114288
42175825
42237245
42298667
42360081
42421496
42482896
42544392
42605769
42667221
42728638
42790052
42851478
42912867
42974273
43035647
43097031
43158419
43219802
43281313
43342701
43404074
43465622
43526982
43588404
43649804
43711290
43772682
43834242
43895631
43957056
44018586
44079979
44141429
44202826
44264251
44325667
44387051
44448423
44509776
44571155
44632504
44693943
44755380
44816760
44878119
44939546
45000933
45062306
45123697
45185267
45246638
45308058
45369439
45430878
45492351
45553748
45615121
45676519
45737917
45799308
45860696
45922065
45983441
46044847
46106332
46167723
46229111
46290498
46351899
46413258
46474635
46536084
46597472
46658836
46720231
46781665
46843046
46904415
46965825
47027187
47088563
47149979
47211360
47272812
47334200
47395819
47457205
47518583
47579972
47641342
47702736
47764282
47825708
47887092
47948458
48009842
48071241
48132639
48194243
48255669
48317089
48378640
48440052
48501468
48562895
48624295
48685696
48747144
48808578
48869969
48931432
48992970
49054425
49115969
49177424
49238899
49300304
49361747
49423108
49484571
49546020
49607435
49668800
49730178
49791627
49853083
49914505
49976009
50037399
50098878
50160241
50221626
50283104
50344457
50405870
50467303
50528723
50590245
50651681
50713123
50774481
50835896
50897317
50958714
51020129
51081497
51142886
51204376
51265750
51327176
51388547
51449962
51511361
51572829
51634228
51695609
51757023
51818407
51879789
51941231
52002632
52064092
52125469
52186865
52248289
52309682
52371082
52432456
52493886
52555320
52616776
52678153
52739526
52801000
52862398
52923767
52985238
53046609
53107966
53169361
53230745
53292247
53353611
53414987
53476348
53537773
53599182
53660606
53722049
53783464
53844834
53906196
53967587
54029015
54090641
54152049
54213412
54274879
54336239
54397570
54459014
54520387
54581798
54643192
54704651
54766018
54827396
54888784
54950188
55011671
55073093
55134474
55195853
55257331
55319111
55380474
55441881
55503283
55564664
55626075
55687421
55748820
55810206
55871589
55932975
55994363
56055746
56117104
56178640
56240157
56301512
56362858
56424217
56485710
56547150
56608476
56669858
56731215
56792614
56853971
56915369
56976711
57038442
57099833
57161234
57222756
57284189
57345624
57407024
57468427
57529992
57591499
57652932
57714332
57775745
57837162
57898567
57960004
58021463
58082832
58144211
58205619
58266971
58328372
58389750
58451168
58512576
58573943
58635349
58696748
58758139
58819581
58880926
58942304
59003681
59065092
59126474
59187901
59249298
59310730
59372195
59433602
59495162
59556470
59617838
59679261
59740630
59802003
59863397
59924856
59986268
60047635
60109035
60170416
60231785
60293225
60354774
60416220
60477619
60538982
60600375
60661776
60723306
60784724
60846123
60907514
60968913
61030289
61091679
61153076
61214492
61275858
61337339
61398779
61460249
61521668
