106940
168313
229713
291136
352547
413954
475357
536720
598121
659582
720935
782311
843769
905205
966578
1027966
1089342
1150763
1212157
1273547
1334980
1396496
1457873
1519277
1580678
1642064
1703474
1764866
1826260
1887699
1949175
2010623
2072069
2133564
2195205
2256583
2318026
2379402
2440790
2502169
2563537
2624939
2686314
2747686
2809070
2870539
2932004
2993380
3054770
3116179
3177571
3238978
3300429
3361802
3423176
3484608
3546045
3607452
3668848
3730376
3791659
3853047
3914442
3975821
4037227
4098613
4160065
4221548
4282976
4344412
4405785
4467185
4528626
4590142
4651501
4712955
4774319
4835713
4897230
4958744
5020160
5081574
5142939
5204356
5265742
5327158
5388536
5449907
5511334
5572693
5634056
5695448
5757035
5818408
5879798
5941192
6002591
6063944
6125509
6186970
6248402
6309802
6371259
6432628
6494019
6555466
6616816
6678280
6739665
6801047
6862427
6923858
6985351
7046742
7108167
7169555
7230940
7292310
7353675
7415062
7476443
7537832
7599330
7660899
7722312
7783683
7845048
7906440
7967864
8029224
8090613
8152007
8213408
8274826
8336213
8397590
8459101
8520524
8581996
8643426
8704821
8766223
8828120
8889142
8950537
9011928
9073302
9134688
9196068
9257407
9318779
9380192
9441608
9502955
9564332
9625689
9687142
9748599
9809960
9871354
9932755
9994310
10055701
10117082
10178455
10239847
10301240
10362661
10424148
10485521
10546902
10608288
10669796
10731238
10792682
10854058
10915580
10977301
11038693
11100095
11161518
11222978
11284348
11345802
11407245
11468628
11530048
11591425
11652829
11714292
11775773
11837172
11898594
11959947
12021322
12082963
12144336
12205715
12267119
12328487
12390054
12451435
12512819
12574435
12635855
12697252
12758624
12820027
12881488
12942940
13004357
13065795
13127228
13188711
13249981
13311385
13372769
13434141
13495546
13556911
13618265
13679703
13741076
13802880
13864142
13925537
13986971
14048325
14109693
14171180
14232574
14294047
14355453
14416888
14478288
14539680
14601102
14662481
14723935
14785376
14847134
14908520
14969937
15031359
15092757
15154213
15215601
15276970
15338405
15399813
15461226
15522619
15584048
15645413
15706826
15768321
15829776
15891177
15952548
16013942
16075412
16136806
16198440
16259861
16321193
16382639
16444042
16505441
16566851
16628230
16689665
16751038
16812465
16873938
16935303
16996701
17058074
17119433
17180800
17242240
17303655
17365093
17426488
17487902
17549568
17610961
17672349
17733742
17795177
17856561
17917928
17979280
18040691
18102129
18163572
18224995
18286429
18347883
18409289
18470713
18532135
18593566
18654923
18716365
18777739
18839126
18900521
18961920
19023340
19084737
19146120
19207537
19268922
19330313
19391716
19453082
19514461
19575849
19637221
19698562
19759984
19821389
19882782
19944188
20005604
20066971
20128388
20189976
20251362
20312796
20374166
20435655
20497035
20558407
20619844
20681220
20742657
20804079
20865461
20926867
20988263
21049664
21111055
21172448
21233839
21295222
21356593
21417986
21479348
21540890
21602277
21663677
21725167
21786546
21847967
21909359
21970734
22032212
22093524
22154900
22216316
22277805
22339216
22400618
22462014
22523435
22584932
22646356
22707756
22769172
22830591
22891977
22953381
23014813
23076313
23137715
23199281
23260666
23322086
23383457
23444877
23506235
23567604
23628968
23690429
23751734
23813204
23874564
23935930
23997332
24058781
24120203
24181601
24243058
24304444
24365832
24427278
24488708
24550062
24611420
24672836
24734228
24795624
24857068
24918443
24979845
25041292
25102717
25164108
25225498
25286919
25348302
25409764
25471143
25532545
25593933
25655308
25716762
25778101
25839542
25900958
25962321
26023722
26085110
26146499
26207877
26269270
26330665
26392028
26453429
26514806
26576308
26637685
26699075
26760785
26821971
26883417
26944787
27006190
27067645
27129024
27190431
27251821
27313279
27374684
27436099
27497480
27558900
27620320
27681704
27743147
27804671
27866079
27927501
27988906
28050325
28111740
28173236
28234625
28296094
28357488
28418901
28480361
28541881
28603312
28664702
28726074
28787536
28848910
28910300
28971724
29033137
29094582
29156041
29217439
29278919
29340312
29401701
29463150
29524561
29585951
29647375
29708770
29770139
29831499
29892900
29954306
30015831
30077212
30138616
30200055
30261457
30322969
30384342
30445724
30507129
30568529
30629896
30691287
30752799
30814178
30875597
30936997
30998395
31059800
31121398
31182770
31244157
31305521
31366897
31428302
31489934
31551504
31612871
31674186
31735565
31796952
31858370
31919747
31981122
32042482
32103988
32165368
32226766
32288147
32349531
32410950
32472362
32533753
32595179
32656574
32717947
32779407
32840764
32902134
32963533
33025007
33086410
33147804
33209217
33270587
33332019
33393444
33454863
33516261
33577641
33639061
33700439
33761846
33823216
33884636
33946031
34007405
34068862
34130257
34191668
34253092
34314456
34375843
34437275
34498708
34560153
34621529
34682923
34744356
34805739
34867142
34928537
34989973
35051385
35112808
35174223
35235690
35297074
35358508
35420080
35481436
35542929
35604508
35665900
35727261
35788660
35850064
35911429
35972860
36034289
36095695
36157097
36218553
36279947
36341344
36402762
36464548
36525900
36587330
36648724
36710170
36771569
36832943
36894324
36955707
37017095
37078548
37139912
37201375
37262810
37324282
37385672
37447062
37508429
37569823
37631457
37692847
37754250
37815675
37877051
37938438
37999839
38061279
38122709
38184122
38245525
38307022
38368414
38429895
38491439
38552905
38614345
38675732
38737142
38798531
38859958
38921339
38982700
39044106
39105526
39166950
39228357
39289723
39351158
39412481
39473958
39535470
39596887
39658308
39719614
39781010
39842363
39903909
39965382
40026728
40088150
40149557
40210954
40272549
40333995
40395398
40456807
40518194
40579589
40640981
40702400
40763814
40825201
40886614
40947998
41009506
41070889
41132257
41193699
41255095
41316519
41377879
41439275
41500700
41562137
41623503
41684916
41746391
41807768
41869194
41930567
41991966
42053356
42114891
42176311
42237733
42299145
42360560
42421962
42483461
42544837
42606286
42667705
42729122
42790553
42851940
42913341
42974712
43036100
43097483
43158870
43220379
43281768
43343140
43404690
43466047
43527469
43588873
43650359
43711748
43773306
43834698
43896122
43957654
44019044
44080501
44141893
44203321
44264736
44326119
44387489
44448845
44510222
44571571
44633008
44694446
44755827
44817187
44878612
44940001
45001374
45062762
45124337
45185703
45247122
45308505
45369944
45431415
45492816
45554184
45615579
45676986
45738375
45799761
45861136
45922523
45983922
46045402
46106790
46168178
46229563
46290965
46352325
46413700
46475151
46536540
46597902
46659291
46720733
46782112
46843482
46904885
46966255
47027632
47089051
47150424
47211881
47273270
47334883
47396273
47457652
47519032
47580409
47641804
47703347
47764774
47826160
47887524
47948909
48010309
48071706
48133310
48194737
48256157
48317708
48379116
48440535
48501963
48563363
48624762
48686213
48747638
48809036
48870496
48932033
48993493
49055037
49116489
49177962
49239370
49300812
49362176
49423639
49485081
49546497
49607866
49669238
49730693
49792154
49853572
49915076
49976471
50037948
50099306
50160692
50222175
50283526
50344936
50406371
50467790
50529313
50590747
50652188
50713546
50774964
50836385
50897781
50959200
51020566
51081956
51143439
51204815
51266248
51327613
51389032
51450426
51511895
51573293
51634677
51696090
51757473
51818860
51880294
51941699
52003157
52064533
52125932
52187355
52248748
52310148
52371526
52432954
52494385
52555840
52617221
52678590
52740068
52801466
52862825
52924305
52985674
53047032
53108428
53169810
53231306
53292677
53354052
53415414
53476840
53538251
53599672
53661115
53722532
53783899
53845266
53906654
53968081
54029706
54091113
54152479
54213948
54275307
54336638
54398078
54459457
54520864
54582255
54643716
54705086
54766465
54827850
54889245
54950738
55012160
55073542
55134922
55196399
55258180
55319542
55380946
55442350
55503729
55565143
55626488
55687892
55749276
55810657
55872044
55933430
55994813
56056174
56117715
56179223
56240580
56301925
56363287
56424786
56486215
56547542
56608924
56670283
56731679
56793036
56854442
56915783
56977509
57038900
57100301
57161823
57223251
57284695
57346103
57407494
57469055
57530564
57591997
57653401
57714816
57776209
57837631
57899063
57960528
58021900
58083280
58144679
58206039
58267443
58328816
58390236
58451643
58513003
58574414
58635823
58697204
58758643
58819993
58881371
58942748
59004157
59065542
59126972
59188365
59249797
59311265
59372661
59434228
59495535
59556907
59618328
59679698
59741080
59802465
59863922
59925337
59986703
60048101
60109480
60170854
60232292
60293842
60355287
60416688
60478049
60539444
60600843
60662373
60723792
60785194
60846580
60907979
60969360
61030748
61092141
61153559
61214925
61276406
61337845
61399318
61460732
