123416
184786
246181
307612
369023
430429
491830
553195
614599
676055
737408
798785
860240
921683
983057
1044443
1105815
1167236
1228633
1290024
1351452
1412972
1474348
1535745
1597151
1658539
1719949
1781340
1842734
1904175
1965644
2027101
2088543
2150037
2211636
2273057
2334500
2395879
2457263
2518642
2580009
2641417
2702783
2764171
2825542
2887013
2948481
3009857
3071243
3132655
3194046
3255452
3316903
3378276
3439645
3501084
3562520
3623927
3685331
3746850
3808136
3869524
3930911
3992297
4053698
4115085
4176541
4238023
4299451
4360879
4422263
4483660
4545103
4606617
4667976
4729433
4790793
4852184
4913738
4975217
5036639
5098048
5159411
5220831
5282218
5343630
5405008
5466381
5527808
5589172
5650531
5711924
5773509
5834886
5896274
5957667
6019070
6080421
6141985
6203448
6264879
6326274
6387732
6449104
6510493
6571946
6633292
6694754
6756133
6817525
6878904
6940328
7001827
7063214
7124643
7186027
7247412
7308785
7370152
7431534
7492918
7554307
7615801
7677372
7738786
7800151
7861518
7922919
7984339
8045702
8107085
8168482
8229883
8291300
8352694
8414075
8475576
8537000
8598473
8659901
8721288
8782694
8844547
8905617
8967011
9028410
9089777
9151163
9212543
9273883
9335256
9396670
9458082
9519429
9580810
9642162
9703618
9765071
9826437
9887828
9949231
10010792
10072179
10133557
10194931
10256325
10317715
10379140
10440622
10501994
10563376
10624763
10686272
10747713
10809154
10870531
10932055
10993775
11055165
11116563
11177983
11239438
11300823
11362281
11423716
11485104
11546523
11607904
11669307
11730766
11792247
11853647
11915072
11976420
12037797
12099402
12160812
12222184
12283592
12344961
12406529
12467911
12529296
12590907
12652336
12713728
12775099
12836502
12897954
12959415
13020833
13082268
13143701
13205181
13266458
13327858
13389241
13450619
13512021
13573387
13634738
13696176
13757552
13819419
13880618
13942015
14003436
14064800
14126169
14187657
14249056
14310523
14371924
14433361
14494763
14556159
14617577
14678956
14740408
14801850
14863613
14924997
14986417
15047835
15109231
15170682
15232075
15293449
15354879
15416289
15477701
15539095
15600523
15661890
15723302
15784798
15846253
15907655
15969023
16030418
16091885
16153280
16214913
16276337
16337665
16399115
16460514
16521913
16583323
16644704
16706140
16767513
16828940
16890412
16951777
17013175
17074549
17135912
17197273
17258711
17320125
17381566
17442969
17504377
17566050
17627434
17688821
17750217
17811655
17873036
17934403
17995751
18057167
18118602
18180046
18241470
18302908
18364359
18425765
18487190
18548610
18610040
18671398
18732838
18794212
18855602
18916996
18978394
19039814
19101209
19162597
19224009
19285398
19346795
19408192
19469553
19530935
19592319
19653695
19715036
19776457
19837865
19899256
19960664
20022076
20083446
20144862
20206415
20267835
20329271
20390642
20452127
20513508
20574877
20636314
20697695
20759132
20820553
20881937
20943338
21004738
21066137
21127530
21188924
21250315
21311697
21373067
21434459
21495834
21557361
21618760
21680149
21741641
21803019
21864441
21925836
21987206
22048687
22110000
22171381
22232791
22294280
22355692
22417088
22478488
22539909
22601404
22662833
22724238
22785648
22847063
22908451
22969857
23031287
23092787
23154192
23215754
23277140
23338562
23399935
23461351
23522709
23584076
23645446
23706898
23768207
23829678
23891040
23952403
24013809
24075256
24136680
24198077
24259530
24320918
24382310
24443753
24505181
24566533
24627895
24689311
24750705
24812106
24873540
24934919
24996318
25057766
25119192
25180582
25241972
25303394
25364781
25426241
25487620
25549015
25610399
25671783
25733237
25794577
25856008
25917432
25978794
26040195
26101595
26162971
26224349
26285746
26347142
26408503
26469906
26531281
26592785
26654161
26715548
26777256
26838446
26899892
26961262
27022664
27084117
27145500
27206904
27268299
27329753
27391159
27452574
27513959
27575375
27636786
27698182
27759621
27821148
27882560
27943973
28005376
28066801
28128216
28189711
28251099
28312571
28373965
28435370
28496838
28558360
28619785
28681178
28742552
28804011
28865391
28926775
28988188
29049611
29111055
29172519
29233911
29295395
29356787
29418177
29479625
29541035
29602426
29663844
29725245
29786612
29847976
29909375
29970780
30032303
30093688
30155091
30216534
30277928
30339437
30400819
30462196
30523603
30585004
30646369
30707762
30769274
30830654
30892071
30953468
31014870
31076272
31137878
31199247
31260632
31321995
31383371
31444777
31506405
31567979
31629350
31690657
31752043
31813426
31874844
31936224
31997596
32058957
32120462
32181840
32243241
32304617
32365999
32427425
32488840
32550212
32611656
32673047
32734422
32795885
32857237
32918607
32980007
33041488
33102883
33164282
33225694
33287060
33348488
33409919
33471339
33532732
33594113
33655538
33716914
33778313
33839691
33901114
33962507
34023883
34085339
34146733
34208143
34269572
34330933
34392318
34453750
34515182
34576628
34638005
34699400
34760828
34822215
34883618
34945012
35006448
35067860
35129281
35190699
35252165
35313545
35374981
35436557
35497911
35559402
35620991
35682374
35743735
35805135
35866539
35927908
35989336
36050763
36112172
36173568
36235029
36296424
36357818
36419233
36480985
36542376
36603804
36665191
36726644
36788038
36849417
36910798
36972182
37033570
37095012
37156384
37217849
37279280
37340756
37402147
37463536
37524902
37586299
37647934
37709318
37770726
37832151
37893528
37954912
38016309
38077764
38139184
38200597
38262001
38323495
38384890
38446374
38507913
38569381
38630819
38692207
38753617
38815008
38876430
38937812
38999173
39060583
39122000
39183430
39244831
39306201
39367632
39428954
39490433
39551945
39613363
39674784
39736086
39797487
39858836
39920385
39981855
40043205
40104633
40166025
40227429
40289026
40350470
40411870
40473278
40534659
40596063
40657453
40718851
40780287
40841675
40903087
40964472
41025978
41087362
41148732
41210175
41271569
41332995
41394354
41455749
41517173
41578608
41639986
41701392
41762864
41824240
41885671
41947039
42008440
42069831
42131367
42192787
42254207
42315612
42377037
42438438
42499937
42561311
42622766
42684177
42745595
42807022
42868409
42929819
42991182
43052573
43113958
43175345
43236857
43298241
43359616
43421163
43482522
43543947
43605345
43666832
43728226
43789782
43851174
43912596
43974129
44035521
44096965
44158367
44219792
44281210
44342594
44403966
44465320
44526698
44588046
44649486
44710920
44772302
44833663
44895086
44956475
45017848
45079238
45140810
45202182
45263600
45324982
45386420
45447890
45509290
45570662
45632054
45693460
45754850
45816235
45877608
45938987
46000390
46061877
46123262
46184655
46246039
46307437
46368797
46430174
46491628
46553014
46614377
46675757
46737204
46798587
46859956
46921360
46982732
47044103
47105525
47166902
47228355
47289743
47351358
47412750
47474127
47535512
47596882
47658278
47719822
47781251
47842634
47903997
47965383
48026784
48088175
48149784
48211210
48272632
48334185
48395594
48457010
48518438
48579838
48641247
48702686
48764113
48825510
48886966
48948510
49009967
49071509
49132967
49194438
49255844
49317291
49378649
49440116
49501558
49562975
49624348
49685723
49747170
49808626
49870048
49931551
49992947
50054420
50115780
50177166
50238647
50299999
50361410
50422844
50484266
50545787
50607225
50668662
50730020
50791437
50852857
50914256
50975671
51037041
51098433
51159924
51221289
51282721
51344090
51405503
51466903
51528370
51589763
51651156
51712566
51773949
51835334
51896770
51958172
52019633
52081007
52142408
52203830
52265221
52326620
52387999
52449427
52510860
52572316
52633695
52695067
52756542
52817946
52879298
52940780
53002149
53063509
53124904
53186288
53247787
53309154
53370530
53431889
53493315
53554727
53616146
53677591
53739005
53800377
53861739
53923127
53984559
54046181
54107588
54168954
54230423
54291783
54353111
54414553
54475926
54537329
54598729
54660190
54721559
54782941
54844326
54905717
54967212
55028635
55090016
55151395
55212913
55274657
55336018
55397423
55458827
55520204
55581612
55642962
55704365
55765750
55827128
55888516
55949905
56011289
56072644
56134183
56195698
56257057
56318401
56379761
56441253
56502690
56564018
56625397
56686756
56748155
56809515
56870908
56932253
56993983
57055373
57116773
57178296
57239722
57301166
57362572
57423975
57485532
57547040
57608475
57669874
57731290
57792701
57854107
57915538
57977005
58038376
58099751
58161153
58222513
58283912
58345296
58406712
58468118
58529475
58590892
58652292
58713678
58775109
58836472
58897844
58959222
59020636
59082011
59143443
59204838
59266272
59327739
59389136
59450705
59512011
59573380
59634801
59696175
59757547
59818937
59880398
59941812
60003177
60064573
60125955
60187327
60248765
60310320
60371759
60433163
60494534
60555917
60617318
60678847
60740267
60801671
60863057
60924457
60985830
61047217
61108616
61170036
61231398
61292882
61354322
61415790
61477210
