153800
215172
276557
337996
399407
460815
522217
583583
644984
706442
767798
829172
890630
952065
1013441
1074828
1136203
1197624
1259021
1320408
1381838
1443359
1504732
1566135
1627539
1688926
1750335
1811727
1873120
1934560
1996033
2057487
2118938
2180421
2242021
2303444
2364885
2426263
2487650
2549031
2610396
2671802
2733173
2794546
2855933
2917400
2978874
3040242
3101630
3163043
3224430
3285839
3347291
3408661
3470036
3531468
3592906
3654313
3715707
3777235
3838520
3899912
3961297
4022686
4084092
4145468
4206923
4268409
4329835
4391264
4452648
4514045
4575487
4637003
4698363
4759817
4821184
4882568
4944119
5005604
5067021
5128433
5189798
5251218
5312604
5374020
5435397
5496768
5558192
5619557
5680919
5742307
5803893
5865271
5926659
5988054
6049455
6110805
6172370
6233826
6295267
6356662
6418119
6479490
6540877
6602330
6663678
6725141
6786527
6847909
6909289
6970721
7032211
7093602
7155029
7216418
7277801
7339169
7400534
7461925
7523302
7584684
7646189
7707758
7769172
7830538
7891901
7953303
8014726
8076084
8137476
8198868
8260269
8321685
8383083
8444459
8505962
8567387
8628860
8690288
8751682
8813084
8874935
8936003
8997398
9058785
9120166
9181550
9242929
9304271
9365637
9427053
9488470
9549802
9611194
9672554
9734003
9795467
9856824
9918217
9979619
10041180
10102560
10163934
10225319
10286710
10348103
10409531
10471012
10532380
10593760
10655150
10716655
10778102
10839543
10900920
10962442
11024160
11085553
11146950
11208379
11269838
11331209
11392660
11454104
11515492
11576909
11638289
11699693
11761151
11822631
11884030
11945458
12006807
12068184
12129789
12191192
12252560
12313975
12375349
12436912
12498295
12559681
12621293
12682717
12744123
12805484
12866885
12928339
12989800
13051221
13112653
13174086
13235568
13296844
13358245
13419628
13480995
13542408
13603775
13665124
13726560
13787937
13849740
13911005
13972404
14033823
14095188
14156552
14218044
14279435
14340909
14402310
14463747
14525149
14586541
14647966
14709343
14770793
14832236
14893999
14955382
15016794
15078221
15139615
15201070
15262463
15323841
15385265
15446674
15508091
15569482
15630909
15692274
15753685
15815182
15876634
15938039
15999410
16060803
16122274
16183667
16245300
16306718
16368054
16429499
16490902
16552298
16613708
16675091
16736529
16797897
16859325
16920797
16982164
17043561
17104937
17166297
17227660
17289099
17350511
17411950
17473352
17534762
17596419
17657818
17719208
17780600
17842041
17903425
17964790
18026137
18087550
18148990
18210429
18271854
18333288
18394745
18456153
18517573
18578995
18640425
18701784
18763226
18824601
18885990
18947384
19008781
19070200
19131596
19192982
19254404
19315784
19377187
19438577
19499942
19561317
19622711
19684082
19745417
19806841
19868250
19929640
19991049
20052464
20113826
20175249
20236835
20298219
20359656
20421036
20482514
20543893
20605265
20666703
20728081
20789519
20850936
20912319
20973727
21035122
21096526
21157914
21219318
21280702
21342083
21403455
21464844
21526217
21587749
21649139
21710538
21771962
21833405
21894829
21956218
22017598
22079074
22140386
22201763
22263173
22324666
22386081
22447469
22508877
22570296
22631789
22693219
22754625
22816034
22877449
22938835
23000245
23061670
23123173
23184576
23246144
23307526
23368948
23430322
23491746
23553092
23614464
23675830
23737290
23798599
23860064
23921427
23982789
24044192
24105642
24167067
24228464
24289911
24351303
24412696
24474137
24535577
24596920
24658283
24719695
24781089
24842484
24903928
24965305
25026704
25088154
25149580
25210977
25272360
25333780
25395170
25456629
25518006
25579407
25640786
25702170
25763619
25824958
25886396
25947817
26009181
26070587
26131974
26193356
26254738
26316130
26377529
26438887
26500288
26561662
26623169
26684541
26745937
26807647
26868833
26930277
26991647
27053058
27114505
27175885
27237291
27298684
27360137
27421546
27482959
27544344
27605760
27667171
27728566
27790006
27851534
27912935
27974363
28035761
28097186
28158602
28220096
28281485
28342957
28404352
28465761
28527224
28588745
28650174
28711564
28772936
28834396
28895770
28957159
29018585
29079998
29141441
29202911
29264301
29325779
29387170
29448562
29510010
29571420
29632811
29694231
29755629
29816991
29878361
29939760
30001167
30062689
30124070
30185469
30246918
30308323
30369820
30431205
30492584
30553981
30615391
30676756
30738149
30799659
30861037
30922455
30983857
31045256
31106659
31168294
31229632
31291024
31352383
31413757
31475163
31536792
31598365
31659733
31721046
31782436
31843813
31905233
31966611
32027980
32089344
32150848
32212227
32273628
32335006
32396385
32457795
32519223
32580615
32642040
32703434
32764804
32826270
32887624
32948994
33010393
33071867
33133267
33194664
33256075
33317449
33378877
33440302
33501725
33563119
33624502
33685922
33747303
33808699
33870077
33931498
33992896
34054269
34115723
34177127
34238526
34299951
34361321
34422702
34484136
34545566
34607012
34668391
34729788
34791213
34852607
34914001
34975401
35036831
35098254
35159663
35221080
35282548
35343935
35405368
35466943
35528302
35589791
35651370
35712762
35774129
35835524
35896925
35958289
36019717
36081149
36142556
36203957
36265416
36326811
36388211
36449619
36511374
36572761
36634192
36695574
36757030
36818427
36879813
36941191
37002563
37063959
37125408
37186782
37248228
37309668
37371143
37432533
37493924
37555288
37616686
37678317
37739705
37801110
37862536
37923912
37985298
38046698
38108144
38169571
38230977
38292387
38353886
38415275
38476760
38538308
38599765
38661203
38722593
38784004
38845391
38906815
38968199
39029562
39090968
39152387
39213816
39275217
39336587
39398017
39459340
39520818
39582328
39643750
39705171
39766474
39827874
39889219
39950767
40012241
40073590
40135012
40196409
40257813
40319410
40380856
40442264
40503666
40565047
40626451
40687842
40749262
40810676
40872061
40933470
40994857
41056368
41117752
41179110
41240562
41301953
41363378
41424740
41486134
41547561
41608998
41670363
41731779
41793252
41854629
41916057
41977430
42038825
42100217
42161750
42223174
42284595
42346014
42407421
42468824
42530318
42591699
42653150
42714561
42775982
42837407
42898794
42960202
43021575
43082959
43144345
43205733
43267243
43328630
43390003
43451552
43512908
43574331
43635733
43697216
43758611
43820163
43881558
43942984
44004513
44065907
44127357
44188751
44250177
44311593
44372976
44434348
44495703
44557085
44618428
44679877
44741306
44802689
44864047
44925470
44986861
45048236
45109627
45171199
45232567
45293984
45355370
45416805
45478278
45539675
45601047
45662439
45723846
45785243
45846619
45907996
45969384
46030776
46092264
46153651
46215039
46276425
46337825
46399184
46460562
46522013
46583399
46644762
46706151
46767596
46828975
46890345
46951746
47013115
47074491
47135911
47197287
47258742
47320126
47381751
47443131
47504512
47565891
47627280
47688663
47750211
47811634
47873024
47934393
47995767
48057168
48118569
48180171
48241595
48303015
48364570
48425971
48487394
48548821
48610233
48671626
48733073
48794500
48855891
48917355
48978938
49040349
49101895
49163349
49224826
49286232
49347676
49409036
49470502
49531943
49593360
49654725
49716108
49777553
49839013
49900430
49961937
50023341
50084807
50146174
50207553
50269035
50330384
50391789
50453228
50514650
50576173
50637611
50699051
50760407
50821822
50883243
50944643
51006060
51067427
51128815
51190302
51251677
51313105
51374475
51435894
51497288
51558758
51620159
51681541
51742952
51804333
51865720
51927156
51988558
52050018
52111390
52172794
52234216
52295612
52357007
52418385
52479812
52541245
52602701
52664082
52725454
52786928
52848326
52909687
52971165
53032533
53093895
53155292
53216674
53278160
53339539
53400913
53462270
53523695
53585110
53646530
53707975
53769393
53830758
53892124
53953513
54014941
54076568
54137971
54199340
54260807
54322164
54383501
54444939
54506316
54567724
54629116
54690576
54751945
54813326
54874710
54936109
54997596
55059020
55120404
55181783
55243262
55305041
55366401
55427808
55489211
55550591
55612009
55673348
55734752
55796132
55857521
55918901
55980291
56041671
56103029
56164569
56226083
56287440
56348788
56410143
56471639
56533075
56594403
56655785
56717145
56778543
56839901
56901294
56962637
57024368
57085760
57147160
57208686
57270109
57331551
57392958
57454352
57515917
57577423
57638856
57700258
57761677
57823074
57884495
57945915
58007399
58068762
58130138
58191539
58252896
58314300
58375689
58437085
58498504
58559879
58621279
58682677
58744066
58805494
58866864
58928231
58989610
59051019
59112401
59173833
59235223
59296656
59358122
59419521
59481090
59542399
59603766
59665197
59726568
59787934
59849326
59910784
59972196
60033563
60094961
60156343
60217714
60279152
60340703
60402147
60463557
60524911
60586305
60647705
60709240
60770654
60832065
60893444
60954843
61016215
61077609
61138999
61200423
61261785
61323268
61384705
61446177
61507593
