138512
199882
261272
322702
384116
445526
506928
568289
629696
691156
752506
813884
875341
936777
998153
1059539
1120913
1182333
1243729
1305121
1366548
1428068
1489444
1550847
1612249
1673638
1735048
1796437
1857830
1919271
1980740
2042197
2103642
2165131
2226733
2288156
2349597
2410974
2472359
2533742
2595107
2656509
2717885
2779261
2840641
2902108
2963576
3024959
3086343
3147758
3209144
3270551
3331999
3393375
3454747
3516179
3577616
3639022
3700420
3761943
3823231
3884620
3946006
4007397
4068796
4130181
4191638
4253121
4314546
4375977
4437360
4498755
4560198
4621712
4683075
4744531
4805894
4867281
4928803
4990316
5051733
5113144
5174512
5235929
5297313
5358728
5420107
5481476
5542907
5604275
5665629
5727019
5788605
5849983
5911369
5972762
6034166
6095518
6157081
6218543
6279975
6341373
6402828
6464198
6525590
6587042
6648389
6709851
6771237
6832628
6893999
6955430
7016926
7078312
7139739
7201127
7262510
7323880
7385247
7446634
7508013
7569402
7630900
7692468
7753883
7815248
7876613
7938011
7999435
8060798
8122182
8183579
8244976
8306394
8367784
8429170
8490675
8552094
8613571
8674995
8736395
8797794
8859646
8920712
8982109
9043495
9104871
9166261
9227640
9288983
9350351
9411764
9473181
9534528
9595905
9657258
9718713
9780169
9841533
9902928
9964326
10025847
10087273
10148645
10210028
10271422
10332810
10394232
10455720
10517089
10578475
10639858
10701365
10762808
10824252
10885632
10947147
11008911
11070264
11131659
11193098
11254549
11315923
11377376
11438816
11500201
11561619
11622998
11684402
11745864
11807345
11868744
11930168
11991526
12052892
12114501
12175910
12237286
12298693
12360060
12421625
12483006
12544389
12606002
12667425
12728827
12790195
12851600
12913051
12974512
13035931
13097365
13158801
13220282
13281557
13342955
13404341
13465715
13527125
13588484
13649835
13711273
13772648
13834516
13895715
13957112
14018537
14079899
14141265
14202752
14264146
14325625
14387023
14448460
14509860
14571252
14632675
14694054
14755500
14816946
14878709
14940096
15001507
15062930
15124327
15185784
15247173
15308547
15369979
15431386
15492799
15554192
15615618
15676985
15738397
15799895
15861349
15922750
15984120
16045517
16106981
16168377
16230011
16291435
16352765
16414213
16475610
16537008
16598420
16659793
16721237
16782610
16844037
16905507
16966876
17028272
17089647
17151006
17212372
17273813
17335224
17396662
17458067
17519474
17581139
17642529
17703919
17765314
17826759
17888134
17949498
18010848
18072261
18133703
18195142
18256564
18318003
18379458
18440868
18502286
18563706
18625125
18686496
18747934
18809309
18870699
18932094
18993493
19054910
19116306
19177691
19239109
19300493
19361891
19423290
19484661
19546033
19607419
19668791
19730134
19791555
19852957
19914354
19975759
20037174
20098545
20159961
20221502
20282939
20344368
20405738
20467224
20528607
20589976
20651412
20712793
20774228
20835651
20897034
20958437
21019835
21081235
21142626
21204021
21265410
21326793
21388166
21449557
21510923
21572496
21633848
21695248
21756736
21818115
21879540
21940930
22002305
22063786
22125095
22186472
22247886
22309374
22370791
22432187
22493594
22555005
22616500
22677927
22739334
22800744
22862159
22923549
22984954
23046384
23107882
23169285
23230861
23292237
23353657
23415033
23476451
23537806
23599175
23660542
23722002
23783306
23844778
23906135
23967495
24028903
24090350
24151776
24213173
24274635
24336019
24397405
24458847
24520280
24581633
24642995
24704407
24765799
24827196
24888638
24950018
25011416
25072865
25134289
25195680
25257069
25318492
25379878
25441342
25502716
25564117
25625500
25686881
25748331
25809673
25871114
25932527
25993890
26055293
26116687
26178068
26239446
26300842
26362239
26423596
26485000
26546379
26607878
26669256
26730646
26792357
26853543
26914987
26976357
27037762
27099214
27160597
27222001
27283397
27344847
27406252
27467671
27529056
27590473
27651884
27713280
27774717
27836244
27897652
27959074
28020478
28081900
28143310
28204808
28266196
28327668
28389062
28450471
28511936
28573454
28634881
28696275
28757648
28819102
28880479
28941875
29003295
29064708
29126145
29187614
29249010
29310491
29371882
29433273
29494722
29556131
29617523
29678945
29740342
29801707
29863072
29924472
29985879
30047403
30108783
30170187
30231629
30293025
30354533
30415917
30477292
30538679
30600100
30661464
30722861
30784371
30845750
30907168
30968569
31029965
31091367
31152972
31214343
31275728
31337096
31398466
31459876
31521506
31583076
31644446
31705753
31767137
31828523
31889942
31951320
32012692
32074054
32135558
32196938
32258340
32319717
32381095
32442519
32503937
32565325
32626747
32688152
32749515
32810987
32872336
32933704
32995104
33056575
33117979
33179376
33240789
33302159
33363592
33425014
33486438
33547828
33609213
33670628
33732011
33793410
33854789
33916207
33977601
34038977
34100435
34161826
34223241
34284666
34346029
34407413
34468847
34530279
34591727
34653102
34714500
34775924
34837310
34898712
34960110
35021540
35082957
35144376
35205794
35267261
35328643
35390081
35451652
35513008
35574499
35636078
35697474
35758832
35820231
35881636
35942997
36004434
36065859
36127266
36188668
36250123
36311519
36372916
36434331
36496083
36557473
36618901
36680287
36741745
36803138
36864511
36925894
36987275
37048668
37110127
37171483
37232945
37294381
37355852
37417244
37478629
37539997
37601393
37663030
37724423
37785822
37847249
37908624
37970008
38031411
38092850
38154281
38215692
38277099
38338594
38399987
38461470
38523012
38584475
38645915
38707304
38768713
38830111
38891528
38952908
39014272
39075680
39137097
39198527
39259926
39321292
39382730
39444053
39505529
39567042
39628461
39689879
39751184
39812584
39873935
39935480
39996952
40058301
40119720
40181119
40242526
40304122
40365566
40426966
40488380
40549756
40611161
40672553
40733974
40795384
40856772
40918182
40979570
41041076
41102459
41163830
41225275
41286665
41348090
41409452
41470848
41532272
41593711
41655075
41716492
41777960
41839338
41900768
41962141
42023537
42084927
42146465
42207882
42269307
42330719
42392134
42453537
42515033
42576409
42637860
42699275
42760694
42822117
42883504
42944916
43006286
43067672
43129054
43190442
43251949
43313337
43374714
43436262
43497619
43559042
43620443
43681930
43743321
43804879
43866277
43927694
43989223
44050617
44112070
44173465
44234891
44296306
44357691
44419060
44480415
44541792
44603144
44664578
44726019
44787401
44848760
44910180
44971574
45032944
45094335
45155905
45217276
45278699
45340075
45401517
45462988
45524386
45585763
45647152
45708556
45769948
45831328
45892705
45954083
46015486
46076973
46138360
46199750
46261135
46322537
46383895
46445279
46506726
46568110
46629474
46690862
46752304
46813683
46875051
46936454
46997823
47059200
47120622
47181997
47243452
47304840
47366454
47427841
47489221
47550608
47611983
47673377
47734919
47796348
47857731
47919095
47980487
48041882
48103279
48164883
48226307
48287728
48349281
48410690
48472109
48533536
48594933
48656334
48717781
48779212
48840607
48902066
48963608
49025064
49086606
49148064
49209533
49270944
49332383
49393746
49455208
49516655
49578071
49639436
49700824
49762267
49823724
49885142
49946646
50008045
50069516
50130879
50192262
50253744
50315097
50376508
50437940
50499359
50560882
50622319
50683762
50745118
50806534
50867954
50929354
50990770
51052136
51113527
51175013
51236385
51297818
51359185
51420600
51481997
51543466
51604867
51666250
51727670
51789043
51850434
51911868
51973270
52034729
52096107
52157504
52218927
52280319
52341719
52403094
52464524
52525963
52587412
52648792
52710163
52771636
52833035
52894398
52955879
53017253
53078606
53140001
53201384
53262877
53324251
53385623
53446984
53508410
53569825
53631241
53692689
53754102
53815470
53876837
53938224
53999654
54061281
54122686
54184046
54245518
54306877
54368205
54429651
54491027
54552435
54613826
54675289
54736663
54798036
54859423
54920820
54982305
55043731
55105113
55166493
55227972
55289752
55351114
55412518
55473921
55535301
55596710
55658061
55719466
55780844
55842229
55903622
55965002
56026384
56087744
56149279
56210797
56272150
56333497
56394858
56456350
56517786
56579113
56640494
56701855
56763254
56824609
56886005
56947347
57009117
57070472
57131875
57193396
57254817
57316263
57377669
57439064
57500629
57562135
57623572
57684972
57746384
57807782
57869204
57930633
57992102
58053473
58114843
58176250
58237610
58299011
58360388
58421809
58483214
58544575
58605990
58667390
58728776
58790204
58851568
58912940
58974319
59035730
59097114
59158542
59219935
59281367
59342833
59404233
59465800
59527108
59588477
59649899
59711271
59772642
59834034
59895499
59956906
60018275
60079671
60141052
60202426
60263863
60325412
60386857
60448259
60509622
60571016
60632416
60693945
60755363
60816768
60878152
60939552
61000928
61062321
61123716
61185134
61246496
61307976
61369418
61430889
61492304
