92592
153962
215359
276787
338198
399605
461006
522371
583771
645231
706584
767963
829419
890858
952232
1013613
1074993
1136412
1197811
1259199
1320629
1382146
1443519
1504925
1566331
1627716
1689125
1750517
1811910
1873350
1934819
1996278
2057722
2119212
2180813
2242274
2303677
2365049
2426436
2487820
2549187
2610588
2671965
2733340
2794721
2856189
2917654
2979034
3040418
3101831
3163229
3224627
3286081
3347452
3408826
3470260
3531696
3593102
3654500
3716025
3777312
3838700
3900088
3961473
4022878
4084261
4145717
4207200
4268625
4330055
4391436
4452834
4514278
4575795
4637150
4698609
4759974
4821360
4882881
4944395
5005810
5067225
5128589
5190009
5251395
5312810
5374187
5435559
5496986
5558350
5619709
5681099
5742685
5804060
5865449
5926845
5988246
6049599
6111161
6172621
6234055
6295455
6356909
6418277
6479669
6541121
6602469
6663931
6725316
6786700
6848080
6909511
6971004
7032386
7093820
7155209
7216597
7277962
7339325
7400712
7462094
7523482
7584977
7646545
7707960
7769328
7830693
7892094
7953516
8014876
8076267
8137656
8199058
8260475
8321863
8383249
8444751
8506178
8567647
8629079
8690484
8751875
8813726
8874793
8936178
8997579
9058955
9120340
9181719
9243064
9304432
9365845
9427259
9488607
9549987
9611320
9672801
9734248
9795612
9857007
9918407
9979971
10041355
10102732
10164106
10225500
10286891
10348312
10409800
10471173
10532552
10593939
10655447
10716891
10778331
10839709
10901231
10962951
11024342
11085739
11147176
11208628
11270009
11331455
11392894
11454280
11515702
11577079
11638483
11699943
11761420
11822825
11884248
11945597
12006975
12068618
12129990
12191366
12252772
12314147
12375704
12437082
12498470
12560084
12621505
12682906
12744277
12805686
12867129
12928591
12990011
13051445
13112878
13174368
13235635
13297037
13358420
13419796
13481199
13542561
13603925
13665353
13726729
13788598
13849793
13911191
13972613
14033976
14095346
14156841
14218227
14279696
14341108
14402541
14463939
14525333
14586754
14648133
14709581
14771025
14832790
14894175
14955586
15017009
15078409
15139864
15201250
15262626
15324057
15385465
15446878
15508269
15569697
15631067
15692475
15753981
15815429
15876832
15938200
15999596
16061064
16122458
16184094
16245511
16306845
16368300
16429692
16491089
16552499
16613881
16675316
16736689
16798117
16859591
16920953
16982355
17043727
17105086
17166449
17227891
17289303
17350744
17412144
17473554
17535218
17596607
17657999
17719394
17780829
17842213
17903578
17964927
18026341
18087783
18149220
18210645
18272077
18333537
18394942
18456366
18517785
18579216
18640573
18702014
18763387
18824776
18886174
18947572
19008990
19070387
19131772
19193189
19254572
19315971
19377366
19438733
19500112
19561499
19622873
19684209
19745633
19807040
19868430
19929843
19991254
20052624
20114039
20175591
20237013
20298447
20359819
20421305
20482685
20544058
20605492
20666871
20728309
20789730
20851116
20912516
20973912
21035314
21096707
21158100
21219494
21280872
21342245
21403637
21465004
21526541
21587929
21649330
21710815
21772196
21833615
21895009
21956386
22017867
22079176
22140551
22201967
22263454
22324872
22386267
22447668
22509086
22570580
22632011
22693415
22754824
22816240
22877624
22939034
23000462
23061961
23123367
23184931
23246315
23307738
23369115
23430529
23491884
23553250
23614621
23676080
23737387
23798855
23860214
23921580
23982982
24044432
24105856
24167251
24228708
24290095
24351488
24412928
24474360
24535714
24597072
24658489
24719879
24781275
24842713
24904094
24965493
25026943
25088369
25149761
25211143
25272571
25333958
25395421
25456797
25518194
25579576
25640958
25702413
25763752
25825185
25886609
25947972
26009371
26070763
26132149
26193527
26254921
26316318
26377677
26439080
26500454
26561958
26623335
26684728
26746436
26807621
26869070
26930440
26991842
27053297
27114674
27176085
27237473
27298932
27360335
27421749
27483135
27544554
27605963
27667360
27728797
27790326
27851728
27913153
27974562
28035979
28097394
28158882
28220277
28281749
28343139
28404549
28466014
28527543
28588964
28650353
28711727
28773185
28834562
28895951
28957374
29018788
29080232
29141691
29203089
29264575
29325961
29387354
29448802
29510215
29571604
29633025
29694421
29755790
29817151
29878552
29939962
30001481
30062863
30124269
30185711
30247107
30308612
30369995
30431376
30492772
30554183
30615547
30676941
30738452
30799837
30861247
30922646
30984046
31045446
31107053
31168424
31229809
31291173
31352548
31413955
31475586
31537153
31598525
31659836
31721216
31782601
31844023
31905398
31966774
32028139
32089639
32151018
32212419
32273796
32335175
32396605
32458019
32519405
32580828
32642227
32703605
32765060
32826408
32887785
32949183
33010657
33072059
33133454
33194877
33256237
33317669
33379092
33440515
33501909
33563291
33624713
33686090
33747490
33808867
33870288
33931685
33993056
34054513
34115909
34177321
34238745
34300113
34361495
34422924
34484358
34545806
34607181
34668580
34730003
34791389
34852793
34914187
34975621
35037037
35098457
35159879
35221343
35282725
35344160
35405732
35467087
35528581
35590163
35651552
35712916
35774314
35835717
35897078
35958511
36019941
36081342
36142747
36204207
36265598
36326994
36388411
36450162
36511551
36572981
36634366
36695822
36757225
36818594
36879973
36941357
37002747
37064207
37125562
37187024
37248459
37309933
37371323
37432712
37494079
37555470
37617106
37678488
37739899
37801328
37862710
37924086
37985489
38046932
38108361
38169775
38231177
38292671
38354067
38415551
38477089
38538556
38599995
38661383
38722794
38784184
38845607
38906991
38968351
39029759
39091175
39152607
39214010
39275377
39336810
39398131
39459610
39521120
39582543
39643960
39705266
39766665
39828013
39889563
39951031
40012380
40073802
40135200
40196605
40258208
40319646
40381048
40442459
40503835
40565241
40626632
40688053
40749463
40810853
40872264
40933649
40995156
41056540
41117911
41179355
41240744
41302170
41363529
41424925
41486353
41547789
41609153
41670571
41732044
41793418
41854848
41916219
41977616
42039011
42100544
42161963
42223386
42284800
42346211
42407616
42469112
42530485
42591939
42653357
42714772
42776196
42837584
42898992
42960363
43021750
43083135
43144524
43206032
43267420
43328792
43390342
43451699
43513120
43574520
43636010
43697401
43758959
43820352
43881773
43943304
44004697
44066148
44127544
44188972
44250383
44311767
44373144
44434495
44495873
44557223
44618661
44680098
44741486
44802835
44864266
44925652
44987024
45048416
45109987
45171357
45232779
45294156
45355596
45417065
45478469
45539839
45601230
45662638
45724029
45785411
45846783
45908151
45969568
46031053
46092443
46153827
46215217
46276617
46337975
46399355
46460806
46522192
46583553
46644940
46706384
46767766
46829131
46890533
46951906
47013280
47074708
47136072
47197530
47258922
47320534
47381924
47443301
47504688
47566064
47627455
47689008
47750427
47811809
47873174
47934561
47995961
48057355
48118961
48180388
48241808
48303359
48364770
48426187
48487616
48549012
48610414
48671864
48733291
48794688
48856147
48917689
48979145
49040686
49102143
49163616
49225024
49286466
49347829
49409291
49470733
49532151
49593517
49654899
49716345
49777803
49839223
49900731
49962124
50023628
50084958
50146343
50207825
50269176
50330589
50392017
50453440
50514964
50576398
50637840
50699197
50760612
50822032
50883430
50944848
51006224
51067606
51129091
51190466
51251898
51313264
51374681
51436079
51497550
51558955
51620331
51681743
51743126
51804511
51865949
51927349
51988810
52050186
52111586
52173009
52234401
52295798
52357176
52418610
52480036
52541491
52602870
52664245
52725717
52787116
52848476
52909957
52971325
53032689
53094082
53155465
53216958
53278336
53339703
53401065
53462490
53523903
53585323
53646769
53708182
53769549
53830913
53892302
53953733
54015358
54076766
54138129
54199605
54260958
54322287
54383731
54445106
54506515
54567909
54629370
54690737
54752116
54813510
54874899
54936390
54997814
55059190
55120575
55182088
55243830
55305193
55366601
55428002
55489380
55550791
55612141
55673542
55734926
55796309
55857696
55919083
55980457
56041821
56103361
56164875
56226232
56287577
56348937
56410429
56471864
56533191
56594575
56655934
56717331
56778690
56840087
56901430
56963157
57024552
57085951
57147475
57208900
57270341
57331748
57393146
57454709
57516216
57577654
57639049
57700464
57761876
57823284
57884714
57946180
58007552
58068930
58130332
58191688
58253088
58314472
58375889
58437294
58498667
58560066
58621469
58682857
58744296
58805645
58867023
58928401
58989807
59051192
59112623
59174014
59235448
59296915
59358313
59419879
59481189
59542558
59603981
59665349
59726725
59788114
59849574
59910989
59972353
60033752
60095130
60156503
60217943
60279495
60340939
60402340
60463702
60525094
60586493
60648023
60709445
60770848
60832233
60893631
60955007
61016398
61077793
61139211
61200577
61262056
61323499
61384968
61446385
