24475 0 0 0
24405 40 0 0
24447 0 0 0
24449 0 0 0
24516 0 0 0
24444 0 0 0
24446 0 0 0
24440 6 0 0
24447 0 0 0
24446 0 0 0
24514 0 5 5
24453 0 0 0
24476 0 0 0
24446 0 0 0
24502 0 3 3
24452 0 0 0
24327 117 0 0
24405 38 0 0
24451 0 0 0
24443 0 0 0
24451 0 0 0
24373 69 0 0
24380 62 0 0
24461 0 0 0
24463 0 0 0
24447 0 0 0
24400 52 0 0
24397 54 0 0
24441 0 0 0
24468 0 0 0
24458 0 0 0
24388 52 0 0
24440 0 0 0
24457 0 0 0
24439 1 0 0
24454 0 0 0
24461 0 0 0
24456 0 0 0
24440 0 0 0
24464 0 0 0
24459 0 0 0
24657 0 0 0
24445 0 0 0
24514 0 0 0
24557 0 0 0
24449 0 0 0
24440 0 0 0
24431 12 0 0
24445 0 0 0
24467 0 0 0
24465 0 0 0
24507 0 0 0
24516 0 0 0
24435 12 0 0
24443 0 0 0
24450 0 0 0
24442 0 0 0
24470 4 0 0
24441 0 0 0
24436 0 0 0
24506 0 2 2
24445 0 0 0
24400 42 0 0
24393 54 0 0
24450 0 0 0
24446 0 0 0
24451 0 0 0
24375 59 0 0
24356 86 0 0
24503 0 0 0
24440 0 0 0
24467 0 0 0
24401 43 0 0
24439 40 0 0
24446 0 0 0
24439 0 0 0
24441 0 0 0
24487 0 0 0
24436 8 0 0
24456 0 0 0
24457 0 0 0
24441 0 0 0
24480 0 0 0
24447 0 0 0
24442 0 0 0
24456 0 1 1
24442 0 0 0
24443 0 1 1
24445 0 0 0
24442 0 0 0
24444 0 0 0
24450 0 0 0
24460 0 0 0
24442 0 0 0
24521 0 0 0
24454 0 0 0
24432 0 0 0
24466 0 0 0
24456 0 0 0
24470 0 0 0
24445 0 0 0
24471 0 0 0
24469 0 0 0
24444 0 0 0
24482 0 0 0
24442 0 0 0
24440 0 0 0
24447 0 0 0
24452 0 0 0
24443 0 0 0
24451 0 0 0
24442 0 0 0
24450 0 0 0
24442 0 0 0
24442 0 0 0
24500 0 6 6
24453 0 0 0
24500 0 1 1
24440 0 0 0
24443 0 0 0
24283 160 0 0
24441 0 0 0
24443 0 0 0
24369 71 0 0
24371 66 0 0
24441 0 0 0
24447 0 0 0
24451 0 0 0
24399 42 0 0
24411 65 0 0
24443 0 0 0
24446 0 0 0
24441 0 0 0
24383 60 0 0
24389 66 0 0
24431 12 0 0
24452 0 0 0
24448 0 0 0
24453 0 0 0
24345 127 0 0
24438 0 0 0
24429 22 0 0
24454 0 0 0
24459 0 0 0
24441 0 0 0
24450 0 0 0
24500 0 0 0
24441 0 0 0
24441 0 0 0
24438 1 0 0
24440 5 0 0
24437 0 0 0
24455 0 0 0
24444 0 0 0
24453 0 0 0
24473 0 0 0
24443 0 0 0
24443 0 0 0
24448 0 0 0
24448 0 0 0
24457 0 0 0
24457 0 0 0
24470 0 0 0
24449 0 0 0
24446 0 0 0
24445 0 0 0
24512 0 2 2
24457 0 0 0
24444 0 0 0
24436 0 0 0
24442 0 0 0
24455 0 0 0
24446 0 0 0
24446 0 0 0
24427 25 0 0
24443 0 0 0
24444 0 0 0
24440 0 0 0
24443 0 0 0
24432 0 0 0
24448 2 0 0
24469 2 0 0
24443 0 0 0
24447 0 0 0
24441 0 0 0
24443 0 0 0
24467 0 0 0
24434 0 0 0
24449 0 0 0
24440 0 0 0
24447 0 0 0
24427 15 0 0
24344 95 0 0
24500 0 1 1
24442 0 0 0
24516 0 0 0
24443 0 0 0
24511 0 0 0
24445 0 0 0
24447 0 0 0
24447 0 0 0
24448 0 0 0
24388 57 0 0
24460 0 0 0
24390 58 0 0
24426 59 0 0
24444 0 0 0
24451 0 0 0
24456 0 0 0
24402 40 0 0
24439 4 0 0
24444 0 0 0
24442 0 0 0
24452 0 0 0
24451 0 0 0
24464 0 0 0
24462 0 0 0
24435 7 0 0
24458 0 0 0
24442 0 0 0
24351 99 0 0
24438 62 0 0
24443 0 0 0
24442 0 0 0
24517 0 5 5
24495 44 0 0
24441 0 0 0
24445 0 0 0
24446 0 0 0
24469 0 0 0
24447 0 0 0
24442 0 0 0
24459 0 0 0
24446 0 0 0
24443 0 0 0
24447 0 0 0
24448 0 0 0
24443 0 0 0
24453 0 0 0
24334 109 0 0
24375 74 0 0
24448 0 0 0
24451 0 0 0
24438 0 0 0
24443 0 0 0
24466 0 0 0
24447 0 0 0
24430 16 0 0
24484 0 0 0
24450 0 0 0
24500 0 0 0
24433 11 0 0
24426 13 0 0
24444 0 0 0
24254 193 0 0
24453 0 0 0
24459 0 0 0
24441 0 0 0
24440 0 0 0
24440 0 0 0
24472 0 0 0
24441 0 0 0
24446 0 0 0
24440 0 0 0
24442 0 0 0
24444 0 0 0
24454 0 1 1
24456 0 0 0
24449 0 0 0
24469 0 0 0
24460 0 0 0
24472 0 0 0
24448 0 0 0
24446 0 0 0
24480 0 0 0
24503 0 1 1
24450 0 0 0
24441 0 0 0
24448 0 0 0
24440 0 0 0
24450 0 0 0
24466 0 0 0
24445 0 0 0
24425 16 0 0
24443 0 0 0
24444 0 0 0
24449 0 0 0
24442 0 0 0
24444 0 0 0
24441 0 0 0
24442 0 0 0
24455 0 0 0
24440 6 0 0
24441 0 0 0
24443 0 0 0
24453 0 0 0
24444 0 0 0
24451 0 0 0
24441 0 0 0
24439 0 0 0
24442 0 0 0
24473 0 0 0
24440 0 0 0
24502 0 0 0
24574 0 4 4
24501 0 1 1
24447 0 0 0
24404 40 0 0
24436 12 0 0
24447 0 0 0
24442 0 0 0
24470 0 0 0
24442 10 0 0
24469 0 0 0
24442 0 0 0
24441 0 0 0
24462 0 0 0
24310 138 0 0
24444 0 0 0
24468 0 0 0
24463 0 0 0
24448 0 0 0
24448 0 0 0
24444 0 0 0
24447 0 0 0
24443 0 0 0
24447 0 0 0
24449 11 0 0
24503 0 1 1
24442 0 0 0
24583 0 1 1
24002 441 0 0
24361 80 0 0
24464 0 0 0
24449 0 0 0
24446 0 0 0
24440 0 0 0
24479 0 0 0
24426 20 0 0
24445 0 0 0
24437 0 0 0
24455 0 0 0
24431 10 0 0
24446 0 0 0
24440 0 0 0
24457 0 0 0
24443 0 0 0
24366 77 0 0
24377 64 0 0
24440 0 0 0
24438 12 0 0
24435 0 0 0
24383 67 0 0
24380 68 0 0
24499 0 0 0
24473 0 0 0
24442 0 0 0
24377 66 0 0
24484 67 0 0
24478 0 0 0
24535 0 0 0
24296 153 0 0
24440 6 0 0
24451 0 0 0
24449 0 0 0
24445 0 0 0
24446 0 0 0
24451 0 0 0
24464 0 0 0
24480 0 0 0
24495 0 0 0
24445 0 0 0
24451 0 0 0
24449 0 0 0
24446 0 0 0
24457 0 0 0
24448 0 0 0
24463 0 0 0
24443 0 0 0
24414 15 0 0
24446 0 0 0
24465 0 0 0
24503 0 1 1
24434 7 0 0
24492 13 0 0
24443 0 0 0
24446 0 0 0
24444 0 0 0
24453 0 0 0
24425 17 0 0
24488 0 0 0
24439 0 0 0
24444 0 0 0
24405 52 0 0
24403 67 0 0
24498 0 0 0
24454 0 0 0
24457 0 0 0
24389 56 0 0
24389 66 0 0
24417 29 0 0
24450 0 0 0
24469 0 0 0
24411 41 0 0
24387 64 0 0
24454 0 0 0
24429 17 0 0
24443 0 0 0
24450 0 0 0
24499 0 0 0
24447 0 0 0
24443 0 0 0
24443 0 0 0
24452 0 0 0
24440 0 0 0
24459 0 0 0
24438 0 0 0
24393 47 0 0
24450 0 0 0
24444 0 0 0
24440 0 0 0
24444 0 0 0
24525 0 0 0
24444 0 0 0
24443 0 0 0
24443 0 0 0
24470 0 0 0
24446 0 0 0
24443 6 0 0
24453 0 0 0
24449 0 0 0
24454 0 0 0
24456 0 0 0
24505 0 4 4
24446 0 0 0
24501 0 9 9
24506 0 0 0
24442 0 0 0
24437 0 0 0
24421 0 0 0
24446 0 0 0
24447 0 0 0
24479 0 0 0
24435 0 0 0
24451 0 0 0
24439 12 0 0
24445 0 0 0
24440 0 0 0
24443 0 0 0
24501 0 0 0
24187 394 0 0
24441 0 0 0
24417 0 0 0
24442 0 0 0
24445 0 0 0
24442 0 0 0
24443 0 0 0
24394 46 0 0
24460 39 1 1
24452 10 0 0
24435 0 0 0
24439 0 0 0
24481 0 0 0
24441 0 0 0
24409 96 4 4
24435 0 0 0
24442 0 0 0
24461 0 0 0
24442 0 0 0
24441 0 0 0
24441 0 0 0
24441 0 0 0
24441 0 0 0
24448 0 0 0
24489 0 0 0
24446 0 0 0
24446 0 0 0
24471 0 0 0
24431 12 0 0
24445 0 0 0
24303 142 0 0
24480 0 0 0
24425 0 0 0
24503 0 0 0
24446 0 0 0
24439 0 1 1
24448 16 0 0
24481 0 0 0
24502 0 0 0
24558 0 0 0
24446 0 0 0
24506 0 0 0
24444 0 0 0
24373 70 0 0
24451 0 0 0
24461 15 0 0
24454 0 0 0
24445 0 0 0
24442 0 0 0
24443 0 0 0
24491 0 0 0
24437 7 0 0
24447 0 0 0
24440 0 0 0
24463 0 0 0
24442 0 0 0
24538 0 0 0
24475 0 0 0
24449 0 0 0
24442 0 0 0
24447 0 0 0
24442 0 0 0
24445 0 0 0
24475 26 0 0
24449 0 0 0
24466 0 1 1
24443 0 0 0
24460 0 1 1
24442 0 0 0
24450 0 0 0
24431 12 0 0
24439 2 0 0
24449 0 0 0
24446 0 0 0
24445 0 0 0
24427 0 0 0
24442 2 0 0
24498 0 0 0
24446 0 0 0
24445 0 0 0
24444 0 0 0
24482 0 0 0
24439 0 0 0
24446 0 0 0
24449 0 0 0
24447 0 0 0
24458 0 0 0
24442 0 0 0
24454 0 0 0
24442 0 0 0
24441 0 0 0
24443 0 0 0
24457 0 0 0
24455 0 0 0
24502 0 0 0
24444 0 0 0
24455 0 0 0
24441 0 0 0
24448 0 0 0
24510 0 0 0
24449 0 0 0
24449 0 0 0
24440 0 0 0
24440 0 0 0
24441 0 0 0
24394 62 0 0
24393 58 0 0
24442 0 0 0
24440 0 0 0
24447 0 0 0
24382 59 0 0
24390 61 0 0
24442 0 0 0
24442 0 0 0
24454 0 0 0
24445 0 0 0
24419 61 0 0
24394 48 0 0
24514 0 0 0
24441 0 0 0
24444 0 0 0
24581 3 0 0
24445 0 0 0
24444 0 0 0
24497 0 0 0
24444 0 0 0
24442 0 0 0
24460 2 0 0
24471 0 0 0
24447 0 0 0
24459 0 0 0
24466 0 0 0
24443 0 0 0
24441 0 0 0
24438 0 0 0
24454 0 0 0
24454 0 0 0
24453 0 0 0
24447 0 0 0
24459 0 0 0
24520 0 1 1
24448 0 0 0
24447 0 0 0
24443 0 1 1
24445 0 0 0
24442 0 0 0
24408 35 0 0
24500 0 0 0
24442 0 0 0
24445 0 0 0
24442 0 0 0
24382 62 0 0
24391 51 0 0
24452 0 0 0
24470 0 0 0
24447 0 0 0
24398 60 0 0
24402 49 0 0
24447 0 0 0
24459 0 0 0
24449 0 0 0
24441 0 0 0
24456 0 0 0
24451 0 0 0
24466 0 0 0
24450 0 0 0
24382 61 0 0
24408 67 0 0
24499 2 0 0
24441 0 0 0
24534 0 5 5
24442 0 0 0
24396 47 0 0
24390 51 0 0
24425 0 0 0
24444 0 0 0
24290 169 0 0
24327 111 0 0
24400 69 0 0
24440 0 0 0
24458 0 0 0
24472 0 0 0
24448 0 0 0
24482 0 0 0
24452 0 0 0
24444 0 0 0
24460 0 0 0
24419 22 0 0
24450 0 0 0
24451 0 0 0
24446 0 0 0
24466 0 0 0
24450 0 0 0
24443 0 0 0
24531 0 0 0
24482 0 1 1
24502 0 3 3
24452 0 0 0
24475 0 0 0
24458 0 0 0
24507 0 0 0
24500 0 1 1
24455 0 0 0
24464 0 1 1
24435 12 0 0
24457 0 0 0
24437 0 0 0
24450 0 0 0
24432 11 0 0
24438 8 0 0
24447 0 0 0
24444 0 0 0
24441 0 0 0
24445 0 0 0
24445 0 0 0
24440 0 0 0
24459 0 0 0
24385 59 0 0
24457 43 0 0
24451 0 0 0
24463 0 0 0
24443 0 0 0
24373 68 1 1
24386 59 0 0
24432 9 0 0
24450 13 0 0
24442 0 0 0
24444 0 0 0
24444 0 0 0
24446 0 0 0
24492 0 0 0
24441 0 0 0
24442 0 0 0
24443 0 0 0
24426 15 0 0
24440 0 0 0
24439 0 0 0
24444 0 0 0
24443 3 0 0
24442 0 0 0
24440 0 0 0
24438 0 0 0
24441 0 0 0
24452 0 0 0
24442 0 0 0
24425 0 0 0
24446 0 0 0
24471 0 0 0
24433 9 1 1
24444 0 0 0
24525 0 0 0
24442 0 0 0
24441 0 0 0
24442 0 0 0
24445 0 0 0
24451 0 0 0
24456 0 0 0
24441 0 0 0
24446 0 0 0
24455 0 0 0
24445 0 0 0
24443 0 0 0
24449 0 0 0
24448 0 0 0
24440 0 0 0
24442 0 0 0
24458 0 0 0
24455 0 0 0
24316 135 0 0
24440 0 0 0
24448 0 0 0
24478 0 0 0
24440 0 0 0
24447 0 0 0
24459 0 0 0
24444 0 0 0
24423 19 0 0
24469 32 1 1
24417 0 0 0
24458 0 0 0
24437 0 0 0
24509 0 0 0
24449 0 0 0
24463 0 0 0
24456 0 0 0
24449 6 0 0
24437 17 0 0
24443 0 0 0
24463 0 0 0
24444 0 0 0
24446 0 0 0
24425 0 0 0
24446 0 0 0
24440 0 0 0
24441 0 0 0
24448 0 0 0
24454 0 0 0
24453 0 0 0
24457 0 0 0
24439 0 0 0
24501 0 0 0
24466 1 0 0
24500 0 1 1
24441 0 0 0
24443 0 0 0
24439 15 0 0
24442 0 0 0
24440 0 0 0
24494 0 0 0
24446 0 0 0
24455 0 0 0
24453 0 0 0
24451 0 0 0
24440 0 0 0
24368 76 0 0
24404 54 0 0
24443 0 0 0
24507 0 3 3
24529 0 0 0
24396 55 0 0
24392 56 0 0
24454 2 0 0
24472 1 0 0
24448 0 0 0
24393 50 0 0
24384 62 0 0
24441 2 0 0
24467 0 0 0
24441 4 0 0
24478 0 5 5
24453 0 0 0
24440 0 0 0
24439 3 0 0
24441 0 0 0
24440 0 0 0
24483 17 0 0
24442 0 0 0
24469 0 0 0
24482 0 0 0
24476 0 0 0
24440 0 0 0
24446 0 0 0
24448 0 0 0
24446 0 0 0
24443 0 0 0
24443 0 0 0
24674 0 0 0
24433 12 0 0
24462 0 0 0
24471 0 0 0
24451 0 0 0
24440 0 0 0
24445 0 0 0
24690 0 0 0
24451 0 0 0
24450 0 0 0
24439 1 0 0
24559 0 0 0
24444 0 0 0
24443 0 0 0
24443 0 0 0
24422 0 0 0
24345 101 0 0
24437 1 0 0
24456 0 0 0
24441 6 0 0
24448 0 0 0
24447 0 0 0
24437 2 0 0
24441 0 0 0
24504 0 0 0
24443 0 0 0
24445 0 0 0
24455 0 0 0
24457 0 0 0
24393 47 0 0
24425 43 0 0
24407 19 0 0
24454 0 0 0
24450 0 0 0
24416 40 0 0
24415 42 0 0
24443 0 0 0
24442 0 0 0
24445 0 0 0
24377 71 0 0
24389 50 0 0
24450 3 0 0
24447 0 0 0
24441 0 0 0
24459 0 0 0
24443 0 0 0
24441 0 0 0
24439 0 0 0
24439 0 0 0
24439 0 0 0
24443 0 0 0
24439 0 0 0
24443 0 0 0
24446 0 0 0
24440 0 0 0
24447 0 0 0
24465 0 0 0
24444 0 0 0
24443 0 0 0
24451 0 0 0
24434 72 0 0
24407 51 0 0
24505 0 0 0
24442 0 0 0
24501 0 5 5
24387 66 0 0
24515 46 0 0
24444 0 0 0
24441 0 0 0
24470 0 0 0
24228 217 0 0
24376 65 0 0
24439 0 0 0
24446 0 0 0
24446 0 0 0
24479 0 0 0
24436 0 0 0
24441 0 0 0
24436 0 0 0
24440 0 0 0
24443 0 0 0
24452 0 0 0
24455 0 0 0
24287 155 0 0
24442 0 0 0
24452 0 0 0
24454 0 0 0
24481 20 0 0
24454 0 0 0
24446 0 0 0
24509 0 0 0
24442 0 0 0
24437 0 0 0
24445 0 0 0
24442 0 0 0
24440 0 0 0
24445 1 0 0
24441 0 0 0
24165 278 0 0
24441 0 0 0
24370 74 0 0
24254 195 0 0
24446 0 0 0
24441 0 0 0
24446 0 0 0
24449 0 0 0
24449 0 0 0
24442 0 0 0
24442 0 0 0
24442 0 0 0
24471 0 0 0
24412 32 0 0
24442 0 1 1
24444 0 0 0
24447 0 0 0
24442 0 0 0
24303 138 0 0
24529 0 0 0
24441 0 0 0
24447 0 0 0
24582 0 0 0
24450 0 0 0
24458 0 0 0
24438 0 0 0
24464 0 0 0
24441 0 0 0
24441 0 0 0
24443 0 0 0
24464 0 0 0
24481 0 0 0
24460 0 0 0
24438 4 0 0
24394 47 0 0
24444 0 0 0
24462 0 0 0
24465 0 0 0
24461 0 0 0
24451 0 0 0
24442 0 0 0
24453 0 0 0
24474 0 0 0
24474 0 0 0
24465 0 0 0
24441 0 0 0
24446 0 0 0
24443 0 0 0
24505 0 1 1
24452 0 0 0
24461 0 0 0
24446 0 0 0
24441 0 0 0
24447 0 0 0
24447 0 0 0
24449 0 0 0
24443 0 0 0
24442 0 0 0
24441 0 0 0
24445 0 0 0
24457 0 0 0
24441 0 0 0
24452 0 0 0
24427 0 0 0
24401 48 0 0
24450 0 0 0
24442 0 0 0
24441 0 0 0
24404 39 0 0
24435 68 0 0
24501 0 0 0
24469 0 0 0
24439 0 0 0
24541 47 0 0
24511 56 0 0
24463 36 0 0
24450 0 0 0
24285 152 0 0
24448 0 1 1
24441 0 0 0
24454 0 0 0
24442 0 0 0
24450 0 0 0
24480 0 0 0
24445 0 0 0
24443 0 0 0
24454 0 0 0
24447 0 0 0
24444 0 0 0
24431 11 0 0
24458 16 0 0
24452 0 0 0
24445 0 0 0
24444 0 0 0
24448 0 0 0
24458 0 0 0
24452 0 0 0
24449 0 0 0
24446 0 0 0
24499 0 3 3
24455 0 0 0
24608 0 0 0
24433 14 0 0
24463 0 0 0
24319 132 0 0
24415 33 0 0
